language,html_url,date,all-commits,committer,commits
Python,https://github.com/hyperspy/hyperspy,2010-11-15,8.0,rank-0,8
Python,https://github.com/hyperspy/hyperspy,2010-11-16,11.0,rank-0,11
Python,https://github.com/hyperspy/hyperspy,2010-11-17,18.0,rank-0,18
Python,https://github.com/hyperspy/hyperspy,2010-11-18,28.0,rank-0,28
Python,https://github.com/hyperspy/hyperspy,2010-11-19,34.0,rank-0,34
Python,https://github.com/hyperspy/hyperspy,2010-11-23,35.0,rank-0,35
Python,https://github.com/hyperspy/hyperspy,2010-11-29,37.0,rank-0,37
Python,https://github.com/hyperspy/hyperspy,2010-11-30,43.0,rank-0,43
Python,https://github.com/hyperspy/hyperspy,2010-12-01,46.0,rank-0,46
Python,https://github.com/hyperspy/hyperspy,2010-12-02,47.0,rank-0,47
Python,https://github.com/hyperspy/hyperspy,2010-12-03,48.0,rank-0,48
Python,https://github.com/hyperspy/hyperspy,2010-12-04,50.0,rank-0,50
Python,https://github.com/hyperspy/hyperspy,2010-12-05,51.0,rank-0,51
Python,https://github.com/hyperspy/hyperspy,2010-12-06,52.0,rank-0,52
Python,https://github.com/hyperspy/hyperspy,2010-12-07,54.0,rank-0,54
Python,https://github.com/hyperspy/hyperspy,2010-12-09,61.0,rank-0,60
Python,https://github.com/hyperspy/hyperspy,2010-12-12,62.0,rank-0,61
Python,https://github.com/hyperspy/hyperspy,2010-12-13,65.0,rank-0,64
Python,https://github.com/hyperspy/hyperspy,2010-12-14,70.0,rank-0,69
Python,https://github.com/hyperspy/hyperspy,2010-12-15,72.0,rank-0,71
Python,https://github.com/hyperspy/hyperspy,2010-12-16,73.0,rank-0,72
Python,https://github.com/hyperspy/hyperspy,2010-12-18,77.0,rank-0,76
Python,https://github.com/hyperspy/hyperspy,2011-01-08,79.0,rank-0,76
Python,https://github.com/hyperspy/hyperspy,2011-01-09,81.0,rank-0,76
Python,https://github.com/hyperspy/hyperspy,2011-01-18,82.0,rank-0,77
Python,https://github.com/hyperspy/hyperspy,2011-01-23,83.0,rank-0,77
Python,https://github.com/hyperspy/hyperspy,2011-01-25,85.0,rank-0,79
Python,https://github.com/hyperspy/hyperspy,2011-01-26,88.0,rank-0,82
Python,https://github.com/hyperspy/hyperspy,2011-01-28,93.0,rank-0,87
Python,https://github.com/hyperspy/hyperspy,2011-01-31,94.0,rank-0,88
Python,https://github.com/hyperspy/hyperspy,2011-02-01,97.0,rank-0,91
Python,https://github.com/hyperspy/hyperspy,2011-02-02,100.0,rank-0,94
Python,https://github.com/hyperspy/hyperspy,2011-02-03,104.0,rank-0,96
Python,https://github.com/hyperspy/hyperspy,2011-02-04,105.0,rank-0,97
Python,https://github.com/hyperspy/hyperspy,2011-02-15,106.0,rank-0,98
Python,https://github.com/hyperspy/hyperspy,2011-02-16,109.0,rank-0,99
Python,https://github.com/hyperspy/hyperspy,2011-02-18,111.0,rank-0,101
Python,https://github.com/hyperspy/hyperspy,2011-02-23,112.0,rank-0,102
Python,https://github.com/hyperspy/hyperspy,2011-03-01,117.0,rank-0,107
Python,https://github.com/hyperspy/hyperspy,2011-03-02,120.0,rank-0,110
Python,https://github.com/hyperspy/hyperspy,2011-03-03,123.0,rank-0,113
Python,https://github.com/hyperspy/hyperspy,2011-03-04,129.0,rank-0,119
Python,https://github.com/hyperspy/hyperspy,2011-03-08,130.0,rank-0,120
Python,https://github.com/hyperspy/hyperspy,2011-03-09,134.0,rank-0,124
Python,https://github.com/hyperspy/hyperspy,2011-03-10,135.0,rank-0,124
Python,https://github.com/hyperspy/hyperspy,2011-03-11,136.0,rank-0,125
Python,https://github.com/hyperspy/hyperspy,2011-03-12,139.0,rank-0,125
Python,https://github.com/hyperspy/hyperspy,2011-03-13,158.0,rank-0,137
Python,https://github.com/hyperspy/hyperspy,2011-03-14,161.0,rank-0,137
Python,https://github.com/hyperspy/hyperspy,2011-03-15,165.0,rank-0,137
Python,https://github.com/hyperspy/hyperspy,2011-03-18,169.0,rank-0,141
Python,https://github.com/hyperspy/hyperspy,2011-03-21,173.0,rank-0,144
Python,https://github.com/hyperspy/hyperspy,2011-03-22,193.0,rank-0,157
Python,https://github.com/hyperspy/hyperspy,2011-03-23,209.0,rank-0,171
Python,https://github.com/hyperspy/hyperspy,2011-03-28,217.0,rank-0,179
Python,https://github.com/hyperspy/hyperspy,2011-03-29,225.0,rank-0,187
Python,https://github.com/hyperspy/hyperspy,2011-03-30,232.0,rank-0,191
Python,https://github.com/hyperspy/hyperspy,2011-03-31,242.0,rank-0,197
Python,https://github.com/hyperspy/hyperspy,2011-04-01,251.0,rank-0,205
Python,https://github.com/hyperspy/hyperspy,2011-04-02,256.0,rank-0,206
Python,https://github.com/hyperspy/hyperspy,2011-04-04,260.0,rank-0,206
Python,https://github.com/hyperspy/hyperspy,2011-04-05,273.0,rank-0,216
Python,https://github.com/hyperspy/hyperspy,2011-04-06,278.0,rank-0,221
Python,https://github.com/hyperspy/hyperspy,2011-04-07,289.0,rank-0,230
Python,https://github.com/hyperspy/hyperspy,2011-04-08,306.0,rank-0,242
Python,https://github.com/hyperspy/hyperspy,2011-04-11,308.0,rank-0,242
Python,https://github.com/hyperspy/hyperspy,2011-04-13,320.0,rank-0,254
Python,https://github.com/hyperspy/hyperspy,2011-04-14,326.0,rank-0,260
Python,https://github.com/hyperspy/hyperspy,2011-04-15,332.0,rank-0,266
Python,https://github.com/hyperspy/hyperspy,2011-04-20,334.0,rank-0,266
Python,https://github.com/hyperspy/hyperspy,2011-04-21,337.0,rank-0,266
Python,https://github.com/hyperspy/hyperspy,2011-04-25,339.0,rank-0,266
Python,https://github.com/hyperspy/hyperspy,2011-04-26,341.0,rank-0,266
Python,https://github.com/hyperspy/hyperspy,2011-04-28,343.0,rank-0,266
Python,https://github.com/hyperspy/hyperspy,2011-04-29,345.0,rank-0,266
Python,https://github.com/hyperspy/hyperspy,2011-05-05,347.0,rank-0,266
Python,https://github.com/hyperspy/hyperspy,2011-05-13,354.0,rank-0,266
Python,https://github.com/hyperspy/hyperspy,2011-05-16,356.0,rank-0,267
Python,https://github.com/hyperspy/hyperspy,2011-05-17,358.0,rank-0,267
Python,https://github.com/hyperspy/hyperspy,2011-05-18,361.0,rank-0,270
Python,https://github.com/hyperspy/hyperspy,2011-05-19,363.0,rank-0,270
Python,https://github.com/hyperspy/hyperspy,2011-05-20,364.0,rank-0,271
Python,https://github.com/hyperspy/hyperspy,2011-05-27,365.0,rank-0,272
Python,https://github.com/hyperspy/hyperspy,2011-06-09,369.0,rank-0,276
Python,https://github.com/hyperspy/hyperspy,2011-06-15,372.0,rank-0,276
Python,https://github.com/hyperspy/hyperspy,2011-06-22,374.0,rank-0,278
Python,https://github.com/hyperspy/hyperspy,2011-06-24,375.0,rank-0,279
Python,https://github.com/hyperspy/hyperspy,2011-06-27,380.0,rank-0,284
Python,https://github.com/hyperspy/hyperspy,2011-06-28,383.0,rank-0,287
Python,https://github.com/hyperspy/hyperspy,2011-06-30,392.0,rank-0,296
Python,https://github.com/hyperspy/hyperspy,2011-07-01,395.0,rank-0,299
Python,https://github.com/hyperspy/hyperspy,2011-07-04,398.0,rank-0,302
Python,https://github.com/hyperspy/hyperspy,2011-07-07,405.0,rank-0,302
Python,https://github.com/hyperspy/hyperspy,2011-07-08,412.0,rank-0,305
Python,https://github.com/hyperspy/hyperspy,2011-07-09,416.0,rank-0,307
Python,https://github.com/hyperspy/hyperspy,2011-07-11,431.0,rank-0,307
Python,https://github.com/hyperspy/hyperspy,2011-07-15,432.0,rank-0,307
Python,https://github.com/hyperspy/hyperspy,2011-07-18,438.0,rank-0,307
Python,https://github.com/hyperspy/hyperspy,2011-07-19,442.0,rank-0,311
Python,https://github.com/hyperspy/hyperspy,2011-07-20,454.0,rank-0,319
Python,https://github.com/hyperspy/hyperspy,2011-07-21,456.0,rank-0,320
Python,https://github.com/hyperspy/hyperspy,2011-07-22,461.0,rank-0,323
Python,https://github.com/hyperspy/hyperspy,2011-07-25,475.0,rank-0,329
Python,https://github.com/hyperspy/hyperspy,2011-07-26,487.0,rank-0,338
Python,https://github.com/hyperspy/hyperspy,2011-07-27,489.0,rank-0,339
Python,https://github.com/hyperspy/hyperspy,2011-07-28,495.0,rank-0,339
Python,https://github.com/hyperspy/hyperspy,2011-07-29,503.0,rank-0,343
Python,https://github.com/hyperspy/hyperspy,2011-08-01,522.0,rank-0,362
Python,https://github.com/hyperspy/hyperspy,2011-08-02,526.0,rank-0,366
Python,https://github.com/hyperspy/hyperspy,2011-08-03,531.0,rank-0,371
Python,https://github.com/hyperspy/hyperspy,2011-08-07,537.0,rank-0,371
Python,https://github.com/hyperspy/hyperspy,2011-08-08,547.0,rank-0,381
Python,https://github.com/hyperspy/hyperspy,2011-08-10,548.0,rank-0,381
Python,https://github.com/hyperspy/hyperspy,2011-08-12,550.0,rank-0,383
Python,https://github.com/hyperspy/hyperspy,2011-08-15,555.0,rank-0,388
Python,https://github.com/hyperspy/hyperspy,2011-08-16,561.0,rank-0,390
Python,https://github.com/hyperspy/hyperspy,2011-08-17,577.0,rank-0,402
Python,https://github.com/hyperspy/hyperspy,2011-08-18,611.0,rank-0,434
Python,https://github.com/hyperspy/hyperspy,2011-08-19,622.0,rank-0,442
Python,https://github.com/hyperspy/hyperspy,2011-08-21,646.0,rank-0,466
Python,https://github.com/hyperspy/hyperspy,2011-08-22,659.0,rank-0,479
Python,https://github.com/hyperspy/hyperspy,2011-08-23,662.0,rank-0,480
Python,https://github.com/hyperspy/hyperspy,2011-08-26,665.0,rank-0,483
Python,https://github.com/hyperspy/hyperspy,2011-08-27,667.0,rank-0,485
Python,https://github.com/hyperspy/hyperspy,2011-08-28,675.0,rank-0,493
Python,https://github.com/hyperspy/hyperspy,2011-08-31,684.0,rank-0,502
Python,https://github.com/hyperspy/hyperspy,2011-09-01,689.0,rank-0,507
Python,https://github.com/hyperspy/hyperspy,2011-09-02,694.0,rank-0,512
Python,https://github.com/hyperspy/hyperspy,2011-09-04,698.0,rank-0,516
Python,https://github.com/hyperspy/hyperspy,2011-09-05,701.0,rank-0,519
Python,https://github.com/hyperspy/hyperspy,2011-09-06,707.0,rank-0,524
Python,https://github.com/hyperspy/hyperspy,2011-09-07,709.0,rank-0,526
Python,https://github.com/hyperspy/hyperspy,2011-09-08,711.0,rank-0,526
Python,https://github.com/hyperspy/hyperspy,2011-09-12,715.0,rank-0,527
Python,https://github.com/hyperspy/hyperspy,2011-09-13,718.0,rank-0,530
Python,https://github.com/hyperspy/hyperspy,2011-09-16,719.0,rank-0,531
Python,https://github.com/hyperspy/hyperspy,2011-09-19,724.0,rank-0,536
Python,https://github.com/hyperspy/hyperspy,2011-09-20,733.0,rank-0,540
Python,https://github.com/hyperspy/hyperspy,2011-09-21,747.0,rank-0,546
Python,https://github.com/hyperspy/hyperspy,2011-09-22,754.0,rank-0,553
Python,https://github.com/hyperspy/hyperspy,2011-09-23,766.0,rank-0,562
Python,https://github.com/hyperspy/hyperspy,2011-09-26,773.0,rank-0,564
Python,https://github.com/hyperspy/hyperspy,2011-09-27,777.0,rank-0,567
Python,https://github.com/hyperspy/hyperspy,2011-09-28,780.0,rank-0,568
Python,https://github.com/hyperspy/hyperspy,2011-09-29,790.0,rank-0,573
Python,https://github.com/hyperspy/hyperspy,2011-09-30,792.0,rank-0,573
Python,https://github.com/hyperspy/hyperspy,2011-10-04,793.0,rank-0,573
Python,https://github.com/hyperspy/hyperspy,2011-10-05,802.0,rank-0,573
Python,https://github.com/hyperspy/hyperspy,2011-10-06,806.0,rank-0,573
Python,https://github.com/hyperspy/hyperspy,2011-10-10,814.0,rank-0,573
Python,https://github.com/hyperspy/hyperspy,2011-10-13,823.0,rank-0,573
Python,https://github.com/hyperspy/hyperspy,2011-10-14,840.0,rank-0,587
Python,https://github.com/hyperspy/hyperspy,2011-10-17,854.0,rank-0,594
Python,https://github.com/hyperspy/hyperspy,2011-10-18,873.0,rank-0,608
Python,https://github.com/hyperspy/hyperspy,2011-10-19,893.0,rank-0,616
Python,https://github.com/hyperspy/hyperspy,2011-10-20,910.0,rank-0,622
Python,https://github.com/hyperspy/hyperspy,2011-10-21,927.0,rank-0,627
Python,https://github.com/hyperspy/hyperspy,2011-10-22,936.0,rank-0,636
Python,https://github.com/hyperspy/hyperspy,2011-10-23,954.0,rank-0,649
Python,https://github.com/hyperspy/hyperspy,2011-10-24,955.0,rank-0,649
Python,https://github.com/hyperspy/hyperspy,2011-10-25,956.0,rank-0,650
Python,https://github.com/hyperspy/hyperspy,2011-10-26,962.0,rank-0,651
Python,https://github.com/hyperspy/hyperspy,2011-10-27,970.0,rank-0,658
Python,https://github.com/hyperspy/hyperspy,2011-11-02,974.0,rank-0,662
Python,https://github.com/hyperspy/hyperspy,2011-11-03,978.0,rank-0,666
Python,https://github.com/hyperspy/hyperspy,2011-11-04,985.0,rank-0,673
Python,https://github.com/hyperspy/hyperspy,2011-11-05,986.0,rank-0,674
Python,https://github.com/hyperspy/hyperspy,2011-11-07,991.0,rank-0,676
Python,https://github.com/hyperspy/hyperspy,2011-11-10,993.0,rank-0,678
Python,https://github.com/hyperspy/hyperspy,2011-11-18,994.0,rank-0,679
Python,https://github.com/hyperspy/hyperspy,2011-11-21,997.0,rank-0,682
Python,https://github.com/hyperspy/hyperspy,2011-11-22,1000.0,rank-0,685
Python,https://github.com/hyperspy/hyperspy,2011-11-25,1003.0,rank-0,688
Python,https://github.com/hyperspy/hyperspy,2011-11-29,1012.0,rank-0,697
Python,https://github.com/hyperspy/hyperspy,2011-11-30,1013.0,rank-0,698
Python,https://github.com/hyperspy/hyperspy,2011-12-01,1015.0,rank-0,700
Python,https://github.com/hyperspy/hyperspy,2011-12-02,1025.0,rank-0,710
Python,https://github.com/hyperspy/hyperspy,2011-12-05,1029.0,rank-0,714
Python,https://github.com/hyperspy/hyperspy,2011-12-06,1035.0,rank-0,720
Python,https://github.com/hyperspy/hyperspy,2011-12-07,1042.0,rank-0,727
Python,https://github.com/hyperspy/hyperspy,2011-12-08,1043.0,rank-0,728
Python,https://github.com/hyperspy/hyperspy,2011-12-09,1047.0,rank-0,732
Python,https://github.com/hyperspy/hyperspy,2011-12-12,1051.0,rank-0,736
Python,https://github.com/hyperspy/hyperspy,2011-12-14,1053.0,rank-0,738
Python,https://github.com/hyperspy/hyperspy,2011-12-15,1056.0,rank-0,741
Python,https://github.com/hyperspy/hyperspy,2011-12-20,1059.0,rank-0,744
Python,https://github.com/hyperspy/hyperspy,2011-12-21,1060.0,rank-0,745
Python,https://github.com/hyperspy/hyperspy,2012-01-05,1061.0,rank-0,746
Python,https://github.com/hyperspy/hyperspy,2012-02-10,1062.0,rank-0,747
Python,https://github.com/hyperspy/hyperspy,2012-02-20,1066.0,rank-0,751
Python,https://github.com/hyperspy/hyperspy,2012-02-22,1069.0,rank-0,754
Python,https://github.com/hyperspy/hyperspy,2012-02-23,1070.0,rank-0,755
Python,https://github.com/hyperspy/hyperspy,2012-02-24,1074.0,rank-0,759
Python,https://github.com/hyperspy/hyperspy,2012-02-27,1078.0,rank-0,763
Python,https://github.com/hyperspy/hyperspy,2012-02-28,1088.0,rank-0,773
Python,https://github.com/hyperspy/hyperspy,2012-02-29,1099.0,rank-0,784
Python,https://github.com/hyperspy/hyperspy,2012-03-01,1100.0,rank-0,785
Python,https://github.com/hyperspy/hyperspy,2012-04-02,1102.0,rank-0,787
Python,https://github.com/hyperspy/hyperspy,2012-04-04,1104.0,rank-0,789
Python,https://github.com/hyperspy/hyperspy,2012-04-05,1114.0,rank-0,799
Python,https://github.com/hyperspy/hyperspy,2012-04-10,1118.0,rank-0,803
Python,https://github.com/hyperspy/hyperspy,2012-04-11,1122.0,rank-0,807
Python,https://github.com/hyperspy/hyperspy,2012-04-12,1126.0,rank-0,811
Python,https://github.com/hyperspy/hyperspy,2012-04-13,1137.0,rank-0,822
Python,https://github.com/hyperspy/hyperspy,2012-04-16,1149.0,rank-0,834
Python,https://github.com/hyperspy/hyperspy,2012-04-17,1150.0,rank-0,835
Python,https://github.com/hyperspy/hyperspy,2012-04-18,1154.0,rank-0,839
Python,https://github.com/hyperspy/hyperspy,2012-05-07,1155.0,rank-0,839
Python,https://github.com/hyperspy/hyperspy,2012-05-17,1156.0,rank-0,840
Python,https://github.com/hyperspy/hyperspy,2012-05-20,1157.0,rank-0,841
Python,https://github.com/hyperspy/hyperspy,2012-05-22,1159.0,rank-0,843
Python,https://github.com/hyperspy/hyperspy,2012-05-31,1163.0,rank-0,847
Python,https://github.com/hyperspy/hyperspy,2012-06-04,1164.0,rank-0,848
Python,https://github.com/hyperspy/hyperspy,2012-06-07,1167.0,rank-0,851
Python,https://github.com/hyperspy/hyperspy,2012-06-08,1168.0,rank-0,852
Python,https://github.com/hyperspy/hyperspy,2012-06-11,1174.0,rank-0,856
Python,https://github.com/hyperspy/hyperspy,2012-06-12,1177.0,rank-0,857
Python,https://github.com/hyperspy/hyperspy,2012-06-14,1178.0,rank-0,857
Python,https://github.com/hyperspy/hyperspy,2012-06-20,1179.0,rank-0,858
Python,https://github.com/hyperspy/hyperspy,2012-06-22,1180.0,rank-0,859
Python,https://github.com/hyperspy/hyperspy,2012-06-25,1184.0,rank-0,861
Python,https://github.com/hyperspy/hyperspy,2012-06-28,1185.0,rank-0,862
Python,https://github.com/hyperspy/hyperspy,2012-07-02,1188.0,rank-0,865
Python,https://github.com/hyperspy/hyperspy,2012-07-03,1192.0,rank-0,867
Python,https://github.com/hyperspy/hyperspy,2012-07-04,1193.0,rank-0,867
Python,https://github.com/hyperspy/hyperspy,2012-07-09,1198.0,rank-0,872
Python,https://github.com/hyperspy/hyperspy,2012-07-10,1202.0,rank-0,876
Python,https://github.com/hyperspy/hyperspy,2012-07-11,1206.0,rank-0,880
Python,https://github.com/hyperspy/hyperspy,2012-07-12,1208.0,rank-0,882
Python,https://github.com/hyperspy/hyperspy,2012-07-13,1212.0,rank-0,886
Python,https://github.com/hyperspy/hyperspy,2012-07-18,1214.0,rank-0,886
Python,https://github.com/hyperspy/hyperspy,2012-07-24,1217.0,rank-0,889
Python,https://github.com/hyperspy/hyperspy,2012-07-25,1218.0,rank-0,890
Python,https://github.com/hyperspy/hyperspy,2012-07-26,1220.0,rank-0,892
Python,https://github.com/hyperspy/hyperspy,2012-07-27,1221.0,rank-0,893
Python,https://github.com/hyperspy/hyperspy,2012-07-31,1227.0,rank-0,899
Python,https://github.com/hyperspy/hyperspy,2012-08-01,1228.0,rank-0,900
Python,https://github.com/hyperspy/hyperspy,2012-08-02,1230.0,rank-0,902
Python,https://github.com/hyperspy/hyperspy,2012-08-03,1231.0,rank-0,903
Python,https://github.com/hyperspy/hyperspy,2012-08-08,1233.0,rank-0,904
Python,https://github.com/hyperspy/hyperspy,2012-08-09,1235.0,rank-0,906
Python,https://github.com/hyperspy/hyperspy,2012-08-10,1237.0,rank-0,908
Python,https://github.com/hyperspy/hyperspy,2012-08-22,1238.0,rank-0,909
Python,https://github.com/hyperspy/hyperspy,2012-08-24,1240.0,rank-0,911
Python,https://github.com/hyperspy/hyperspy,2012-08-27,1256.0,rank-0,911
Python,https://github.com/hyperspy/hyperspy,2012-08-28,1262.0,rank-0,916
Python,https://github.com/hyperspy/hyperspy,2012-08-29,1268.0,rank-0,922
Python,https://github.com/hyperspy/hyperspy,2012-08-30,1269.0,rank-0,923
Python,https://github.com/hyperspy/hyperspy,2012-08-31,1273.0,rank-0,925
Python,https://github.com/hyperspy/hyperspy,2012-09-02,1274.0,rank-0,925
Python,https://github.com/hyperspy/hyperspy,2012-09-03,1282.0,rank-0,933
Python,https://github.com/hyperspy/hyperspy,2012-09-04,1293.0,rank-0,944
Python,https://github.com/hyperspy/hyperspy,2012-09-05,1303.0,rank-0,954
Python,https://github.com/hyperspy/hyperspy,2012-09-06,1314.0,rank-0,965
Python,https://github.com/hyperspy/hyperspy,2012-09-07,1323.0,rank-0,973
Python,https://github.com/hyperspy/hyperspy,2012-09-08,1325.0,rank-0,973
Python,https://github.com/hyperspy/hyperspy,2012-09-09,1326.0,rank-0,973
Python,https://github.com/hyperspy/hyperspy,2012-09-10,1328.0,rank-0,975
Python,https://github.com/hyperspy/hyperspy,2012-09-12,1332.0,rank-0,979
Python,https://github.com/hyperspy/hyperspy,2012-09-19,1333.0,rank-0,979
Python,https://github.com/hyperspy/hyperspy,2012-09-20,1334.0,rank-0,979
Python,https://github.com/hyperspy/hyperspy,2012-09-21,1335.0,rank-0,980
Python,https://github.com/hyperspy/hyperspy,2012-09-25,1343.0,rank-0,988
Python,https://github.com/hyperspy/hyperspy,2012-09-26,1346.0,rank-0,991
Python,https://github.com/hyperspy/hyperspy,2012-09-27,1349.0,rank-0,994
Python,https://github.com/hyperspy/hyperspy,2012-09-28,1354.0,rank-0,999
Python,https://github.com/hyperspy/hyperspy,2012-10-01,1355.0,rank-0,999
Python,https://github.com/hyperspy/hyperspy,2012-10-02,1357.0,rank-0,999
Python,https://github.com/hyperspy/hyperspy,2012-10-08,1361.0,rank-0,1003
Python,https://github.com/hyperspy/hyperspy,2012-10-09,1365.0,rank-0,1005
Python,https://github.com/hyperspy/hyperspy,2012-10-10,1368.0,rank-0,1008
Python,https://github.com/hyperspy/hyperspy,2012-10-11,1370.0,rank-0,1010
Python,https://github.com/hyperspy/hyperspy,2012-10-12,1372.0,rank-0,1010
Python,https://github.com/hyperspy/hyperspy,2012-10-15,1373.0,rank-0,1011
Python,https://github.com/hyperspy/hyperspy,2012-10-19,1374.0,rank-0,1012
Python,https://github.com/hyperspy/hyperspy,2012-10-25,1377.0,rank-0,1013
Python,https://github.com/hyperspy/hyperspy,2012-10-26,1381.0,rank-0,1013
Python,https://github.com/hyperspy/hyperspy,2012-10-28,1385.0,rank-0,1013
Python,https://github.com/hyperspy/hyperspy,2012-10-29,1392.0,rank-0,1018
Python,https://github.com/hyperspy/hyperspy,2012-10-30,1405.0,rank-0,1027
Python,https://github.com/hyperspy/hyperspy,2012-11-15,1406.0,rank-0,1027
Python,https://github.com/hyperspy/hyperspy,2012-11-27,1408.0,rank-0,1028
Python,https://github.com/hyperspy/hyperspy,2012-11-29,1409.0,rank-0,1028
Python,https://github.com/hyperspy/hyperspy,2012-11-30,1410.0,rank-0,1028
Python,https://github.com/hyperspy/hyperspy,2012-12-04,1413.0,rank-0,1031
Python,https://github.com/hyperspy/hyperspy,2012-12-05,1414.0,rank-0,1032
Python,https://github.com/hyperspy/hyperspy,2012-12-06,1419.0,rank-0,1033
Python,https://github.com/hyperspy/hyperspy,2012-12-07,1427.0,rank-0,1038
Python,https://github.com/hyperspy/hyperspy,2012-12-08,1429.0,rank-0,1038
Python,https://github.com/hyperspy/hyperspy,2012-12-10,1430.0,rank-0,1038
Python,https://github.com/hyperspy/hyperspy,2012-12-11,1437.0,rank-0,1040
Python,https://github.com/hyperspy/hyperspy,2012-12-12,1439.0,rank-0,1040
Python,https://github.com/hyperspy/hyperspy,2012-12-13,1446.0,rank-0,1042
Python,https://github.com/hyperspy/hyperspy,2012-12-14,1450.0,rank-0,1043
Python,https://github.com/hyperspy/hyperspy,2012-12-20,1451.0,rank-0,1044
Python,https://github.com/hyperspy/hyperspy,2013-01-07,1453.0,rank-0,1046
Python,https://github.com/hyperspy/hyperspy,2013-01-10,1454.0,rank-0,1046
Python,https://github.com/hyperspy/hyperspy,2013-01-11,1455.0,rank-0,1046
Python,https://github.com/hyperspy/hyperspy,2013-01-16,1462.0,rank-0,1046
Python,https://github.com/hyperspy/hyperspy,2013-01-17,1471.0,rank-0,1047
Python,https://github.com/hyperspy/hyperspy,2013-01-18,1476.0,rank-0,1047
Python,https://github.com/hyperspy/hyperspy,2013-01-24,1483.0,rank-0,1053
Python,https://github.com/hyperspy/hyperspy,2013-01-25,1493.0,rank-0,1059
Python,https://github.com/hyperspy/hyperspy,2013-01-28,1502.0,rank-0,1061
Python,https://github.com/hyperspy/hyperspy,2013-01-29,1508.0,rank-0,1063
Python,https://github.com/hyperspy/hyperspy,2013-01-30,1512.0,rank-0,1063
Python,https://github.com/hyperspy/hyperspy,2013-01-31,1521.0,rank-0,1070
Python,https://github.com/hyperspy/hyperspy,2013-02-07,1523.0,rank-0,1072
Python,https://github.com/hyperspy/hyperspy,2013-02-12,1530.0,rank-0,1079
Python,https://github.com/hyperspy/hyperspy,2013-02-14,1538.0,rank-0,1087
Python,https://github.com/hyperspy/hyperspy,2013-02-15,1540.0,rank-0,1089
Python,https://github.com/hyperspy/hyperspy,2013-02-18,1542.0,rank-0,1091
Python,https://github.com/hyperspy/hyperspy,2013-02-19,1549.0,rank-0,1098
Python,https://github.com/hyperspy/hyperspy,2013-02-20,1554.0,rank-0,1102
Python,https://github.com/hyperspy/hyperspy,2013-02-21,1556.0,rank-0,1102
Python,https://github.com/hyperspy/hyperspy,2013-02-22,1558.0,rank-0,1103
Python,https://github.com/hyperspy/hyperspy,2013-02-23,1559.0,rank-0,1103
Python,https://github.com/hyperspy/hyperspy,2013-02-27,1562.0,rank-0,1105
Python,https://github.com/hyperspy/hyperspy,2013-02-28,1564.0,rank-0,1107
Python,https://github.com/hyperspy/hyperspy,2013-03-01,1568.0,rank-0,1111
Python,https://github.com/hyperspy/hyperspy,2013-03-04,1569.0,rank-0,1112
Python,https://github.com/hyperspy/hyperspy,2013-03-05,1571.0,rank-0,1113
Python,https://github.com/hyperspy/hyperspy,2013-03-06,1575.0,rank-0,1116
Python,https://github.com/hyperspy/hyperspy,2013-03-07,1581.0,rank-0,1122
Python,https://github.com/hyperspy/hyperspy,2013-03-13,1582.0,rank-0,1123
Python,https://github.com/hyperspy/hyperspy,2013-03-14,1588.0,rank-0,1127
Python,https://github.com/hyperspy/hyperspy,2013-03-15,1598.0,rank-0,1134
Python,https://github.com/hyperspy/hyperspy,2013-03-16,1601.0,rank-0,1136
Python,https://github.com/hyperspy/hyperspy,2013-03-18,1610.0,rank-0,1142
Python,https://github.com/hyperspy/hyperspy,2013-03-19,1624.0,rank-0,1147
Python,https://github.com/hyperspy/hyperspy,2013-03-20,1627.0,rank-0,1147
Python,https://github.com/hyperspy/hyperspy,2013-03-21,1631.0,rank-0,1147
Python,https://github.com/hyperspy/hyperspy,2013-03-25,1638.0,rank-0,1152
Python,https://github.com/hyperspy/hyperspy,2013-03-27,1642.0,rank-0,1155
Python,https://github.com/hyperspy/hyperspy,2013-03-28,1647.0,rank-0,1160
Python,https://github.com/hyperspy/hyperspy,2013-03-30,1651.0,rank-0,1160
Python,https://github.com/hyperspy/hyperspy,2013-03-31,1653.0,rank-0,1160
Python,https://github.com/hyperspy/hyperspy,2013-04-01,1660.0,rank-0,1160
Python,https://github.com/hyperspy/hyperspy,2013-04-02,1665.0,rank-0,1160
Python,https://github.com/hyperspy/hyperspy,2013-04-03,1666.0,rank-0,1160
Python,https://github.com/hyperspy/hyperspy,2013-04-04,1668.0,rank-0,1160
Python,https://github.com/hyperspy/hyperspy,2013-04-09,1673.0,rank-0,1164
Python,https://github.com/hyperspy/hyperspy,2013-04-10,1677.0,rank-0,1166
Python,https://github.com/hyperspy/hyperspy,2013-04-11,1678.0,rank-0,1166
Python,https://github.com/hyperspy/hyperspy,2013-04-12,1679.0,rank-0,1166
Python,https://github.com/hyperspy/hyperspy,2013-04-17,1686.0,rank-0,1166
Python,https://github.com/hyperspy/hyperspy,2013-04-18,1689.0,rank-0,1166
Python,https://github.com/hyperspy/hyperspy,2013-04-19,1691.0,rank-0,1167
Python,https://github.com/hyperspy/hyperspy,2013-04-23,1693.0,rank-0,1167
Python,https://github.com/hyperspy/hyperspy,2013-04-26,1694.0,rank-0,1167
Python,https://github.com/hyperspy/hyperspy,2013-05-07,1697.0,rank-0,1170
Python,https://github.com/hyperspy/hyperspy,2013-05-08,1701.0,rank-0,1174
Python,https://github.com/hyperspy/hyperspy,2013-05-09,1704.0,rank-0,1176
Python,https://github.com/hyperspy/hyperspy,2013-05-10,1710.0,rank-0,1180
Python,https://github.com/hyperspy/hyperspy,2013-05-11,1716.0,rank-0,1180
Python,https://github.com/hyperspy/hyperspy,2013-05-12,1720.0,rank-0,1180
Python,https://github.com/hyperspy/hyperspy,2013-05-13,1730.0,rank-0,1190
Python,https://github.com/hyperspy/hyperspy,2013-05-14,1736.0,rank-0,1196
Python,https://github.com/hyperspy/hyperspy,2013-05-15,1738.0,rank-0,1196
Python,https://github.com/hyperspy/hyperspy,2013-05-17,1743.0,rank-0,1197
Python,https://github.com/hyperspy/hyperspy,2013-05-19,1751.0,rank-0,1197
Python,https://github.com/hyperspy/hyperspy,2013-05-20,1773.0,rank-0,1212
Python,https://github.com/hyperspy/hyperspy,2013-05-21,1783.0,rank-0,1215
Python,https://github.com/hyperspy/hyperspy,2013-05-22,1803.0,rank-0,1223
Python,https://github.com/hyperspy/hyperspy,2013-05-23,1829.0,rank-0,1241
Python,https://github.com/hyperspy/hyperspy,2013-05-24,1835.0,rank-0,1245
Python,https://github.com/hyperspy/hyperspy,2013-05-25,1845.0,rank-0,1255
Python,https://github.com/hyperspy/hyperspy,2013-05-27,1846.0,rank-0,1256
Python,https://github.com/hyperspy/hyperspy,2013-06-03,1852.0,rank-0,1256
Python,https://github.com/hyperspy/hyperspy,2013-06-04,1859.0,rank-0,1262
Python,https://github.com/hyperspy/hyperspy,2013-06-05,1868.0,rank-0,1267
Python,https://github.com/hyperspy/hyperspy,2013-06-06,1876.0,rank-0,1272
Python,https://github.com/hyperspy/hyperspy,2013-06-07,1882.0,rank-0,1272
Python,https://github.com/hyperspy/hyperspy,2013-06-10,1883.0,rank-0,1273
Python,https://github.com/hyperspy/hyperspy,2013-06-11,1884.0,rank-0,1274
Python,https://github.com/hyperspy/hyperspy,2013-06-12,1887.0,rank-0,1276
Python,https://github.com/hyperspy/hyperspy,2013-06-13,1894.0,rank-0,1278
Python,https://github.com/hyperspy/hyperspy,2013-06-14,1896.0,rank-0,1278
Python,https://github.com/hyperspy/hyperspy,2013-06-17,1897.0,rank-0,1278
Python,https://github.com/hyperspy/hyperspy,2013-06-19,1898.0,rank-0,1279
Python,https://github.com/hyperspy/hyperspy,2013-06-20,1899.0,rank-0,1280
Python,https://github.com/hyperspy/hyperspy,2013-06-21,1900.0,rank-0,1281
Python,https://github.com/hyperspy/hyperspy,2013-06-24,1909.0,rank-0,1290
Python,https://github.com/hyperspy/hyperspy,2013-06-25,1925.0,rank-0,1299
Python,https://github.com/hyperspy/hyperspy,2013-06-26,1933.0,rank-0,1307
Python,https://github.com/hyperspy/hyperspy,2013-06-27,1942.0,rank-0,1313
Python,https://github.com/hyperspy/hyperspy,2013-06-28,1962.0,rank-0,1329
Python,https://github.com/hyperspy/hyperspy,2013-06-29,1965.0,rank-0,1332
Python,https://github.com/hyperspy/hyperspy,2013-06-30,1979.0,rank-0,1345
Python,https://github.com/hyperspy/hyperspy,2013-07-01,1983.0,rank-0,1347
Python,https://github.com/hyperspy/hyperspy,2013-07-02,1984.0,rank-0,1348
Python,https://github.com/hyperspy/hyperspy,2013-07-08,1985.0,rank-0,1348
Python,https://github.com/hyperspy/hyperspy,2013-07-09,1989.0,rank-0,1352
Python,https://github.com/hyperspy/hyperspy,2013-07-10,1999.0,rank-0,1359
Python,https://github.com/hyperspy/hyperspy,2013-07-11,2005.0,rank-0,1365
Python,https://github.com/hyperspy/hyperspy,2013-07-12,2009.0,rank-0,1369
Python,https://github.com/hyperspy/hyperspy,2013-07-16,2011.0,rank-0,1371
Python,https://github.com/hyperspy/hyperspy,2013-07-17,2019.0,rank-0,1379
Python,https://github.com/hyperspy/hyperspy,2013-07-18,2027.0,rank-0,1387
Python,https://github.com/hyperspy/hyperspy,2013-07-19,2030.0,rank-0,1390
Python,https://github.com/hyperspy/hyperspy,2013-07-25,2032.0,rank-0,1392
Python,https://github.com/hyperspy/hyperspy,2013-07-29,2034.0,rank-0,1392
Python,https://github.com/hyperspy/hyperspy,2013-07-30,2035.0,rank-0,1393
Python,https://github.com/hyperspy/hyperspy,2013-08-01,2044.0,rank-0,1401
Python,https://github.com/hyperspy/hyperspy,2013-08-02,2054.0,rank-0,1411
Python,https://github.com/hyperspy/hyperspy,2013-08-05,2062.0,rank-0,1417
Python,https://github.com/hyperspy/hyperspy,2013-08-06,2074.0,rank-0,1429
Python,https://github.com/hyperspy/hyperspy,2013-08-07,2078.0,rank-0,1433
Python,https://github.com/hyperspy/hyperspy,2013-08-08,2081.0,rank-0,1436
Python,https://github.com/hyperspy/hyperspy,2013-08-14,2084.0,rank-0,1436
Python,https://github.com/hyperspy/hyperspy,2013-08-21,2087.0,rank-0,1439
Python,https://github.com/hyperspy/hyperspy,2013-08-28,2089.0,rank-0,1441
Python,https://github.com/hyperspy/hyperspy,2013-08-30,2093.0,rank-0,1445
Python,https://github.com/hyperspy/hyperspy,2013-09-02,2100.0,rank-0,1452
Python,https://github.com/hyperspy/hyperspy,2013-09-03,2112.0,rank-0,1464
Python,https://github.com/hyperspy/hyperspy,2013-09-04,2119.0,rank-0,1471
Python,https://github.com/hyperspy/hyperspy,2013-09-05,2125.0,rank-0,1477
Python,https://github.com/hyperspy/hyperspy,2013-09-06,2130.0,rank-0,1482
Python,https://github.com/hyperspy/hyperspy,2013-09-10,2132.0,rank-0,1482
Python,https://github.com/hyperspy/hyperspy,2013-09-11,2133.0,rank-0,1483
Python,https://github.com/hyperspy/hyperspy,2013-09-17,2136.0,rank-0,1486
Python,https://github.com/hyperspy/hyperspy,2013-09-19,2137.0,rank-0,1487
Python,https://github.com/hyperspy/hyperspy,2013-09-23,2138.0,rank-0,1487
Python,https://github.com/hyperspy/hyperspy,2013-09-24,2139.0,rank-0,1488
Python,https://github.com/hyperspy/hyperspy,2013-09-25,2144.0,rank-0,1493
Python,https://github.com/hyperspy/hyperspy,2013-10-03,2150.0,rank-0,1499
Python,https://github.com/hyperspy/hyperspy,2013-10-08,2152.0,rank-0,1499
Python,https://github.com/hyperspy/hyperspy,2013-10-09,2157.0,rank-0,1499
Python,https://github.com/hyperspy/hyperspy,2013-10-10,2163.0,rank-0,1499
Python,https://github.com/hyperspy/hyperspy,2013-10-14,2164.0,rank-0,1499
Python,https://github.com/hyperspy/hyperspy,2013-10-17,2165.0,rank-0,1499
Python,https://github.com/hyperspy/hyperspy,2013-10-23,2168.0,rank-0,1501
Python,https://github.com/hyperspy/hyperspy,2013-10-25,2172.0,rank-0,1503
Python,https://github.com/hyperspy/hyperspy,2013-10-28,2173.0,rank-0,1503
Python,https://github.com/hyperspy/hyperspy,2013-10-29,2175.0,rank-0,1503
Python,https://github.com/hyperspy/hyperspy,2013-11-04,2178.0,rank-0,1505
Python,https://github.com/hyperspy/hyperspy,2013-11-05,2181.0,rank-0,1508
Python,https://github.com/hyperspy/hyperspy,2013-11-11,2184.0,rank-0,1511
Python,https://github.com/hyperspy/hyperspy,2013-11-18,2190.0,rank-0,1517
Python,https://github.com/hyperspy/hyperspy,2013-11-19,2191.0,rank-0,1518
Python,https://github.com/hyperspy/hyperspy,2013-11-20,2195.0,rank-0,1522
Python,https://github.com/hyperspy/hyperspy,2013-11-21,2196.0,rank-0,1523
Python,https://github.com/hyperspy/hyperspy,2013-11-22,2208.0,rank-0,1535
Python,https://github.com/hyperspy/hyperspy,2013-11-27,2210.0,rank-0,1537
Python,https://github.com/hyperspy/hyperspy,2013-12-04,2213.0,rank-0,1537
Python,https://github.com/hyperspy/hyperspy,2013-12-05,2215.0,rank-0,1538
Python,https://github.com/hyperspy/hyperspy,2013-12-06,2218.0,rank-0,1541
Python,https://github.com/hyperspy/hyperspy,2013-12-09,2221.0,rank-0,1544
Python,https://github.com/hyperspy/hyperspy,2013-12-10,2222.0,rank-0,1545
Python,https://github.com/hyperspy/hyperspy,2013-12-11,2228.0,rank-0,1550
Python,https://github.com/hyperspy/hyperspy,2013-12-12,2235.0,rank-0,1552
Python,https://github.com/hyperspy/hyperspy,2013-12-13,2244.0,rank-0,1557
Python,https://github.com/hyperspy/hyperspy,2013-12-16,2255.0,rank-0,1565
Python,https://github.com/hyperspy/hyperspy,2013-12-17,2256.0,rank-0,1566
Python,https://github.com/hyperspy/hyperspy,2013-12-18,2263.0,rank-0,1573
Python,https://github.com/hyperspy/hyperspy,2013-12-19,2265.0,rank-0,1575
Python,https://github.com/hyperspy/hyperspy,2013-12-20,2268.0,rank-0,1577
Python,https://github.com/hyperspy/hyperspy,2014-01-03,2272.0,rank-0,1581
Python,https://github.com/hyperspy/hyperspy,2014-01-06,2276.0,rank-0,1585
Python,https://github.com/hyperspy/hyperspy,2014-01-07,2287.0,rank-0,1593
Python,https://github.com/hyperspy/hyperspy,2014-01-08,2297.0,rank-0,1601
Python,https://github.com/hyperspy/hyperspy,2014-01-09,2311.0,rank-0,1615
Python,https://github.com/hyperspy/hyperspy,2014-01-10,2313.0,rank-0,1617
Python,https://github.com/hyperspy/hyperspy,2014-01-12,2314.0,rank-0,1617
Python,https://github.com/hyperspy/hyperspy,2014-01-17,2318.0,rank-0,1617
Python,https://github.com/hyperspy/hyperspy,2014-01-18,2319.0,rank-0,1618
Python,https://github.com/hyperspy/hyperspy,2014-01-20,2320.0,rank-0,1618
Python,https://github.com/hyperspy/hyperspy,2014-01-21,2325.0,rank-0,1620
Python,https://github.com/hyperspy/hyperspy,2014-01-22,2330.0,rank-0,1620
Python,https://github.com/hyperspy/hyperspy,2014-01-24,2343.0,rank-0,1625
Python,https://github.com/hyperspy/hyperspy,2014-01-28,2350.0,rank-0,1625
Python,https://github.com/hyperspy/hyperspy,2014-01-29,2356.0,rank-0,1625
Python,https://github.com/hyperspy/hyperspy,2014-01-30,2358.0,rank-0,1625
Python,https://github.com/hyperspy/hyperspy,2014-01-31,2367.0,rank-0,1626
Python,https://github.com/hyperspy/hyperspy,2014-02-03,2370.0,rank-0,1629
Python,https://github.com/hyperspy/hyperspy,2014-02-06,2380.0,rank-0,1630
Python,https://github.com/hyperspy/hyperspy,2014-02-07,2385.0,rank-0,1632
Python,https://github.com/hyperspy/hyperspy,2014-02-10,2393.0,rank-0,1632
Python,https://github.com/hyperspy/hyperspy,2014-02-11,2403.0,rank-0,1636
Python,https://github.com/hyperspy/hyperspy,2014-02-12,2415.0,rank-0,1638
Python,https://github.com/hyperspy/hyperspy,2014-02-13,2440.0,rank-0,1643
Python,https://github.com/hyperspy/hyperspy,2014-02-14,2455.0,rank-0,1648
Python,https://github.com/hyperspy/hyperspy,2014-02-17,2470.0,rank-0,1656
Python,https://github.com/hyperspy/hyperspy,2014-02-18,2513.0,rank-0,1668
Python,https://github.com/hyperspy/hyperspy,2014-02-19,2545.0,rank-0,1678
Python,https://github.com/hyperspy/hyperspy,2014-02-20,2598.0,rank-0,1691
Python,https://github.com/hyperspy/hyperspy,2014-02-21,2649.0,rank-0,1717
Python,https://github.com/hyperspy/hyperspy,2014-02-24,2654.0,rank-0,1721
Python,https://github.com/hyperspy/hyperspy,2014-02-25,2672.0,rank-0,1733
Python,https://github.com/hyperspy/hyperspy,2014-02-26,2683.0,rank-0,1735
Python,https://github.com/hyperspy/hyperspy,2014-02-27,2685.0,rank-0,1735
Python,https://github.com/hyperspy/hyperspy,2014-03-05,2688.0,rank-0,1738
Python,https://github.com/hyperspy/hyperspy,2014-03-06,2690.0,rank-0,1740
Python,https://github.com/hyperspy/hyperspy,2014-03-07,2697.0,rank-0,1747
Python,https://github.com/hyperspy/hyperspy,2014-03-10,2718.0,rank-0,1767
Python,https://github.com/hyperspy/hyperspy,2014-03-11,2730.0,rank-0,1778
Python,https://github.com/hyperspy/hyperspy,2014-03-12,2755.0,rank-0,1789
Python,https://github.com/hyperspy/hyperspy,2014-03-13,2767.0,rank-0,1801
Python,https://github.com/hyperspy/hyperspy,2014-03-14,2774.0,rank-0,1807
Python,https://github.com/hyperspy/hyperspy,2014-03-15,2780.0,rank-0,1813
Python,https://github.com/hyperspy/hyperspy,2014-03-16,2785.0,rank-0,1818
Python,https://github.com/hyperspy/hyperspy,2014-03-17,2796.0,rank-0,1828
Python,https://github.com/hyperspy/hyperspy,2014-03-18,2805.0,rank-0,1830
Python,https://github.com/hyperspy/hyperspy,2014-03-19,2822.0,rank-0,1830
Python,https://github.com/hyperspy/hyperspy,2014-03-20,2840.0,rank-0,1837
Python,https://github.com/hyperspy/hyperspy,2014-03-21,2845.0,rank-0,1838
Python,https://github.com/hyperspy/hyperspy,2014-03-25,2848.0,rank-0,1838
Python,https://github.com/hyperspy/hyperspy,2014-03-26,2858.0,rank-0,1838
Python,https://github.com/hyperspy/hyperspy,2014-03-27,2867.0,rank-0,1838
Python,https://github.com/hyperspy/hyperspy,2014-03-28,2869.0,rank-0,1838
Python,https://github.com/hyperspy/hyperspy,2014-03-31,2899.0,rank-0,1856
Python,https://github.com/hyperspy/hyperspy,2014-04-01,2928.0,rank-0,1883
Python,https://github.com/hyperspy/hyperspy,2014-04-02,2936.0,rank-0,1889
Python,https://github.com/hyperspy/hyperspy,2014-04-03,2961.0,rank-0,1911
Python,https://github.com/hyperspy/hyperspy,2014-04-04,2964.0,rank-0,1914
Python,https://github.com/hyperspy/hyperspy,2014-04-07,2970.0,rank-0,1920
Python,https://github.com/hyperspy/hyperspy,2014-04-08,2977.0,rank-0,1920
Python,https://github.com/hyperspy/hyperspy,2014-04-15,2987.0,rank-0,1926
Python,https://github.com/hyperspy/hyperspy,2014-04-16,2997.0,rank-0,1933
Python,https://github.com/hyperspy/hyperspy,2014-04-17,3005.0,rank-0,1939
Python,https://github.com/hyperspy/hyperspy,2014-04-22,3016.0,rank-0,1947
Python,https://github.com/hyperspy/hyperspy,2014-04-23,3034.0,rank-0,1964
Python,https://github.com/hyperspy/hyperspy,2014-04-25,3038.0,rank-0,1968
Python,https://github.com/hyperspy/hyperspy,2014-04-28,3056.0,rank-0,1971
Python,https://github.com/hyperspy/hyperspy,2014-04-30,3070.0,rank-0,1979
Python,https://github.com/hyperspy/hyperspy,2014-05-01,3082.0,rank-0,1990
Python,https://github.com/hyperspy/hyperspy,2014-05-02,3108.0,rank-0,2016
Python,https://github.com/hyperspy/hyperspy,2014-05-21,3110.0,rank-0,2016
Python,https://github.com/hyperspy/hyperspy,2014-05-22,3112.0,rank-0,2016
Python,https://github.com/hyperspy/hyperspy,2014-05-28,3119.0,rank-0,2016
Python,https://github.com/hyperspy/hyperspy,2014-05-29,3120.0,rank-0,2016
Python,https://github.com/hyperspy/hyperspy,2014-05-30,3124.0,rank-0,2016
Python,https://github.com/hyperspy/hyperspy,2014-06-02,3126.0,rank-0,2016
Python,https://github.com/hyperspy/hyperspy,2014-06-03,3127.0,rank-0,2016
Python,https://github.com/hyperspy/hyperspy,2014-06-04,3128.0,rank-0,2016
Python,https://github.com/hyperspy/hyperspy,2014-06-10,3136.0,rank-0,2024
Python,https://github.com/hyperspy/hyperspy,2014-06-11,3152.0,rank-0,2039
Python,https://github.com/hyperspy/hyperspy,2014-06-12,3159.0,rank-0,2046
Python,https://github.com/hyperspy/hyperspy,2014-06-16,3168.0,rank-0,2052
Python,https://github.com/hyperspy/hyperspy,2014-06-17,3176.0,rank-0,2055
Python,https://github.com/hyperspy/hyperspy,2014-06-19,3179.0,rank-0,2058
Python,https://github.com/hyperspy/hyperspy,2014-06-20,3180.0,rank-0,2058
Python,https://github.com/hyperspy/hyperspy,2014-06-21,3182.0,rank-0,2060
Python,https://github.com/hyperspy/hyperspy,2014-06-24,3184.0,rank-0,2060
Python,https://github.com/hyperspy/hyperspy,2014-06-25,3185.0,rank-0,2060
Python,https://github.com/hyperspy/hyperspy,2014-06-30,3189.0,rank-0,2060
Python,https://github.com/hyperspy/hyperspy,2014-07-31,3193.0,rank-0,2064
Python,https://github.com/hyperspy/hyperspy,2014-08-05,3199.0,rank-0,2070
Python,https://github.com/hyperspy/hyperspy,2014-08-06,3202.0,rank-0,2073
Python,https://github.com/hyperspy/hyperspy,2014-08-07,3209.0,rank-0,2077
Python,https://github.com/hyperspy/hyperspy,2014-08-08,3211.0,rank-0,2079
Python,https://github.com/hyperspy/hyperspy,2014-08-11,3212.0,rank-0,2080
Python,https://github.com/hyperspy/hyperspy,2014-08-14,3213.0,rank-0,2081
Python,https://github.com/hyperspy/hyperspy,2014-08-15,3215.0,rank-0,2081
Python,https://github.com/hyperspy/hyperspy,2014-08-18,3226.0,rank-0,2090
Python,https://github.com/hyperspy/hyperspy,2014-08-20,3235.0,rank-0,2099
Python,https://github.com/hyperspy/hyperspy,2014-08-21,3259.0,rank-0,2123
Python,https://github.com/hyperspy/hyperspy,2014-08-22,3278.0,rank-0,2142
Python,https://github.com/hyperspy/hyperspy,2014-08-25,3280.0,rank-0,2144
Python,https://github.com/hyperspy/hyperspy,2014-09-02,3290.0,rank-0,2150
Python,https://github.com/hyperspy/hyperspy,2014-09-03,3292.0,rank-0,2150
Python,https://github.com/hyperspy/hyperspy,2014-09-23,3293.0,rank-0,2150
Python,https://github.com/hyperspy/hyperspy,2014-10-01,3295.0,rank-0,2150
Python,https://github.com/hyperspy/hyperspy,2014-10-15,3298.0,rank-0,2150
Python,https://github.com/hyperspy/hyperspy,2014-10-16,3308.0,rank-0,2155
Python,https://github.com/hyperspy/hyperspy,2014-10-17,3311.0,rank-0,2155
Python,https://github.com/hyperspy/hyperspy,2014-10-21,3315.0,rank-0,2159
Python,https://github.com/hyperspy/hyperspy,2014-10-23,3317.0,rank-0,2159
Python,https://github.com/hyperspy/hyperspy,2014-10-24,3325.0,rank-0,2160
Python,https://github.com/hyperspy/hyperspy,2014-10-25,3330.0,rank-0,2165
Python,https://github.com/hyperspy/hyperspy,2014-10-27,3338.0,rank-0,2165
Python,https://github.com/hyperspy/hyperspy,2014-10-30,3343.0,rank-0,2165
Python,https://github.com/hyperspy/hyperspy,2014-11-01,3348.0,rank-0,2170
Python,https://github.com/hyperspy/hyperspy,2014-11-03,3352.0,rank-0,2170
Python,https://github.com/hyperspy/hyperspy,2014-11-04,3359.0,rank-0,2171
Python,https://github.com/hyperspy/hyperspy,2014-11-06,3360.0,rank-0,2171
Python,https://github.com/hyperspy/hyperspy,2014-11-14,3367.0,rank-0,2171
Python,https://github.com/hyperspy/hyperspy,2014-11-17,3378.0,rank-0,2172
Python,https://github.com/hyperspy/hyperspy,2014-11-18,3390.0,rank-0,2172
Python,https://github.com/hyperspy/hyperspy,2014-11-20,3391.0,rank-0,2172
Python,https://github.com/hyperspy/hyperspy,2014-11-24,3393.0,rank-0,2172
Python,https://github.com/hyperspy/hyperspy,2014-11-25,3394.0,rank-0,2172
Python,https://github.com/hyperspy/hyperspy,2014-12-02,3396.0,rank-0,2172
Python,https://github.com/hyperspy/hyperspy,2014-12-05,3399.0,rank-0,2172
Python,https://github.com/hyperspy/hyperspy,2014-12-06,3401.0,rank-0,2172
Python,https://github.com/hyperspy/hyperspy,2014-12-07,3403.0,rank-0,2172
Python,https://github.com/hyperspy/hyperspy,2014-12-08,3404.0,rank-0,2172
Python,https://github.com/hyperspy/hyperspy,2014-12-09,3405.0,rank-0,2172
Python,https://github.com/hyperspy/hyperspy,2014-12-10,3410.0,rank-0,2177
Python,https://github.com/hyperspy/hyperspy,2014-12-21,3411.0,rank-0,2177
Python,https://github.com/hyperspy/hyperspy,2015-01-05,3413.0,rank-0,2177
Python,https://github.com/hyperspy/hyperspy,2015-01-06,3415.0,rank-0,2177
Python,https://github.com/hyperspy/hyperspy,2015-01-08,3416.0,rank-0,2177
Python,https://github.com/hyperspy/hyperspy,2015-01-09,3417.0,rank-0,2177
Python,https://github.com/hyperspy/hyperspy,2015-01-12,3421.0,rank-0,2177
Python,https://github.com/hyperspy/hyperspy,2015-01-13,3424.0,rank-0,2180
Python,https://github.com/hyperspy/hyperspy,2015-01-14,3428.0,rank-0,2182
Python,https://github.com/hyperspy/hyperspy,2015-01-15,3446.0,rank-0,2187
Python,https://github.com/hyperspy/hyperspy,2015-01-16,3465.0,rank-0,2195
Python,https://github.com/hyperspy/hyperspy,2015-01-18,3466.0,rank-0,2195
Python,https://github.com/hyperspy/hyperspy,2015-01-19,3469.0,rank-0,2197
Python,https://github.com/hyperspy/hyperspy,2015-01-20,3470.0,rank-0,2198
Python,https://github.com/hyperspy/hyperspy,2015-01-22,3477.0,rank-0,2199
Python,https://github.com/hyperspy/hyperspy,2015-01-23,3482.0,rank-0,2201
Python,https://github.com/hyperspy/hyperspy,2015-01-26,3488.0,rank-0,2201
Python,https://github.com/hyperspy/hyperspy,2015-01-27,3500.0,rank-0,2208
Python,https://github.com/hyperspy/hyperspy,2015-01-28,3505.0,rank-0,2208
Python,https://github.com/hyperspy/hyperspy,2015-01-29,3516.0,rank-0,2208
Python,https://github.com/hyperspy/hyperspy,2015-01-30,3534.0,rank-0,2213
Python,https://github.com/hyperspy/hyperspy,2015-01-31,3535.0,rank-0,2213
Python,https://github.com/hyperspy/hyperspy,2015-02-01,3539.0,rank-0,2213
Python,https://github.com/hyperspy/hyperspy,2015-02-02,3553.0,rank-0,2217
Python,https://github.com/hyperspy/hyperspy,2015-02-03,3556.0,rank-0,2217
Python,https://github.com/hyperspy/hyperspy,2015-02-04,3569.0,rank-0,2228
Python,https://github.com/hyperspy/hyperspy,2015-02-06,3578.0,rank-0,2234
Python,https://github.com/hyperspy/hyperspy,2015-02-07,3586.0,rank-0,2240
Python,https://github.com/hyperspy/hyperspy,2015-02-16,3591.0,rank-0,2240
Python,https://github.com/hyperspy/hyperspy,2015-02-24,3594.0,rank-0,2243
Python,https://github.com/hyperspy/hyperspy,2015-02-26,3600.0,rank-0,2243
Python,https://github.com/hyperspy/hyperspy,2015-02-27,3618.0,rank-0,2243
Python,https://github.com/hyperspy/hyperspy,2015-03-02,3631.0,rank-0,2243
Python,https://github.com/hyperspy/hyperspy,2015-03-03,3637.0,rank-0,2245
Python,https://github.com/hyperspy/hyperspy,2015-03-04,3642.0,rank-0,2246
Python,https://github.com/hyperspy/hyperspy,2015-03-05,3644.0,rank-0,2246
Python,https://github.com/hyperspy/hyperspy,2015-03-06,3655.0,rank-0,2246
Python,https://github.com/hyperspy/hyperspy,2015-03-09,3660.0,rank-0,2246
Python,https://github.com/hyperspy/hyperspy,2015-03-10,3667.0,rank-0,2246
Python,https://github.com/hyperspy/hyperspy,2015-03-11,3676.0,rank-0,2246
Python,https://github.com/hyperspy/hyperspy,2015-03-12,3693.0,rank-0,2246
Python,https://github.com/hyperspy/hyperspy,2015-03-23,3696.0,rank-0,2247
Python,https://github.com/hyperspy/hyperspy,2015-03-26,3703.0,rank-0,2247
Python,https://github.com/hyperspy/hyperspy,2015-03-27,3704.0,rank-0,2248
Python,https://github.com/hyperspy/hyperspy,2015-03-28,3706.0,rank-0,2250
Python,https://github.com/hyperspy/hyperspy,2015-03-30,3729.0,rank-0,2250
Python,https://github.com/hyperspy/hyperspy,2015-03-31,3765.0,rank-0,2250
Python,https://github.com/hyperspy/hyperspy,2015-04-01,3799.0,rank-0,2250
Python,https://github.com/hyperspy/hyperspy,2015-04-02,3824.0,rank-0,2250
Python,https://github.com/hyperspy/hyperspy,2015-04-03,3826.0,rank-0,2250
Python,https://github.com/hyperspy/hyperspy,2015-04-05,3830.0,rank-0,2250
Python,https://github.com/hyperspy/hyperspy,2015-04-06,3868.0,rank-0,2253
Python,https://github.com/hyperspy/hyperspy,2015-04-07,3889.0,rank-0,2257
Python,https://github.com/hyperspy/hyperspy,2015-04-08,3892.0,rank-0,2257
Python,https://github.com/hyperspy/hyperspy,2015-04-15,3897.0,rank-0,2262
Python,https://github.com/hyperspy/hyperspy,2015-04-17,3900.0,rank-0,2262
Python,https://github.com/hyperspy/hyperspy,2015-04-20,3902.0,rank-0,2264
Python,https://github.com/hyperspy/hyperspy,2015-04-21,3903.0,rank-0,2264
Python,https://github.com/hyperspy/hyperspy,2015-04-22,3910.0,rank-0,2264
Python,https://github.com/hyperspy/hyperspy,2015-04-24,3912.0,rank-0,2264
Python,https://github.com/hyperspy/hyperspy,2015-04-27,3919.0,rank-0,2264
Python,https://github.com/hyperspy/hyperspy,2015-04-28,3923.0,rank-0,2268
Python,https://github.com/hyperspy/hyperspy,2015-04-29,3924.0,rank-0,2269
Python,https://github.com/hyperspy/hyperspy,2015-04-30,3926.0,rank-0,2271
Python,https://github.com/hyperspy/hyperspy,2015-05-05,3928.0,rank-0,2273
Python,https://github.com/hyperspy/hyperspy,2015-05-06,3930.0,rank-0,2274
Python,https://github.com/hyperspy/hyperspy,2015-05-07,3937.0,rank-0,2281
Python,https://github.com/hyperspy/hyperspy,2015-05-08,3941.0,rank-0,2282
Python,https://github.com/hyperspy/hyperspy,2015-05-09,3943.0,rank-0,2282
Python,https://github.com/hyperspy/hyperspy,2015-05-11,3947.0,rank-0,2285
Python,https://github.com/hyperspy/hyperspy,2015-05-27,3950.0,rank-0,2285
Python,https://github.com/hyperspy/hyperspy,2015-06-02,3975.0,rank-0,2304
Python,https://github.com/hyperspy/hyperspy,2015-06-03,3976.0,rank-0,2305
Python,https://github.com/hyperspy/hyperspy,2015-06-04,3992.0,rank-0,2310
Python,https://github.com/hyperspy/hyperspy,2015-06-05,3999.0,rank-0,2312
Python,https://github.com/hyperspy/hyperspy,2015-06-08,4002.0,rank-0,2313
Python,https://github.com/hyperspy/hyperspy,2015-06-12,4007.0,rank-0,2318
Python,https://github.com/hyperspy/hyperspy,2015-06-15,4008.0,rank-0,2319
Python,https://github.com/hyperspy/hyperspy,2015-06-16,4015.0,rank-0,2322
Python,https://github.com/hyperspy/hyperspy,2015-06-17,4021.0,rank-0,2325
Python,https://github.com/hyperspy/hyperspy,2015-06-26,4023.0,rank-0,2325
Python,https://github.com/hyperspy/hyperspy,2015-06-28,4024.0,rank-0,2325
Python,https://github.com/hyperspy/hyperspy,2015-07-01,4025.0,rank-0,2326
Python,https://github.com/hyperspy/hyperspy,2015-07-03,4028.0,rank-0,2327
Python,https://github.com/hyperspy/hyperspy,2015-07-08,4030.0,rank-0,2329
Python,https://github.com/hyperspy/hyperspy,2015-07-09,4032.0,rank-0,2330
Python,https://github.com/hyperspy/hyperspy,2015-07-11,4045.0,rank-0,2330
Python,https://github.com/hyperspy/hyperspy,2015-07-13,4053.0,rank-0,2334
Python,https://github.com/hyperspy/hyperspy,2015-07-14,4064.0,rank-0,2342
Python,https://github.com/hyperspy/hyperspy,2015-07-15,4067.0,rank-0,2345
Python,https://github.com/hyperspy/hyperspy,2015-07-16,4079.0,rank-0,2357
Python,https://github.com/hyperspy/hyperspy,2015-07-17,4081.0,rank-0,2359
Python,https://github.com/hyperspy/hyperspy,2015-07-20,4087.0,rank-0,2364
Python,https://github.com/hyperspy/hyperspy,2015-07-21,4143.0,rank-0,2399
Python,https://github.com/hyperspy/hyperspy,2015-07-22,4153.0,rank-0,2407
Python,https://github.com/hyperspy/hyperspy,2015-07-23,4179.0,rank-0,2420
Python,https://github.com/hyperspy/hyperspy,2015-07-24,4226.0,rank-0,2451
Python,https://github.com/hyperspy/hyperspy,2015-07-26,4229.0,rank-0,2453
Python,https://github.com/hyperspy/hyperspy,2015-07-27,4236.0,rank-0,2457
Python,https://github.com/hyperspy/hyperspy,2015-07-28,4241.0,rank-0,2458
Python,https://github.com/hyperspy/hyperspy,2015-07-29,4250.0,rank-0,2459
Python,https://github.com/hyperspy/hyperspy,2015-07-30,4289.0,rank-0,2476
Python,https://github.com/hyperspy/hyperspy,2015-07-31,4299.0,rank-0,2476
Python,https://github.com/hyperspy/hyperspy,2015-08-01,4300.0,rank-0,2476
Python,https://github.com/hyperspy/hyperspy,2015-08-02,4304.0,rank-0,2476
Python,https://github.com/hyperspy/hyperspy,2015-08-03,4307.0,rank-0,2476
Python,https://github.com/hyperspy/hyperspy,2015-08-04,4317.0,rank-0,2476
Python,https://github.com/hyperspy/hyperspy,2015-08-05,4338.0,rank-0,2483
Python,https://github.com/hyperspy/hyperspy,2015-08-06,4399.0,rank-0,2518
Python,https://github.com/hyperspy/hyperspy,2015-08-07,4450.0,rank-0,2557
Python,https://github.com/hyperspy/hyperspy,2015-08-10,4485.0,rank-0,2580
Python,https://github.com/hyperspy/hyperspy,2015-08-11,4517.0,rank-0,2594
Python,https://github.com/hyperspy/hyperspy,2015-08-12,4541.0,rank-0,2609
Python,https://github.com/hyperspy/hyperspy,2015-08-13,4548.0,rank-0,2616
Python,https://github.com/hyperspy/hyperspy,2015-08-14,4553.0,rank-0,2621
Python,https://github.com/hyperspy/hyperspy,2015-08-15,4554.0,rank-0,2622
Python,https://github.com/hyperspy/hyperspy,2015-08-17,4556.0,rank-0,2622
Python,https://github.com/hyperspy/hyperspy,2015-08-19,4558.0,rank-0,2622
Python,https://github.com/hyperspy/hyperspy,2015-08-20,4559.0,rank-0,2622
Python,https://github.com/hyperspy/hyperspy,2015-08-22,4560.0,rank-0,2622
Python,https://github.com/hyperspy/hyperspy,2015-08-23,4564.0,rank-0,2622
Python,https://github.com/hyperspy/hyperspy,2015-08-27,4569.0,rank-0,2622
Python,https://github.com/hyperspy/hyperspy,2015-08-29,4573.0,rank-0,2624
Python,https://github.com/hyperspy/hyperspy,2015-09-02,4574.0,rank-0,2624
Python,https://github.com/hyperspy/hyperspy,2015-09-04,4577.0,rank-0,2624
Python,https://github.com/hyperspy/hyperspy,2015-09-06,4579.0,rank-0,2624
Python,https://github.com/hyperspy/hyperspy,2015-09-07,4587.0,rank-0,2624
Python,https://github.com/hyperspy/hyperspy,2015-09-08,4590.0,rank-0,2625
Python,https://github.com/hyperspy/hyperspy,2015-09-09,4592.0,rank-0,2625
Python,https://github.com/hyperspy/hyperspy,2015-09-10,4595.0,rank-0,2625
Python,https://github.com/hyperspy/hyperspy,2015-09-18,4598.0,rank-0,2627
Python,https://github.com/hyperspy/hyperspy,2015-09-19,4599.0,rank-0,2627
Python,https://github.com/hyperspy/hyperspy,2015-09-23,4605.0,rank-0,2627
Python,https://github.com/hyperspy/hyperspy,2015-09-24,4607.0,rank-0,2627
Python,https://github.com/hyperspy/hyperspy,2015-09-25,4613.0,rank-0,2627
Python,https://github.com/hyperspy/hyperspy,2015-09-28,4614.0,rank-0,2628
Python,https://github.com/hyperspy/hyperspy,2015-10-06,4620.0,rank-0,2628
Python,https://github.com/hyperspy/hyperspy,2015-10-07,4622.0,rank-0,2628
Python,https://github.com/hyperspy/hyperspy,2015-10-13,4623.0,rank-0,2628
Python,https://github.com/hyperspy/hyperspy,2015-10-21,4624.0,rank-0,2628
Python,https://github.com/hyperspy/hyperspy,2015-10-27,4627.0,rank-0,2629
Python,https://github.com/hyperspy/hyperspy,2015-10-29,4630.0,rank-0,2631
Python,https://github.com/hyperspy/hyperspy,2015-10-30,4631.0,rank-0,2631
Python,https://github.com/hyperspy/hyperspy,2015-11-02,4636.0,rank-0,2635
Python,https://github.com/hyperspy/hyperspy,2015-11-03,4661.0,rank-0,2660
Python,https://github.com/hyperspy/hyperspy,2015-11-04,4676.0,rank-0,2674
Python,https://github.com/hyperspy/hyperspy,2015-11-05,4684.0,rank-0,2680
Python,https://github.com/hyperspy/hyperspy,2015-11-06,4700.0,rank-0,2684
Python,https://github.com/hyperspy/hyperspy,2015-11-07,4701.0,rank-0,2685
Python,https://github.com/hyperspy/hyperspy,2015-11-08,4702.0,rank-0,2685
Python,https://github.com/hyperspy/hyperspy,2015-11-09,4716.0,rank-0,2691
Python,https://github.com/hyperspy/hyperspy,2015-11-10,4720.0,rank-0,2691
Python,https://github.com/hyperspy/hyperspy,2015-11-13,4722.0,rank-0,2693
Python,https://github.com/hyperspy/hyperspy,2015-11-17,4726.0,rank-0,2696
Python,https://github.com/hyperspy/hyperspy,2015-11-20,4728.0,rank-0,2696
Python,https://github.com/hyperspy/hyperspy,2015-11-22,4732.0,rank-0,2696
Python,https://github.com/hyperspy/hyperspy,2015-11-23,4733.0,rank-0,2696
Python,https://github.com/hyperspy/hyperspy,2015-11-24,4734.0,rank-0,2696
Python,https://github.com/hyperspy/hyperspy,2015-11-25,4736.0,rank-0,2696
Python,https://github.com/hyperspy/hyperspy,2015-11-26,4738.0,rank-0,2696
Python,https://github.com/hyperspy/hyperspy,2015-11-27,4741.0,rank-0,2696
Python,https://github.com/hyperspy/hyperspy,2015-12-01,4747.0,rank-0,2696
Python,https://github.com/hyperspy/hyperspy,2015-12-02,4775.0,rank-0,2696
Python,https://github.com/hyperspy/hyperspy,2015-12-03,4789.0,rank-0,2698
Python,https://github.com/hyperspy/hyperspy,2015-12-04,4797.0,rank-0,2699
Python,https://github.com/hyperspy/hyperspy,2015-12-05,4802.0,rank-0,2699
Python,https://github.com/hyperspy/hyperspy,2015-12-06,4824.0,rank-0,2699
Python,https://github.com/hyperspy/hyperspy,2015-12-07,4845.0,rank-0,2701
Python,https://github.com/hyperspy/hyperspy,2015-12-08,4860.0,rank-0,2704
Python,https://github.com/hyperspy/hyperspy,2015-12-09,4875.0,rank-0,2706
Python,https://github.com/hyperspy/hyperspy,2015-12-10,4890.0,rank-0,2710
Python,https://github.com/hyperspy/hyperspy,2015-12-11,4896.0,rank-0,2710
Python,https://github.com/hyperspy/hyperspy,2015-12-12,4904.0,rank-0,2711
Python,https://github.com/hyperspy/hyperspy,2015-12-13,4908.0,rank-0,2711
Python,https://github.com/hyperspy/hyperspy,2015-12-14,4918.0,rank-0,2711
Python,https://github.com/hyperspy/hyperspy,2015-12-15,4939.0,rank-0,2713
Python,https://github.com/hyperspy/hyperspy,2015-12-16,4947.0,rank-0,2717
Python,https://github.com/hyperspy/hyperspy,2015-12-18,4962.0,rank-0,2719
Python,https://github.com/hyperspy/hyperspy,2015-12-19,4970.0,rank-0,2719
Python,https://github.com/hyperspy/hyperspy,2015-12-20,4974.0,rank-0,2719
Python,https://github.com/hyperspy/hyperspy,2015-12-21,4975.0,rank-0,2720
Python,https://github.com/hyperspy/hyperspy,2015-12-23,4978.0,rank-0,2720
Python,https://github.com/hyperspy/hyperspy,2015-12-29,4982.0,rank-0,2721
Python,https://github.com/hyperspy/hyperspy,2015-12-30,4984.0,rank-0,2723
Python,https://github.com/hyperspy/hyperspy,2015-12-31,4987.0,rank-0,2723
Python,https://github.com/hyperspy/hyperspy,2016-01-01,4993.0,rank-0,2726
Python,https://github.com/hyperspy/hyperspy,2016-01-04,4995.0,rank-0,2726
Python,https://github.com/hyperspy/hyperspy,2016-01-05,5000.0,rank-0,2727
Python,https://github.com/hyperspy/hyperspy,2016-01-06,5011.0,rank-0,2728
Python,https://github.com/hyperspy/hyperspy,2016-01-07,5025.0,rank-0,2733
Python,https://github.com/hyperspy/hyperspy,2016-01-08,5033.0,rank-0,2739
Python,https://github.com/hyperspy/hyperspy,2016-01-09,5035.0,rank-0,2739
Python,https://github.com/hyperspy/hyperspy,2016-01-11,5048.0,rank-0,2739
Python,https://github.com/hyperspy/hyperspy,2016-01-12,5073.0,rank-0,2743
Python,https://github.com/hyperspy/hyperspy,2016-01-13,5100.0,rank-0,2745
Python,https://github.com/hyperspy/hyperspy,2016-01-14,5120.0,rank-0,2745
Python,https://github.com/hyperspy/hyperspy,2016-01-15,5141.0,rank-0,2746
Python,https://github.com/hyperspy/hyperspy,2016-01-17,5145.0,rank-0,2746
Python,https://github.com/hyperspy/hyperspy,2016-01-18,5166.0,rank-0,2749
Python,https://github.com/hyperspy/hyperspy,2016-01-19,5184.0,rank-0,2750
Python,https://github.com/hyperspy/hyperspy,2016-01-20,5204.0,rank-0,2752
Python,https://github.com/hyperspy/hyperspy,2016-01-21,5216.0,rank-0,2758
Python,https://github.com/hyperspy/hyperspy,2016-01-22,5259.0,rank-0,2769
Python,https://github.com/hyperspy/hyperspy,2016-01-25,5266.0,rank-0,2772
Python,https://github.com/hyperspy/hyperspy,2016-01-26,5287.0,rank-0,2781
Python,https://github.com/hyperspy/hyperspy,2016-01-27,5327.0,rank-0,2792
Python,https://github.com/hyperspy/hyperspy,2016-01-28,5361.0,rank-0,2812
Python,https://github.com/hyperspy/hyperspy,2016-01-29,5375.0,rank-0,2825
Python,https://github.com/hyperspy/hyperspy,2016-01-30,5393.0,rank-0,2825
Python,https://github.com/hyperspy/hyperspy,2016-01-31,5405.0,rank-0,2825
Python,https://github.com/hyperspy/hyperspy,2016-02-01,5431.0,rank-0,2836
Python,https://github.com/hyperspy/hyperspy,2016-02-03,5449.0,rank-0,2839
Python,https://github.com/hyperspy/hyperspy,2016-02-04,5461.0,rank-0,2842
Python,https://github.com/hyperspy/hyperspy,2016-02-05,5467.0,rank-0,2842
Python,https://github.com/hyperspy/hyperspy,2016-02-08,5472.0,rank-0,2844
Python,https://github.com/hyperspy/hyperspy,2016-02-09,5485.0,rank-0,2847
Python,https://github.com/hyperspy/hyperspy,2016-02-10,5494.0,rank-0,2850
Python,https://github.com/hyperspy/hyperspy,2016-02-11,5511.0,rank-0,2856
Python,https://github.com/hyperspy/hyperspy,2016-02-12,5527.0,rank-0,2866
Python,https://github.com/hyperspy/hyperspy,2016-02-13,5530.0,rank-0,2867
Python,https://github.com/hyperspy/hyperspy,2016-02-14,5532.0,rank-0,2867
Python,https://github.com/hyperspy/hyperspy,2016-02-15,5559.0,rank-0,2880
Python,https://github.com/hyperspy/hyperspy,2016-02-16,5566.0,rank-0,2882
Python,https://github.com/hyperspy/hyperspy,2016-02-17,5567.0,rank-0,2883
Python,https://github.com/hyperspy/hyperspy,2016-02-18,5574.0,rank-0,2888
Python,https://github.com/hyperspy/hyperspy,2016-02-19,5579.0,rank-0,2888
Python,https://github.com/hyperspy/hyperspy,2016-02-20,5586.0,rank-0,2888
Python,https://github.com/hyperspy/hyperspy,2016-02-21,5590.0,rank-0,2888
Python,https://github.com/hyperspy/hyperspy,2016-02-22,5594.0,rank-0,2888
Python,https://github.com/hyperspy/hyperspy,2016-02-23,5597.0,rank-0,2888
Python,https://github.com/hyperspy/hyperspy,2016-02-24,5613.0,rank-0,2895
Python,https://github.com/hyperspy/hyperspy,2016-02-25,5619.0,rank-0,2895
Python,https://github.com/hyperspy/hyperspy,2016-02-26,5629.0,rank-0,2895
Python,https://github.com/hyperspy/hyperspy,2016-02-28,5631.0,rank-0,2895
Python,https://github.com/hyperspy/hyperspy,2016-02-29,5641.0,rank-0,2898
Python,https://github.com/hyperspy/hyperspy,2016-03-01,5646.0,rank-0,2899
Python,https://github.com/hyperspy/hyperspy,2016-03-02,5673.0,rank-0,2915
Python,https://github.com/hyperspy/hyperspy,2016-03-03,5684.0,rank-0,2924
Python,https://github.com/hyperspy/hyperspy,2016-03-04,5701.0,rank-0,2936
Python,https://github.com/hyperspy/hyperspy,2016-03-06,5702.0,rank-0,2936
Python,https://github.com/hyperspy/hyperspy,2016-03-07,5705.0,rank-0,2938
Python,https://github.com/hyperspy/hyperspy,2016-03-08,5707.0,rank-0,2938
Python,https://github.com/hyperspy/hyperspy,2016-03-09,5708.0,rank-0,2938
Python,https://github.com/hyperspy/hyperspy,2016-03-10,5742.0,rank-0,2939
Python,https://github.com/hyperspy/hyperspy,2016-03-11,5743.0,rank-0,2939
Python,https://github.com/hyperspy/hyperspy,2016-03-14,5744.0,rank-0,2939
Python,https://github.com/hyperspy/hyperspy,2016-03-15,5747.0,rank-0,2939
Python,https://github.com/hyperspy/hyperspy,2016-03-17,5748.0,rank-0,2939
Python,https://github.com/hyperspy/hyperspy,2016-03-20,5758.0,rank-0,2939
Python,https://github.com/hyperspy/hyperspy,2016-03-22,5763.0,rank-0,2942
Python,https://github.com/hyperspy/hyperspy,2016-03-23,5766.0,rank-0,2944
Python,https://github.com/hyperspy/hyperspy,2016-03-24,5769.0,rank-0,2944
Python,https://github.com/hyperspy/hyperspy,2016-03-29,5771.0,rank-0,2945
Python,https://github.com/hyperspy/hyperspy,2016-03-30,5774.0,rank-0,2945
Python,https://github.com/hyperspy/hyperspy,2016-03-31,5785.0,rank-0,2945
Python,https://github.com/hyperspy/hyperspy,2016-04-01,5794.0,rank-0,2947
Python,https://github.com/hyperspy/hyperspy,2016-04-02,5804.0,rank-0,2947
Python,https://github.com/hyperspy/hyperspy,2016-04-03,5821.0,rank-0,2947
Python,https://github.com/hyperspy/hyperspy,2016-04-04,5838.0,rank-0,2949
Python,https://github.com/hyperspy/hyperspy,2016-04-05,5848.0,rank-0,2951
Python,https://github.com/hyperspy/hyperspy,2016-04-06,5853.0,rank-0,2952
Python,https://github.com/hyperspy/hyperspy,2016-04-07,5871.0,rank-0,2952
Python,https://github.com/hyperspy/hyperspy,2016-04-08,5873.0,rank-0,2952
Python,https://github.com/hyperspy/hyperspy,2016-04-09,5875.0,rank-0,2952
Python,https://github.com/hyperspy/hyperspy,2016-04-10,5880.0,rank-0,2952
Python,https://github.com/hyperspy/hyperspy,2016-04-11,5894.0,rank-0,2954
Python,https://github.com/hyperspy/hyperspy,2016-04-12,5895.0,rank-0,2954
Python,https://github.com/hyperspy/hyperspy,2016-04-13,5896.0,rank-0,2954
Python,https://github.com/hyperspy/hyperspy,2016-04-14,5899.0,rank-0,2954
Python,https://github.com/hyperspy/hyperspy,2016-04-15,5923.0,rank-0,2954
Python,https://github.com/hyperspy/hyperspy,2016-04-16,5939.0,rank-0,2954
Python,https://github.com/hyperspy/hyperspy,2016-04-17,5952.0,rank-0,2954
Python,https://github.com/hyperspy/hyperspy,2016-04-18,5956.0,rank-0,2954
Python,https://github.com/hyperspy/hyperspy,2016-04-22,5969.0,rank-0,2954
Python,https://github.com/hyperspy/hyperspy,2016-04-23,5975.0,rank-0,2954
Python,https://github.com/hyperspy/hyperspy,2016-04-24,5981.0,rank-0,2954
Python,https://github.com/hyperspy/hyperspy,2016-04-25,5986.0,rank-0,2954
Python,https://github.com/hyperspy/hyperspy,2016-04-26,5992.0,rank-0,2954
Python,https://github.com/hyperspy/hyperspy,2016-04-27,6010.0,rank-0,2955
Python,https://github.com/hyperspy/hyperspy,2016-04-28,6035.0,rank-0,2961
Python,https://github.com/hyperspy/hyperspy,2016-04-29,6065.0,rank-0,2961
Python,https://github.com/hyperspy/hyperspy,2016-04-30,6067.0,rank-0,2961
Python,https://github.com/hyperspy/hyperspy,2016-05-01,6077.0,rank-0,2961
Python,https://github.com/hyperspy/hyperspy,2016-05-02,6089.0,rank-0,2963
Python,https://github.com/hyperspy/hyperspy,2016-05-03,6108.0,rank-0,2966
Python,https://github.com/hyperspy/hyperspy,2016-05-04,6120.0,rank-0,2967
Python,https://github.com/hyperspy/hyperspy,2016-05-05,6129.0,rank-0,2967
Python,https://github.com/hyperspy/hyperspy,2016-05-06,6133.0,rank-0,2968
Python,https://github.com/hyperspy/hyperspy,2016-05-07,6134.0,rank-0,2968
Python,https://github.com/hyperspy/hyperspy,2016-05-09,6136.0,rank-0,2968
Python,https://github.com/hyperspy/hyperspy,2016-05-10,6145.0,rank-0,2968
Python,https://github.com/hyperspy/hyperspy,2016-05-11,6149.0,rank-0,2969
Python,https://github.com/hyperspy/hyperspy,2016-05-12,6152.0,rank-0,2970
Python,https://github.com/hyperspy/hyperspy,2016-05-18,6157.0,rank-0,2970
Python,https://github.com/hyperspy/hyperspy,2016-05-19,6159.0,rank-0,2970
Python,https://github.com/hyperspy/hyperspy,2016-05-23,6168.0,rank-0,2971
Python,https://github.com/hyperspy/hyperspy,2016-05-24,6178.0,rank-0,2973
Python,https://github.com/hyperspy/hyperspy,2016-05-25,6217.0,rank-0,2983
Python,https://github.com/hyperspy/hyperspy,2016-05-26,6249.0,rank-0,2994
Python,https://github.com/hyperspy/hyperspy,2016-05-27,6284.0,rank-0,3012
Python,https://github.com/hyperspy/hyperspy,2016-05-28,6288.0,rank-0,3012
Python,https://github.com/hyperspy/hyperspy,2016-05-29,6293.0,rank-0,3012
Python,https://github.com/hyperspy/hyperspy,2016-05-30,6300.0,rank-0,3012
Python,https://github.com/hyperspy/hyperspy,2016-05-31,6312.0,rank-0,3020
Python,https://github.com/hyperspy/hyperspy,2016-06-01,6320.0,rank-0,3024
Python,https://github.com/hyperspy/hyperspy,2016-06-02,6328.0,rank-0,3031
Python,https://github.com/hyperspy/hyperspy,2016-06-03,6340.0,rank-0,3031
Python,https://github.com/hyperspy/hyperspy,2016-06-04,6342.0,rank-0,3031
Python,https://github.com/hyperspy/hyperspy,2016-06-09,6345.0,rank-0,3031
Python,https://github.com/hyperspy/hyperspy,2016-06-10,6346.0,rank-0,3031
Python,https://github.com/hyperspy/hyperspy,2016-06-12,6351.0,rank-0,3031
Python,https://github.com/hyperspy/hyperspy,2016-06-13,6359.0,rank-0,3031
Python,https://github.com/hyperspy/hyperspy,2016-06-14,6373.0,rank-0,3033
Python,https://github.com/hyperspy/hyperspy,2016-06-15,6384.0,rank-0,3033
Python,https://github.com/hyperspy/hyperspy,2016-06-16,6403.0,rank-0,3034
Python,https://github.com/hyperspy/hyperspy,2016-06-17,6422.0,rank-0,3043
Python,https://github.com/hyperspy/hyperspy,2016-06-18,6438.0,rank-0,3052
Python,https://github.com/hyperspy/hyperspy,2016-06-19,6449.0,rank-0,3061
Python,https://github.com/hyperspy/hyperspy,2016-06-20,6461.0,rank-0,3061
Python,https://github.com/hyperspy/hyperspy,2016-06-21,6470.0,rank-0,3065
Python,https://github.com/hyperspy/hyperspy,2016-06-22,6487.0,rank-0,3065
Python,https://github.com/hyperspy/hyperspy,2016-06-23,6500.0,rank-0,3066
Python,https://github.com/hyperspy/hyperspy,2016-06-24,6505.0,rank-0,3066
Python,https://github.com/hyperspy/hyperspy,2016-06-25,6507.0,rank-0,3066
Python,https://github.com/hyperspy/hyperspy,2016-06-26,6516.0,rank-0,3070
Python,https://github.com/hyperspy/hyperspy,2016-06-27,6524.0,rank-0,3070
Python,https://github.com/hyperspy/hyperspy,2016-06-29,6531.0,rank-0,3070
Python,https://github.com/hyperspy/hyperspy,2016-07-01,6532.0,rank-0,3071
Python,https://github.com/hyperspy/hyperspy,2016-07-02,6533.0,rank-0,3072
Python,https://github.com/hyperspy/hyperspy,2016-07-03,6547.0,rank-0,3086
Python,https://github.com/hyperspy/hyperspy,2016-07-04,6549.0,rank-0,3086
Python,https://github.com/hyperspy/hyperspy,2016-07-05,6560.0,rank-0,3088
Python,https://github.com/hyperspy/hyperspy,2016-07-06,6564.0,rank-0,3088
Python,https://github.com/hyperspy/hyperspy,2016-07-07,6576.0,rank-0,3088
Python,https://github.com/hyperspy/hyperspy,2016-07-08,6583.0,rank-0,3090
Python,https://github.com/hyperspy/hyperspy,2016-07-09,6611.0,rank-0,3107
Python,https://github.com/hyperspy/hyperspy,2016-07-10,6645.0,rank-0,3117
Python,https://github.com/hyperspy/hyperspy,2016-07-11,6670.0,rank-0,3134
Python,https://github.com/hyperspy/hyperspy,2016-07-12,6728.0,rank-0,3169
Python,https://github.com/hyperspy/hyperspy,2016-07-13,6793.0,rank-0,3208
Python,https://github.com/hyperspy/hyperspy,2016-07-14,6829.0,rank-0,3234
Python,https://github.com/hyperspy/hyperspy,2016-07-15,6843.0,rank-0,3238
Python,https://github.com/hyperspy/hyperspy,2016-07-16,6845.0,rank-0,3238
Python,https://github.com/hyperspy/hyperspy,2016-07-17,6852.0,rank-0,3238
Python,https://github.com/hyperspy/hyperspy,2016-07-18,6882.0,rank-0,3243
Python,https://github.com/hyperspy/hyperspy,2016-07-19,6888.0,rank-0,3245
Python,https://github.com/hyperspy/hyperspy,2016-07-20,6902.0,rank-0,3256
Python,https://github.com/hyperspy/hyperspy,2016-07-21,6906.0,rank-0,3259
Python,https://github.com/hyperspy/hyperspy,2016-07-24,6914.0,rank-0,3260
Python,https://github.com/hyperspy/hyperspy,2016-07-25,6920.0,rank-0,3260
Python,https://github.com/hyperspy/hyperspy,2016-07-26,6946.0,rank-0,3278
Python,https://github.com/hyperspy/hyperspy,2016-07-27,6982.0,rank-0,3297
Python,https://github.com/hyperspy/hyperspy,2016-07-28,6992.0,rank-0,3298
Python,https://github.com/hyperspy/hyperspy,2016-07-29,7010.0,rank-0,3301
Python,https://github.com/hyperspy/hyperspy,2016-07-30,7022.0,rank-0,3301
Python,https://github.com/hyperspy/hyperspy,2016-07-31,7028.0,rank-0,3301
Python,https://github.com/hyperspy/hyperspy,2016-08-01,7040.0,rank-0,3301
Python,https://github.com/hyperspy/hyperspy,2016-08-02,7070.0,rank-0,3324
Python,https://github.com/hyperspy/hyperspy,2016-08-03,7082.0,rank-0,3335
Python,https://github.com/hyperspy/hyperspy,2016-08-05,7089.0,rank-0,3335
Python,https://github.com/hyperspy/hyperspy,2016-08-06,7095.0,rank-0,3335
Python,https://github.com/hyperspy/hyperspy,2016-08-07,7097.0,rank-0,3335
Python,https://github.com/hyperspy/hyperspy,2016-08-08,7101.0,rank-0,3338
Python,https://github.com/hyperspy/hyperspy,2016-08-09,7106.0,rank-0,3338
Python,https://github.com/hyperspy/hyperspy,2016-08-10,7107.0,rank-0,3338
Python,https://github.com/hyperspy/hyperspy,2016-08-11,7110.0,rank-0,3338
Python,https://github.com/hyperspy/hyperspy,2016-08-12,7122.0,rank-0,3348
Python,https://github.com/hyperspy/hyperspy,2016-08-14,7126.0,rank-0,3348
Python,https://github.com/hyperspy/hyperspy,2016-08-15,7141.0,rank-0,3358
Python,https://github.com/hyperspy/hyperspy,2016-08-19,7145.0,rank-0,3359
Python,https://github.com/hyperspy/hyperspy,2016-08-21,7146.0,rank-0,3359
Python,https://github.com/hyperspy/hyperspy,2016-08-22,7150.0,rank-0,3363
Python,https://github.com/hyperspy/hyperspy,2016-08-23,7167.0,rank-0,3372
Python,https://github.com/hyperspy/hyperspy,2016-08-24,7174.0,rank-0,3378
Python,https://github.com/hyperspy/hyperspy,2016-08-25,7181.0,rank-0,3384
Python,https://github.com/hyperspy/hyperspy,2016-08-26,7183.0,rank-0,3384
Python,https://github.com/hyperspy/hyperspy,2016-09-02,7185.0,rank-0,3384
Python,https://github.com/hyperspy/hyperspy,2016-09-05,7189.0,rank-0,3384
Python,https://github.com/hyperspy/hyperspy,2016-09-06,7192.0,rank-0,3384
Python,https://github.com/hyperspy/hyperspy,2016-09-07,7198.0,rank-0,3384
Python,https://github.com/hyperspy/hyperspy,2016-09-08,7201.0,rank-0,3384
Python,https://github.com/hyperspy/hyperspy,2016-09-09,7204.0,rank-0,3384
Python,https://github.com/hyperspy/hyperspy,2016-09-12,7206.0,rank-0,3384
Python,https://github.com/hyperspy/hyperspy,2016-09-14,7207.0,rank-0,3384
Python,https://github.com/hyperspy/hyperspy,2016-09-15,7209.0,rank-0,3384
Python,https://github.com/hyperspy/hyperspy,2016-09-16,7213.0,rank-0,3384
Python,https://github.com/hyperspy/hyperspy,2016-09-19,7215.0,rank-0,3385
Python,https://github.com/hyperspy/hyperspy,2016-09-21,7216.0,rank-0,3385
Python,https://github.com/hyperspy/hyperspy,2016-09-22,7217.0,rank-0,3385
Python,https://github.com/hyperspy/hyperspy,2016-09-23,7219.0,rank-0,3385
Python,https://github.com/hyperspy/hyperspy,2016-09-28,7221.0,rank-0,3385
Python,https://github.com/hyperspy/hyperspy,2016-09-30,7222.0,rank-0,3385
Python,https://github.com/hyperspy/hyperspy,2016-10-03,7224.0,rank-0,3385
Python,https://github.com/hyperspy/hyperspy,2016-10-04,7225.0,rank-0,3385
Python,https://github.com/hyperspy/hyperspy,2016-10-07,7226.0,rank-0,3385
Python,https://github.com/hyperspy/hyperspy,2016-10-08,7227.0,rank-0,3385
Python,https://github.com/hyperspy/hyperspy,2016-10-10,7228.0,rank-0,3385
Python,https://github.com/hyperspy/hyperspy,2016-10-12,7244.0,rank-0,3385
Python,https://github.com/hyperspy/hyperspy,2016-10-13,7263.0,rank-0,3385
Python,https://github.com/hyperspy/hyperspy,2016-10-14,7274.0,rank-0,3385
Python,https://github.com/hyperspy/hyperspy,2016-10-16,7277.0,rank-0,3385
Python,https://github.com/hyperspy/hyperspy,2016-10-17,7282.0,rank-0,3385
Python,https://github.com/hyperspy/hyperspy,2016-10-20,7283.0,rank-0,3385
Python,https://github.com/hyperspy/hyperspy,2016-10-25,7285.0,rank-0,3385
Python,https://github.com/hyperspy/hyperspy,2016-10-27,7286.0,rank-0,3385
Python,https://github.com/hyperspy/hyperspy,2016-10-28,7294.0,rank-0,3385
Python,https://github.com/hyperspy/hyperspy,2016-10-30,7295.0,rank-0,3385
Python,https://github.com/hyperspy/hyperspy,2016-11-01,7297.0,rank-0,3385
Python,https://github.com/hyperspy/hyperspy,2016-11-02,7299.0,rank-0,3385
Python,https://github.com/hyperspy/hyperspy,2016-11-03,7303.0,rank-0,3385
Python,https://github.com/hyperspy/hyperspy,2016-11-07,7305.0,rank-0,3385
Python,https://github.com/hyperspy/hyperspy,2016-11-08,7310.0,rank-0,3385
Python,https://github.com/hyperspy/hyperspy,2016-11-09,7311.0,rank-0,3385
Python,https://github.com/hyperspy/hyperspy,2016-11-10,7312.0,rank-0,3385
Python,https://github.com/hyperspy/hyperspy,2016-11-11,7318.0,rank-0,3385
Python,https://github.com/hyperspy/hyperspy,2016-11-14,7319.0,rank-0,3385
Python,https://github.com/hyperspy/hyperspy,2016-11-17,7323.0,rank-0,3388
Python,https://github.com/hyperspy/hyperspy,2016-11-18,7328.0,rank-0,3391
Python,https://github.com/hyperspy/hyperspy,2016-11-19,7330.0,rank-0,3391
Python,https://github.com/hyperspy/hyperspy,2016-11-21,7336.0,rank-0,3391
Python,https://github.com/hyperspy/hyperspy,2016-11-22,7346.0,rank-0,3391
Python,https://github.com/hyperspy/hyperspy,2016-11-23,7347.0,rank-0,3391
Python,https://github.com/hyperspy/hyperspy,2016-11-26,7350.0,rank-0,3391
Python,https://github.com/hyperspy/hyperspy,2016-11-28,7360.0,rank-0,3395
Python,https://github.com/hyperspy/hyperspy,2016-11-29,7372.0,rank-0,3395
Python,https://github.com/hyperspy/hyperspy,2016-11-30,7391.0,rank-0,3397
Python,https://github.com/hyperspy/hyperspy,2016-12-02,7409.0,rank-0,3397
Python,https://github.com/hyperspy/hyperspy,2016-12-05,7425.0,rank-0,3399
Python,https://github.com/hyperspy/hyperspy,2016-12-06,7426.0,rank-0,3399
Python,https://github.com/hyperspy/hyperspy,2016-12-07,7427.0,rank-0,3399
Python,https://github.com/hyperspy/hyperspy,2016-12-08,7430.0,rank-0,3399
Python,https://github.com/hyperspy/hyperspy,2016-12-09,7431.0,rank-0,3399
Python,https://github.com/hyperspy/hyperspy,2016-12-12,7432.0,rank-0,3399
Python,https://github.com/hyperspy/hyperspy,2016-12-13,7442.0,rank-0,3400
Python,https://github.com/hyperspy/hyperspy,2016-12-14,7453.0,rank-0,3400
Python,https://github.com/hyperspy/hyperspy,2016-12-15,7455.0,rank-0,3400
Python,https://github.com/hyperspy/hyperspy,2016-12-16,7458.0,rank-0,3400
Python,https://github.com/hyperspy/hyperspy,2016-12-19,7460.0,rank-0,3400
Python,https://github.com/hyperspy/hyperspy,2016-12-20,7465.0,rank-0,3400
Python,https://github.com/hyperspy/hyperspy,2016-12-21,7472.0,rank-0,3401
Python,https://github.com/hyperspy/hyperspy,2016-12-22,7492.0,rank-0,3405
Python,https://github.com/hyperspy/hyperspy,2016-12-23,7504.0,rank-0,3408
Python,https://github.com/hyperspy/hyperspy,2016-12-24,7506.0,rank-0,3408
Python,https://github.com/hyperspy/hyperspy,2016-12-25,7507.0,rank-0,3408
Python,https://github.com/hyperspy/hyperspy,2016-12-26,7512.0,rank-0,3408
Python,https://github.com/hyperspy/hyperspy,2016-12-27,7517.0,rank-0,3408
Python,https://github.com/hyperspy/hyperspy,2016-12-28,7523.0,rank-0,3408
Python,https://github.com/hyperspy/hyperspy,2017-01-02,7524.0,rank-0,3408
Python,https://github.com/hyperspy/hyperspy,2017-01-03,7528.0,rank-0,3410
Python,https://github.com/hyperspy/hyperspy,2017-01-04,7529.0,rank-0,3410
Python,https://github.com/hyperspy/hyperspy,2017-01-05,7539.0,rank-0,3415
Python,https://github.com/hyperspy/hyperspy,2017-01-06,7540.0,rank-0,3415
Python,https://github.com/hyperspy/hyperspy,2017-01-07,7546.0,rank-0,3415
Python,https://github.com/hyperspy/hyperspy,2017-01-08,7549.0,rank-0,3415
Python,https://github.com/hyperspy/hyperspy,2017-01-09,7564.0,rank-0,3426
Python,https://github.com/hyperspy/hyperspy,2017-01-10,7582.0,rank-0,3435
Python,https://github.com/hyperspy/hyperspy,2017-01-11,7602.0,rank-0,3443
Python,https://github.com/hyperspy/hyperspy,2017-01-12,7616.0,rank-0,3453
Python,https://github.com/hyperspy/hyperspy,2017-01-13,7634.0,rank-0,3458
Python,https://github.com/hyperspy/hyperspy,2017-01-14,7640.0,rank-0,3458
Python,https://github.com/hyperspy/hyperspy,2017-01-16,7646.0,rank-0,3462
Python,https://github.com/hyperspy/hyperspy,2017-01-17,7649.0,rank-0,3462
Python,https://github.com/hyperspy/hyperspy,2017-01-18,7652.0,rank-0,3463
Python,https://github.com/hyperspy/hyperspy,2017-01-19,7658.0,rank-0,3464
Python,https://github.com/hyperspy/hyperspy,2017-01-20,7661.0,rank-0,3466
Python,https://github.com/hyperspy/hyperspy,2017-01-21,7669.0,rank-0,3472
Python,https://github.com/hyperspy/hyperspy,2017-01-22,7670.0,rank-0,3472
Python,https://github.com/hyperspy/hyperspy,2017-01-23,7671.0,rank-0,3472
Python,https://github.com/hyperspy/hyperspy,2017-01-26,7672.0,rank-0,3472
Python,https://github.com/hyperspy/hyperspy,2017-01-27,7677.0,rank-0,3474
Python,https://github.com/hyperspy/hyperspy,2017-01-28,7697.0,rank-0,3489
Python,https://github.com/hyperspy/hyperspy,2017-01-29,7701.0,rank-0,3491
Python,https://github.com/hyperspy/hyperspy,2017-01-30,7703.0,rank-0,3492
Python,https://github.com/hyperspy/hyperspy,2017-01-31,7712.0,rank-0,3501
Python,https://github.com/hyperspy/hyperspy,2017-02-01,7734.0,rank-0,3515
Python,https://github.com/hyperspy/hyperspy,2017-02-02,7745.0,rank-0,3522
Python,https://github.com/hyperspy/hyperspy,2017-02-03,7757.0,rank-0,3533
Python,https://github.com/hyperspy/hyperspy,2017-02-04,7761.0,rank-0,3533
Python,https://github.com/hyperspy/hyperspy,2017-02-05,7783.0,rank-0,3548
Python,https://github.com/hyperspy/hyperspy,2017-02-06,7805.0,rank-0,3552
Python,https://github.com/hyperspy/hyperspy,2017-02-07,7821.0,rank-0,3558
Python,https://github.com/hyperspy/hyperspy,2017-02-08,7847.0,rank-0,3568
Python,https://github.com/hyperspy/hyperspy,2017-02-09,7871.0,rank-0,3574
Python,https://github.com/hyperspy/hyperspy,2017-02-10,7887.0,rank-0,3578
Python,https://github.com/hyperspy/hyperspy,2017-02-11,7892.0,rank-0,3578
Python,https://github.com/hyperspy/hyperspy,2017-02-12,7897.0,rank-0,3580
Python,https://github.com/hyperspy/hyperspy,2017-02-13,7911.0,rank-0,3591
Python,https://github.com/hyperspy/hyperspy,2017-02-14,7917.0,rank-0,3591
Python,https://github.com/hyperspy/hyperspy,2017-02-15,7920.0,rank-0,3593
Python,https://github.com/hyperspy/hyperspy,2017-02-16,7934.0,rank-0,3599
Python,https://github.com/hyperspy/hyperspy,2017-02-17,7948.0,rank-0,3608
Python,https://github.com/hyperspy/hyperspy,2017-02-18,7970.0,rank-0,3609
Python,https://github.com/hyperspy/hyperspy,2017-02-19,8003.0,rank-0,3614
Python,https://github.com/hyperspy/hyperspy,2017-02-20,8027.0,rank-0,3624
Python,https://github.com/hyperspy/hyperspy,2017-02-21,8043.0,rank-0,3630
Python,https://github.com/hyperspy/hyperspy,2017-02-22,8063.0,rank-0,3639
Python,https://github.com/hyperspy/hyperspy,2017-02-23,8076.0,rank-0,3641
Python,https://github.com/hyperspy/hyperspy,2017-02-24,8098.0,rank-0,3661
Python,https://github.com/hyperspy/hyperspy,2017-02-25,8109.0,rank-0,3668
Python,https://github.com/hyperspy/hyperspy,2017-02-26,8112.0,rank-0,3670
Python,https://github.com/hyperspy/hyperspy,2017-02-27,8119.0,rank-0,3676
Python,https://github.com/hyperspy/hyperspy,2017-02-28,8152.0,rank-0,3692
Python,https://github.com/hyperspy/hyperspy,2017-03-01,8175.0,rank-0,3714
Python,https://github.com/hyperspy/hyperspy,2017-03-02,8186.0,rank-0,3723
Python,https://github.com/hyperspy/hyperspy,2017-03-03,8191.0,rank-0,3723
Python,https://github.com/hyperspy/hyperspy,2017-03-04,8203.0,rank-0,3723
Python,https://github.com/hyperspy/hyperspy,2017-03-05,8208.0,rank-0,3724
Python,https://github.com/hyperspy/hyperspy,2017-03-06,8215.0,rank-0,3724
Python,https://github.com/hyperspy/hyperspy,2017-03-07,8216.0,rank-0,3724
Python,https://github.com/hyperspy/hyperspy,2017-03-09,8225.0,rank-0,3724
Python,https://github.com/hyperspy/hyperspy,2017-03-10,8228.0,rank-0,3724
Python,https://github.com/hyperspy/hyperspy,2017-03-11,8229.0,rank-0,3724
Python,https://github.com/hyperspy/hyperspy,2017-03-13,8231.0,rank-0,3724
Python,https://github.com/hyperspy/hyperspy,2017-03-14,8234.0,rank-0,3726
Python,https://github.com/hyperspy/hyperspy,2017-03-15,8245.0,rank-0,3733
Python,https://github.com/hyperspy/hyperspy,2017-03-16,8249.0,rank-0,3736
Python,https://github.com/hyperspy/hyperspy,2017-03-17,8260.0,rank-0,3741
Python,https://github.com/hyperspy/hyperspy,2017-03-18,8262.0,rank-0,3741
Python,https://github.com/hyperspy/hyperspy,2017-03-19,8266.0,rank-0,3741
Python,https://github.com/hyperspy/hyperspy,2017-03-20,8272.0,rank-0,3741
Python,https://github.com/hyperspy/hyperspy,2017-03-21,8275.0,rank-0,3744
Python,https://github.com/hyperspy/hyperspy,2017-03-22,8297.0,rank-0,3761
Python,https://github.com/hyperspy/hyperspy,2017-03-23,8316.0,rank-0,3779
Python,https://github.com/hyperspy/hyperspy,2017-03-24,8320.0,rank-0,3783
Python,https://github.com/hyperspy/hyperspy,2017-03-25,8321.0,rank-0,3783
Python,https://github.com/hyperspy/hyperspy,2017-03-27,8342.0,rank-0,3800
Python,https://github.com/hyperspy/hyperspy,2017-03-28,8350.0,rank-0,3807
Python,https://github.com/hyperspy/hyperspy,2017-03-31,8367.0,rank-0,3817
Python,https://github.com/hyperspy/hyperspy,2017-04-02,8387.0,rank-0,3834
Python,https://github.com/hyperspy/hyperspy,2017-04-03,8400.0,rank-0,3843
Python,https://github.com/hyperspy/hyperspy,2017-04-04,8410.0,rank-0,3847
Python,https://github.com/hyperspy/hyperspy,2017-04-05,8419.0,rank-0,3852
Python,https://github.com/hyperspy/hyperspy,2017-04-06,8432.0,rank-0,3864
Python,https://github.com/hyperspy/hyperspy,2017-04-07,8448.0,rank-0,3879
Python,https://github.com/hyperspy/hyperspy,2017-04-08,8480.0,rank-0,3907
Python,https://github.com/hyperspy/hyperspy,2017-04-09,8519.0,rank-0,3939
Python,https://github.com/hyperspy/hyperspy,2017-04-10,8533.0,rank-0,3951
Python,https://github.com/hyperspy/hyperspy,2017-04-11,8560.0,rank-0,3963
Python,https://github.com/hyperspy/hyperspy,2017-04-12,8577.0,rank-0,3964
Python,https://github.com/hyperspy/hyperspy,2017-04-13,8583.0,rank-0,3966
Python,https://github.com/hyperspy/hyperspy,2017-04-14,8597.0,rank-0,3980
Python,https://github.com/hyperspy/hyperspy,2017-04-15,8601.0,rank-0,3984
Python,https://github.com/hyperspy/hyperspy,2017-04-16,8602.0,rank-0,3984
Python,https://github.com/hyperspy/hyperspy,2017-04-18,8603.0,rank-0,3984
Python,https://github.com/hyperspy/hyperspy,2017-04-20,8604.0,rank-0,3985
Python,https://github.com/hyperspy/hyperspy,2017-04-21,8605.0,rank-0,3985
Python,https://github.com/hyperspy/hyperspy,2017-04-24,8610.0,rank-0,3985
Python,https://github.com/hyperspy/hyperspy,2017-04-25,8614.0,rank-0,3985
Python,https://github.com/hyperspy/hyperspy,2017-04-26,8615.0,rank-0,3985
Python,https://github.com/hyperspy/hyperspy,2017-04-27,8616.0,rank-0,3985
Python,https://github.com/hyperspy/hyperspy,2017-04-28,8626.0,rank-0,3985
Python,https://github.com/hyperspy/hyperspy,2017-04-29,8628.0,rank-0,3985
Python,https://github.com/hyperspy/hyperspy,2017-04-30,8632.0,rank-0,3986
Python,https://github.com/hyperspy/hyperspy,2017-05-01,8634.0,rank-0,3986
Python,https://github.com/hyperspy/hyperspy,2017-05-02,8637.0,rank-0,3986
Python,https://github.com/hyperspy/hyperspy,2017-05-03,8640.0,rank-0,3986
Python,https://github.com/hyperspy/hyperspy,2017-05-04,8644.0,rank-0,3986
Python,https://github.com/hyperspy/hyperspy,2017-05-07,8645.0,rank-0,3986
Python,https://github.com/hyperspy/hyperspy,2017-05-08,8648.0,rank-0,3986
Python,https://github.com/hyperspy/hyperspy,2017-05-09,8653.0,rank-0,3989
Python,https://github.com/hyperspy/hyperspy,2017-05-10,8659.0,rank-0,3989
Python,https://github.com/hyperspy/hyperspy,2017-05-11,8673.0,rank-0,3998
Python,https://github.com/hyperspy/hyperspy,2017-05-12,8691.0,rank-0,4014
Python,https://github.com/hyperspy/hyperspy,2017-05-15,8692.0,rank-0,4014
Python,https://github.com/hyperspy/hyperspy,2017-05-16,8711.0,rank-0,4033
Python,https://github.com/hyperspy/hyperspy,2017-05-17,8720.0,rank-0,4042
Python,https://github.com/hyperspy/hyperspy,2017-05-18,8721.0,rank-0,4043
Python,https://github.com/hyperspy/hyperspy,2017-05-22,8729.0,rank-0,4050
Python,https://github.com/hyperspy/hyperspy,2017-05-23,8755.0,rank-0,4076
Python,https://github.com/hyperspy/hyperspy,2017-05-24,8813.0,rank-0,4120
Python,https://github.com/hyperspy/hyperspy,2017-05-25,8851.0,rank-0,4152
Python,https://github.com/hyperspy/hyperspy,2017-05-26,8882.0,rank-0,4177
Python,https://github.com/hyperspy/hyperspy,2017-05-27,8914.0,rank-0,4209
Python,https://github.com/hyperspy/hyperspy,2017-05-28,8918.0,rank-0,4212
Python,https://github.com/hyperspy/hyperspy,2017-05-30,8922.0,rank-0,4212
Python,https://github.com/hyperspy/hyperspy,2017-05-31,8923.0,rank-0,4212
Python,https://github.com/hyperspy/hyperspy,2017-06-02,8924.0,rank-0,4212
Python,https://github.com/hyperspy/hyperspy,2017-06-03,8925.0,rank-0,4212
Python,https://github.com/hyperspy/hyperspy,2017-06-05,8929.0,rank-0,4212
Python,https://github.com/hyperspy/hyperspy,2017-06-06,8934.0,rank-0,4212
Python,https://github.com/hyperspy/hyperspy,2017-06-14,8938.0,rank-0,4212
Python,https://github.com/hyperspy/hyperspy,2017-06-15,8939.0,rank-0,4212
Python,https://github.com/hyperspy/hyperspy,2017-06-16,8940.0,rank-0,4213
Python,https://github.com/hyperspy/hyperspy,2017-06-17,8942.0,rank-0,4213
Python,https://github.com/hyperspy/hyperspy,2017-06-21,8945.0,rank-0,4214
Python,https://github.com/hyperspy/hyperspy,2017-06-22,8948.0,rank-0,4214
Python,https://github.com/hyperspy/hyperspy,2017-06-23,8952.0,rank-0,4214
Python,https://github.com/hyperspy/hyperspy,2017-06-24,8954.0,rank-0,4214
Python,https://github.com/hyperspy/hyperspy,2017-06-30,8955.0,rank-0,4214
Python,https://github.com/hyperspy/hyperspy,2017-07-06,8956.0,rank-0,4215
Python,https://github.com/hyperspy/hyperspy,2017-07-07,8957.0,rank-0,4216
Python,https://github.com/hyperspy/hyperspy,2017-07-09,8958.0,rank-0,4216
Python,https://github.com/hyperspy/hyperspy,2017-07-10,8959.0,rank-0,4216
Python,https://github.com/hyperspy/hyperspy,2017-07-12,8966.0,rank-0,4217
Python,https://github.com/hyperspy/hyperspy,2017-07-13,8968.0,rank-0,4217
Python,https://github.com/hyperspy/hyperspy,2017-07-18,8969.0,rank-0,4217
Python,https://github.com/hyperspy/hyperspy,2017-07-19,8971.0,rank-0,4217
Python,https://github.com/hyperspy/hyperspy,2017-07-20,8973.0,rank-0,4217
Python,https://github.com/hyperspy/hyperspy,2017-07-21,8978.0,rank-0,4218
Python,https://github.com/hyperspy/hyperspy,2017-07-22,8979.0,rank-0,4218
Python,https://github.com/hyperspy/hyperspy,2017-07-24,8982.0,rank-0,4218
Python,https://github.com/hyperspy/hyperspy,2017-07-25,8985.0,rank-0,4219
Python,https://github.com/hyperspy/hyperspy,2017-07-26,8988.0,rank-0,4219
Python,https://github.com/hyperspy/hyperspy,2017-07-27,8989.0,rank-0,4219
Python,https://github.com/hyperspy/hyperspy,2017-08-02,8992.0,rank-0,4219
Python,https://github.com/hyperspy/hyperspy,2017-08-04,8993.0,rank-0,4219
Python,https://github.com/hyperspy/hyperspy,2017-08-05,8995.0,rank-0,4219
Python,https://github.com/hyperspy/hyperspy,2017-08-06,8996.0,rank-0,4219
Python,https://github.com/hyperspy/hyperspy,2017-08-07,8998.0,rank-0,4219
Python,https://github.com/hyperspy/hyperspy,2017-08-08,9000.0,rank-0,4219
Python,https://github.com/hyperspy/hyperspy,2017-08-11,9002.0,rank-0,4219
Python,https://github.com/hyperspy/hyperspy,2017-08-13,9003.0,rank-0,4219
Python,https://github.com/hyperspy/hyperspy,2017-08-15,9013.0,rank-0,4220
Python,https://github.com/hyperspy/hyperspy,2017-08-16,9017.0,rank-0,4220
Python,https://github.com/hyperspy/hyperspy,2017-08-17,9018.0,rank-0,4221
Python,https://github.com/hyperspy/hyperspy,2017-08-18,9019.0,rank-0,4221
Python,https://github.com/hyperspy/hyperspy,2017-08-19,9023.0,rank-0,4221
Python,https://github.com/hyperspy/hyperspy,2017-08-20,9026.0,rank-0,4221
Python,https://github.com/hyperspy/hyperspy,2017-08-21,9027.0,rank-0,4221
Python,https://github.com/hyperspy/hyperspy,2017-08-23,9031.0,rank-0,4223
Python,https://github.com/hyperspy/hyperspy,2017-08-24,9033.0,rank-0,4223
Python,https://github.com/hyperspy/hyperspy,2017-08-25,9035.0,rank-0,4223
Python,https://github.com/hyperspy/hyperspy,2017-08-27,9036.0,rank-0,4223
Python,https://github.com/hyperspy/hyperspy,2017-08-28,9038.0,rank-0,4223
Python,https://github.com/hyperspy/hyperspy,2017-08-29,9041.0,rank-0,4223
Python,https://github.com/hyperspy/hyperspy,2017-08-31,9044.0,rank-0,4223
Python,https://github.com/hyperspy/hyperspy,2017-09-01,9048.0,rank-0,4223
Python,https://github.com/hyperspy/hyperspy,2017-09-03,9049.0,rank-0,4223
Python,https://github.com/hyperspy/hyperspy,2017-09-04,9050.0,rank-0,4223
Python,https://github.com/hyperspy/hyperspy,2017-09-05,9052.0,rank-0,4223
Python,https://github.com/hyperspy/hyperspy,2017-09-07,9054.0,rank-0,4223
Python,https://github.com/hyperspy/hyperspy,2017-09-08,9055.0,rank-0,4223
Python,https://github.com/hyperspy/hyperspy,2017-09-09,9058.0,rank-0,4223
Python,https://github.com/hyperspy/hyperspy,2017-09-10,9059.0,rank-0,4223
Python,https://github.com/hyperspy/hyperspy,2017-09-11,9060.0,rank-0,4223
Python,https://github.com/hyperspy/hyperspy,2017-09-13,9065.0,rank-0,4223
Python,https://github.com/hyperspy/hyperspy,2017-09-14,9067.0,rank-0,4223
Python,https://github.com/hyperspy/hyperspy,2017-09-15,9068.0,rank-0,4223
Python,https://github.com/hyperspy/hyperspy,2017-09-17,9070.0,rank-0,4223
Python,https://github.com/hyperspy/hyperspy,2017-09-18,9071.0,rank-0,4223
Python,https://github.com/hyperspy/hyperspy,2017-09-19,9076.0,rank-0,4223
Python,https://github.com/hyperspy/hyperspy,2017-09-20,9082.0,rank-0,4223
Python,https://github.com/hyperspy/hyperspy,2017-09-25,9083.0,rank-0,4223
Python,https://github.com/hyperspy/hyperspy,2017-09-26,9088.0,rank-0,4223
Python,https://github.com/hyperspy/hyperspy,2017-09-27,9089.0,rank-0,4223
Python,https://github.com/hyperspy/hyperspy,2017-09-28,9095.0,rank-0,4223
Python,https://github.com/hyperspy/hyperspy,2017-09-29,9099.0,rank-0,4223
Python,https://github.com/hyperspy/hyperspy,2017-09-30,9103.0,rank-0,4223
Python,https://github.com/hyperspy/hyperspy,2017-10-02,9104.0,rank-0,4223
Python,https://github.com/hyperspy/hyperspy,2017-10-03,9106.0,rank-0,4223
Python,https://github.com/hyperspy/hyperspy,2017-10-04,9111.0,rank-0,4223
Python,https://github.com/hyperspy/hyperspy,2017-10-05,9125.0,rank-0,4223
Python,https://github.com/hyperspy/hyperspy,2017-10-06,9130.0,rank-0,4223
Python,https://github.com/hyperspy/hyperspy,2017-10-08,9131.0,rank-0,4223
Python,https://github.com/hyperspy/hyperspy,2017-10-09,9134.0,rank-0,4224
Python,https://github.com/hyperspy/hyperspy,2017-10-10,9139.0,rank-0,4224
Python,https://github.com/hyperspy/hyperspy,2017-10-11,9144.0,rank-0,4224
Python,https://github.com/hyperspy/hyperspy,2017-10-12,9148.0,rank-0,4224
Python,https://github.com/hyperspy/hyperspy,2017-10-13,9152.0,rank-0,4224
Python,https://github.com/hyperspy/hyperspy,2017-10-14,9155.0,rank-0,4224
Python,https://github.com/hyperspy/hyperspy,2017-10-15,9157.0,rank-0,4224
Python,https://github.com/hyperspy/hyperspy,2017-10-16,9158.0,rank-0,4224
Python,https://github.com/hyperspy/hyperspy,2017-10-17,9159.0,rank-0,4224
Python,https://github.com/hyperspy/hyperspy,2017-10-20,9161.0,rank-0,4224
Python,https://github.com/hyperspy/hyperspy,2017-10-24,9162.0,rank-0,4224
Python,https://github.com/hyperspy/hyperspy,2017-10-25,9163.0,rank-0,4224
Python,https://github.com/hyperspy/hyperspy,2017-10-26,9164.0,rank-0,4224
Python,https://github.com/hyperspy/hyperspy,2017-10-29,9165.0,rank-0,4224
Python,https://github.com/hyperspy/hyperspy,2017-11-11,9166.0,rank-0,4224
Python,https://github.com/hyperspy/hyperspy,2017-11-16,9167.0,rank-0,4224
Python,https://github.com/hyperspy/hyperspy,2017-11-22,9170.0,rank-0,4226
Python,https://github.com/hyperspy/hyperspy,2017-11-28,9174.0,rank-0,4226
Python,https://github.com/hyperspy/hyperspy,2017-11-30,9175.0,rank-0,4226
Python,https://github.com/hyperspy/hyperspy,2017-12-05,9178.0,rank-0,4226
Python,https://github.com/hyperspy/hyperspy,2017-12-10,9180.0,rank-0,4226
Python,https://github.com/hyperspy/hyperspy,2017-12-11,9181.0,rank-0,4226
Python,https://github.com/hyperspy/hyperspy,2017-12-14,9185.0,rank-0,4226
Python,https://github.com/hyperspy/hyperspy,2017-12-15,9186.0,rank-0,4227
Python,https://github.com/hyperspy/hyperspy,2017-12-16,9188.0,rank-0,4227
Python,https://github.com/hyperspy/hyperspy,2017-12-17,9190.0,rank-0,4227
Python,https://github.com/hyperspy/hyperspy,2017-12-20,9191.0,rank-0,4228
Python,https://github.com/hyperspy/hyperspy,2018-01-05,9197.0,rank-0,4228
Python,https://github.com/hyperspy/hyperspy,2018-01-09,9200.0,rank-0,4228
Python,https://github.com/hyperspy/hyperspy,2018-01-11,9205.0,rank-0,4228
Python,https://github.com/hyperspy/hyperspy,2018-01-12,9211.0,rank-0,4228
Python,https://github.com/hyperspy/hyperspy,2018-01-13,9212.0,rank-0,4228
Python,https://github.com/hyperspy/hyperspy,2018-01-14,9215.0,rank-0,4228
Python,https://github.com/hyperspy/hyperspy,2018-01-15,9217.0,rank-0,4228
Python,https://github.com/hyperspy/hyperspy,2018-01-17,9219.0,rank-0,4230
Python,https://github.com/hyperspy/hyperspy,2018-01-18,9225.0,rank-0,4232
Python,https://github.com/hyperspy/hyperspy,2018-01-19,9228.0,rank-0,4234
Python,https://github.com/hyperspy/hyperspy,2018-01-20,9231.0,rank-0,4235
Python,https://github.com/hyperspy/hyperspy,2018-01-21,9236.0,rank-0,4237
Python,https://github.com/hyperspy/hyperspy,2018-01-22,9255.0,rank-0,4251
Python,https://github.com/hyperspy/hyperspy,2018-01-23,9278.0,rank-0,4271
Python,https://github.com/hyperspy/hyperspy,2018-01-24,9279.0,rank-0,4271
Python,https://github.com/hyperspy/hyperspy,2018-01-25,9281.0,rank-0,4271
Python,https://github.com/hyperspy/hyperspy,2018-01-26,9284.0,rank-0,4271
Python,https://github.com/hyperspy/hyperspy,2018-01-27,9291.0,rank-0,4272
Python,https://github.com/hyperspy/hyperspy,2018-01-28,9293.0,rank-0,4272
Python,https://github.com/hyperspy/hyperspy,2018-01-29,9294.0,rank-0,4272
Python,https://github.com/hyperspy/hyperspy,2018-01-30,9297.0,rank-0,4272
Python,https://github.com/hyperspy/hyperspy,2018-01-31,9303.0,rank-0,4276
Python,https://github.com/hyperspy/hyperspy,2018-02-02,9307.0,rank-0,4280
Python,https://github.com/hyperspy/hyperspy,2018-02-03,9308.0,rank-0,4280
Python,https://github.com/hyperspy/hyperspy,2018-02-04,9309.0,rank-0,4280
Python,https://github.com/hyperspy/hyperspy,2018-02-05,9320.0,rank-0,4280
Python,https://github.com/hyperspy/hyperspy,2018-02-06,9335.0,rank-0,4280
Python,https://github.com/hyperspy/hyperspy,2018-02-07,9340.0,rank-0,4280
Python,https://github.com/hyperspy/hyperspy,2018-02-08,9346.0,rank-0,4280
Python,https://github.com/hyperspy/hyperspy,2018-02-09,9350.0,rank-0,4280
Python,https://github.com/hyperspy/hyperspy,2018-02-10,9354.0,rank-0,4280
Python,https://github.com/hyperspy/hyperspy,2018-02-12,9357.0,rank-0,4280
Python,https://github.com/hyperspy/hyperspy,2018-02-13,9362.0,rank-0,4282
Python,https://github.com/hyperspy/hyperspy,2018-02-14,9366.0,rank-0,4282
Python,https://github.com/hyperspy/hyperspy,2018-02-16,9367.0,rank-0,4282
Python,https://github.com/hyperspy/hyperspy,2018-02-17,9368.0,rank-0,4282
Python,https://github.com/hyperspy/hyperspy,2018-02-18,9370.0,rank-0,4282
Python,https://github.com/hyperspy/hyperspy,2018-02-19,9374.0,rank-0,4282
Python,https://github.com/hyperspy/hyperspy,2018-02-20,9378.0,rank-0,4282
Python,https://github.com/hyperspy/hyperspy,2018-02-21,9379.0,rank-0,4283
Python,https://github.com/hyperspy/hyperspy,2018-02-22,9380.0,rank-0,4283
Python,https://github.com/hyperspy/hyperspy,2018-02-23,9381.0,rank-0,4283
Python,https://github.com/hyperspy/hyperspy,2018-02-25,9382.0,rank-0,4283
Python,https://github.com/hyperspy/hyperspy,2018-02-26,9392.0,rank-0,4290
Python,https://github.com/hyperspy/hyperspy,2018-02-27,9401.0,rank-0,4298
Python,https://github.com/hyperspy/hyperspy,2018-02-28,9405.0,rank-0,4298
Python,https://github.com/hyperspy/hyperspy,2018-03-01,9422.0,rank-0,4315
Python,https://github.com/hyperspy/hyperspy,2018-03-02,9436.0,rank-0,4328
Python,https://github.com/hyperspy/hyperspy,2018-03-03,9437.0,rank-0,4328
Python,https://github.com/hyperspy/hyperspy,2018-03-04,9444.0,rank-0,4332
Python,https://github.com/hyperspy/hyperspy,2018-03-05,9456.0,rank-0,4337
Python,https://github.com/hyperspy/hyperspy,2018-03-06,9458.0,rank-0,4337
Python,https://github.com/hyperspy/hyperspy,2018-03-07,9461.0,rank-0,4337
Python,https://github.com/hyperspy/hyperspy,2018-03-08,9465.0,rank-0,4337
Python,https://github.com/hyperspy/hyperspy,2018-03-09,9467.0,rank-0,4337
Python,https://github.com/hyperspy/hyperspy,2018-03-11,9468.0,rank-0,4337
Python,https://github.com/hyperspy/hyperspy,2018-03-13,9469.0,rank-0,4337
Python,https://github.com/hyperspy/hyperspy,2018-03-14,9471.0,rank-0,4337
Python,https://github.com/hyperspy/hyperspy,2018-03-15,9492.0,rank-0,4357
Python,https://github.com/hyperspy/hyperspy,2018-03-16,9501.0,rank-0,4358
Python,https://github.com/hyperspy/hyperspy,2018-03-17,9502.0,rank-0,4358
Python,https://github.com/hyperspy/hyperspy,2018-03-18,9504.0,rank-0,4358
Python,https://github.com/hyperspy/hyperspy,2018-03-19,9507.0,rank-0,4358
Python,https://github.com/hyperspy/hyperspy,2018-03-20,9520.0,rank-0,4360
Python,https://github.com/hyperspy/hyperspy,2018-03-21,9530.0,rank-0,4366
Python,https://github.com/hyperspy/hyperspy,2018-03-22,9538.0,rank-0,4372
Python,https://github.com/hyperspy/hyperspy,2018-03-23,9539.0,rank-0,4372
Python,https://github.com/hyperspy/hyperspy,2018-03-26,9540.0,rank-0,4372
Python,https://github.com/hyperspy/hyperspy,2018-03-28,9542.0,rank-0,4372
Python,https://github.com/hyperspy/hyperspy,2018-03-29,9543.0,rank-0,4372
Python,https://github.com/hyperspy/hyperspy,2018-03-31,9544.0,rank-0,4372
Python,https://github.com/hyperspy/hyperspy,2018-04-01,9546.0,rank-0,4372
Python,https://github.com/hyperspy/hyperspy,2018-04-03,9549.0,rank-0,4375
Python,https://github.com/hyperspy/hyperspy,2018-04-04,9555.0,rank-0,4380
Python,https://github.com/hyperspy/hyperspy,2018-04-05,9568.0,rank-0,4389
Python,https://github.com/hyperspy/hyperspy,2018-04-06,9586.0,rank-0,4398
Python,https://github.com/hyperspy/hyperspy,2018-04-07,9590.0,rank-0,4398
Python,https://github.com/hyperspy/hyperspy,2018-04-08,9593.0,rank-0,4398
Python,https://github.com/hyperspy/hyperspy,2018-04-09,9604.0,rank-0,4402
Python,https://github.com/hyperspy/hyperspy,2018-04-10,9616.0,rank-0,4410
Python,https://github.com/hyperspy/hyperspy,2018-04-11,9631.0,rank-0,4414
Python,https://github.com/hyperspy/hyperspy,2018-04-12,9647.0,rank-0,4421
Python,https://github.com/hyperspy/hyperspy,2018-04-13,9657.0,rank-0,4427
Python,https://github.com/hyperspy/hyperspy,2018-04-14,9659.0,rank-0,4427
Python,https://github.com/hyperspy/hyperspy,2018-04-15,9661.0,rank-0,4427
Python,https://github.com/hyperspy/hyperspy,2018-04-16,9669.0,rank-0,4431
Python,https://github.com/hyperspy/hyperspy,2018-04-17,9681.0,rank-0,4436
Python,https://github.com/hyperspy/hyperspy,2018-04-18,9684.0,rank-0,4437
Python,https://github.com/hyperspy/hyperspy,2018-04-19,9714.0,rank-0,4459
Python,https://github.com/hyperspy/hyperspy,2018-04-20,9715.0,rank-0,4459
Python,https://github.com/hyperspy/hyperspy,2018-04-21,9716.0,rank-0,4459
Python,https://github.com/hyperspy/hyperspy,2018-04-22,9717.0,rank-0,4459
Python,https://github.com/hyperspy/hyperspy,2018-04-23,9718.0,rank-0,4459
Python,https://github.com/hyperspy/hyperspy,2018-04-24,9721.0,rank-0,4459
Python,https://github.com/hyperspy/hyperspy,2018-04-25,9725.0,rank-0,4459
Python,https://github.com/hyperspy/hyperspy,2018-04-26,9728.0,rank-0,4459
Python,https://github.com/hyperspy/hyperspy,2018-04-27,9732.0,rank-0,4459
Python,https://github.com/hyperspy/hyperspy,2018-04-28,9736.0,rank-0,4459
Python,https://github.com/hyperspy/hyperspy,2018-04-29,9741.0,rank-0,4459
Python,https://github.com/hyperspy/hyperspy,2018-05-01,9742.0,rank-0,4459
Python,https://github.com/hyperspy/hyperspy,2018-05-02,9744.0,rank-0,4459
Python,https://github.com/hyperspy/hyperspy,2018-05-03,9747.0,rank-0,4459
Python,https://github.com/hyperspy/hyperspy,2018-05-08,9752.0,rank-0,4459
Python,https://github.com/hyperspy/hyperspy,2018-05-09,9755.0,rank-0,4460
Python,https://github.com/hyperspy/hyperspy,2018-05-12,9757.0,rank-0,4460
Python,https://github.com/hyperspy/hyperspy,2018-05-13,9759.0,rank-0,4460
Python,https://github.com/hyperspy/hyperspy,2018-05-14,9763.0,rank-0,4461
Python,https://github.com/hyperspy/hyperspy,2018-05-15,9767.0,rank-0,4463
Python,https://github.com/hyperspy/hyperspy,2018-05-16,9771.0,rank-0,4465
Python,https://github.com/hyperspy/hyperspy,2018-05-17,9773.0,rank-0,4465
Python,https://github.com/hyperspy/hyperspy,2018-05-20,9774.0,rank-0,4465
Python,https://github.com/hyperspy/hyperspy,2018-05-21,9776.0,rank-0,4465
Python,https://github.com/hyperspy/hyperspy,2018-05-23,9784.0,rank-0,4465
Python,https://github.com/hyperspy/hyperspy,2018-05-24,9786.0,rank-0,4465
Python,https://github.com/hyperspy/hyperspy,2018-05-25,9789.0,rank-0,4465
Python,https://github.com/hyperspy/hyperspy,2018-05-26,9791.0,rank-0,4465
Python,https://github.com/hyperspy/hyperspy,2018-05-27,9792.0,rank-0,4465
Python,https://github.com/hyperspy/hyperspy,2018-05-29,9794.0,rank-0,4465
Python,https://github.com/hyperspy/hyperspy,2018-05-30,9798.0,rank-0,4465
Python,https://github.com/hyperspy/hyperspy,2018-05-31,9805.0,rank-0,4465
Python,https://github.com/hyperspy/hyperspy,2018-06-01,9808.0,rank-0,4465
Python,https://github.com/hyperspy/hyperspy,2018-06-04,9809.0,rank-0,4465
Python,https://github.com/hyperspy/hyperspy,2018-06-05,9812.0,rank-0,4465
Python,https://github.com/hyperspy/hyperspy,2018-06-07,9816.0,rank-0,4465
Python,https://github.com/hyperspy/hyperspy,2018-06-11,9820.0,rank-0,4465
Python,https://github.com/hyperspy/hyperspy,2018-06-12,9824.0,rank-0,4465
Python,https://github.com/hyperspy/hyperspy,2018-06-13,9825.0,rank-0,4465
Python,https://github.com/hyperspy/hyperspy,2018-06-18,9829.0,rank-0,4466
Python,https://github.com/hyperspy/hyperspy,2018-06-20,9831.0,rank-0,4466
Python,https://github.com/hyperspy/hyperspy,2018-06-21,9833.0,rank-0,4466
Python,https://github.com/hyperspy/hyperspy,2018-06-25,9835.0,rank-0,4467
Python,https://github.com/hyperspy/hyperspy,2018-06-27,9842.0,rank-0,4467
Python,https://github.com/hyperspy/hyperspy,2018-06-29,9844.0,rank-0,4468
Python,https://github.com/hyperspy/hyperspy,2018-06-30,9849.0,rank-0,4468
Python,https://github.com/hyperspy/hyperspy,2018-07-02,9882.0,rank-0,4491
Python,https://github.com/hyperspy/hyperspy,2018-07-03,9918.0,rank-0,4519
Python,https://github.com/hyperspy/hyperspy,2018-07-04,9920.0,rank-0,4519
Python,https://github.com/hyperspy/hyperspy,2018-07-06,9923.0,rank-0,4519
Python,https://github.com/hyperspy/hyperspy,2018-07-10,9927.0,rank-0,4520
Python,https://github.com/hyperspy/hyperspy,2018-07-11,9932.0,rank-0,4521
Python,https://github.com/hyperspy/hyperspy,2018-07-12,9935.0,rank-0,4521
Python,https://github.com/hyperspy/hyperspy,2018-07-13,9937.0,rank-0,4522
Python,https://github.com/hyperspy/hyperspy,2018-07-16,9940.0,rank-0,4522
Python,https://github.com/hyperspy/hyperspy,2018-07-17,9944.0,rank-0,4522
Python,https://github.com/hyperspy/hyperspy,2018-07-18,9961.0,rank-0,4533
Python,https://github.com/hyperspy/hyperspy,2018-07-19,9967.0,rank-0,4535
Python,https://github.com/hyperspy/hyperspy,2018-07-20,9972.0,rank-0,4536
Python,https://github.com/hyperspy/hyperspy,2018-07-25,9975.0,rank-0,4536
Python,https://github.com/hyperspy/hyperspy,2018-07-26,9991.0,rank-0,4538
Python,https://github.com/hyperspy/hyperspy,2018-07-27,9995.0,rank-0,4538
Python,https://github.com/hyperspy/hyperspy,2018-07-30,9996.0,rank-0,4538
Python,https://github.com/hyperspy/hyperspy,2018-07-31,9999.0,rank-0,4538
Python,https://github.com/hyperspy/hyperspy,2018-08-01,10000.0,rank-0,4538
Python,https://github.com/hyperspy/hyperspy,2018-08-02,10001.0,rank-0,4538
Python,https://github.com/hyperspy/hyperspy,2018-08-07,10002.0,rank-0,4538
Python,https://github.com/hyperspy/hyperspy,2018-08-08,10009.0,rank-0,4538
Python,https://github.com/hyperspy/hyperspy,2018-08-09,10010.0,rank-0,4538
Python,https://github.com/hyperspy/hyperspy,2018-08-13,10014.0,rank-0,4538
Python,https://github.com/hyperspy/hyperspy,2018-08-15,10016.0,rank-0,4538
Python,https://github.com/hyperspy/hyperspy,2018-08-16,10018.0,rank-0,4538
Python,https://github.com/hyperspy/hyperspy,2018-08-17,10019.0,rank-0,4538
Python,https://github.com/hyperspy/hyperspy,2018-08-18,10024.0,rank-0,4538
Python,https://github.com/hyperspy/hyperspy,2018-08-19,10027.0,rank-0,4538
Python,https://github.com/hyperspy/hyperspy,2018-08-20,10028.0,rank-0,4538
Python,https://github.com/hyperspy/hyperspy,2018-08-22,10035.0,rank-0,4541
Python,https://github.com/hyperspy/hyperspy,2018-08-23,10054.0,rank-0,4548
Python,https://github.com/hyperspy/hyperspy,2018-08-24,10071.0,rank-0,4552
Python,https://github.com/hyperspy/hyperspy,2018-08-27,10076.0,rank-0,4555
Python,https://github.com/hyperspy/hyperspy,2018-08-28,10102.0,rank-0,4561
Python,https://github.com/hyperspy/hyperspy,2018-08-29,10116.0,rank-0,4571
Python,https://github.com/hyperspy/hyperspy,2018-08-30,10128.0,rank-0,4580
Python,https://github.com/hyperspy/hyperspy,2018-08-31,10148.0,rank-0,4593
Python,https://github.com/hyperspy/hyperspy,2018-09-01,10153.0,rank-0,4598
Python,https://github.com/hyperspy/hyperspy,2018-09-03,10166.0,rank-0,4608
Python,https://github.com/hyperspy/hyperspy,2018-09-04,10171.0,rank-0,4611
Python,https://github.com/hyperspy/hyperspy,2018-09-10,10172.0,rank-0,4612
Python,https://github.com/hyperspy/hyperspy,2018-09-14,10177.0,rank-0,4612
Python,https://github.com/hyperspy/hyperspy,2018-09-18,10180.0,rank-0,4612
Python,https://github.com/hyperspy/hyperspy,2018-09-21,10181.0,rank-0,4612
Python,https://github.com/hyperspy/hyperspy,2018-09-23,10185.0,rank-0,4612
Python,https://github.com/hyperspy/hyperspy,2018-09-24,10186.0,rank-0,4612
Python,https://github.com/hyperspy/hyperspy,2018-09-25,10191.0,rank-0,4612
Python,https://github.com/hyperspy/hyperspy,2018-09-26,10194.0,rank-0,4612
Python,https://github.com/hyperspy/hyperspy,2018-09-27,10195.0,rank-0,4612
Python,https://github.com/hyperspy/hyperspy,2018-09-28,10198.0,rank-0,4612
Python,https://github.com/hyperspy/hyperspy,2018-09-29,10202.0,rank-0,4612
Python,https://github.com/hyperspy/hyperspy,2018-10-01,10205.0,rank-0,4612
Python,https://github.com/hyperspy/hyperspy,2018-10-04,10208.0,rank-0,4612
Python,https://github.com/hyperspy/hyperspy,2018-10-15,10212.0,rank-0,4612
Python,https://github.com/hyperspy/hyperspy,2018-10-17,10214.0,rank-0,4612
Python,https://github.com/hyperspy/hyperspy,2018-10-18,10219.0,rank-0,4614
Python,https://github.com/hyperspy/hyperspy,2018-10-19,10224.0,rank-0,4615
Python,https://github.com/hyperspy/hyperspy,2018-10-20,10236.0,rank-0,4617
Python,https://github.com/hyperspy/hyperspy,2018-10-22,10239.0,rank-0,4617
Python,https://github.com/hyperspy/hyperspy,2018-10-23,10246.0,rank-0,4617
Python,https://github.com/hyperspy/hyperspy,2018-10-29,10247.0,rank-0,4617
Python,https://github.com/hyperspy/hyperspy,2018-10-30,10248.0,rank-0,4617
Python,https://github.com/hyperspy/hyperspy,2018-11-03,10250.0,rank-0,4617
Python,https://github.com/hyperspy/hyperspy,2018-11-06,10251.0,rank-0,4617
Python,https://github.com/hyperspy/hyperspy,2018-11-11,10253.0,rank-0,4617
Python,https://github.com/hyperspy/hyperspy,2018-11-15,10259.0,rank-0,4617
Python,https://github.com/hyperspy/hyperspy,2018-11-16,10264.0,rank-0,4617
Python,https://github.com/hyperspy/hyperspy,2018-11-19,10268.0,rank-0,4617
Python,https://github.com/hyperspy/hyperspy,2018-11-20,10269.0,rank-0,4617
Python,https://github.com/hyperspy/hyperspy,2018-11-23,10271.0,rank-0,4617
Python,https://github.com/hyperspy/hyperspy,2018-11-26,10273.0,rank-0,4617
Python,https://github.com/hyperspy/hyperspy,2018-11-27,10275.0,rank-0,4617
Python,https://github.com/hyperspy/hyperspy,2018-11-28,10277.0,rank-0,4617
Python,https://github.com/hyperspy/hyperspy,2018-11-29,10278.0,rank-0,4617
Python,https://github.com/hyperspy/hyperspy,2018-11-30,10280.0,rank-0,4617
Python,https://github.com/hyperspy/hyperspy,2018-12-01,10288.0,rank-0,4617
Python,https://github.com/hyperspy/hyperspy,2018-12-02,10291.0,rank-0,4617
Python,https://github.com/hyperspy/hyperspy,2018-12-05,10296.0,rank-0,4617
Python,https://github.com/hyperspy/hyperspy,2018-12-06,10303.0,rank-0,4617
Python,https://github.com/hyperspy/hyperspy,2018-12-07,10308.0,rank-0,4617
Python,https://github.com/hyperspy/hyperspy,2018-12-09,10309.0,rank-0,4617
Python,https://github.com/hyperspy/hyperspy,2018-12-14,10312.0,rank-0,4617
Python,https://github.com/hyperspy/hyperspy,2018-12-15,10315.0,rank-0,4617
Python,https://github.com/hyperspy/hyperspy,2019-01-10,10320.0,rank-0,4617
Python,https://github.com/hyperspy/hyperspy,2019-01-13,10323.0,rank-0,4617
Python,https://github.com/hyperspy/hyperspy,2019-01-14,10324.0,rank-0,4617
Python,https://github.com/hyperspy/hyperspy,2019-01-24,10333.0,rank-0,4617
Python,https://github.com/hyperspy/hyperspy,2019-01-25,10335.0,rank-0,4617
Python,https://github.com/hyperspy/hyperspy,2019-01-29,10336.0,rank-0,4617
Python,https://github.com/hyperspy/hyperspy,2019-02-03,10341.0,rank-0,4617
Python,https://github.com/hyperspy/hyperspy,2019-02-05,10345.0,rank-0,4617
Python,https://github.com/hyperspy/hyperspy,2019-02-06,10346.0,rank-0,4617
Python,https://github.com/hyperspy/hyperspy,2019-02-12,10347.0,rank-0,4617
Python,https://github.com/hyperspy/hyperspy,2019-02-28,10348.0,rank-0,4617
Python,https://github.com/hyperspy/hyperspy,2019-03-05,10351.0,rank-0,4617
Python,https://github.com/hyperspy/hyperspy,2019-03-06,10358.0,rank-0,4617
Python,https://github.com/hyperspy/hyperspy,2019-03-16,10360.0,rank-0,4617
Python,https://github.com/hyperspy/hyperspy,2019-03-21,10363.0,rank-0,4617
Python,https://github.com/hyperspy/hyperspy,2019-03-23,10367.0,rank-0,4617
Python,https://github.com/hyperspy/hyperspy,2019-03-25,10371.0,rank-0,4617
Python,https://github.com/hyperspy/hyperspy,2019-03-26,10377.0,rank-0,4617
Python,https://github.com/hyperspy/hyperspy,2019-03-27,10406.0,rank-0,4617
Python,https://github.com/hyperspy/hyperspy,2019-03-28,10408.0,rank-0,4617
Python,https://github.com/hyperspy/hyperspy,2019-03-29,10414.0,rank-0,4617
Python,https://github.com/hyperspy/hyperspy,2019-04-01,10416.0,rank-0,4617
Python,https://github.com/hyperspy/hyperspy,2019-04-02,10421.0,rank-0,4617
Python,https://github.com/hyperspy/hyperspy,2019-04-03,10426.0,rank-0,4617
Python,https://github.com/hyperspy/hyperspy,2019-04-04,10428.0,rank-0,4617
Python,https://github.com/hyperspy/hyperspy,2019-04-08,10429.0,rank-0,4617
Python,https://github.com/hyperspy/hyperspy,2019-04-12,10430.0,rank-0,4617
Python,https://github.com/hyperspy/hyperspy,2019-04-15,10434.0,rank-0,4617
Python,https://github.com/hyperspy/hyperspy,2019-04-16,10447.0,rank-0,4617
Python,https://github.com/hyperspy/hyperspy,2019-04-17,10468.0,rank-0,4617
Python,https://github.com/hyperspy/hyperspy,2019-04-18,10492.0,rank-0,4617
Python,https://github.com/hyperspy/hyperspy,2019-04-19,10508.0,rank-0,4617
Python,https://github.com/hyperspy/hyperspy,2019-04-20,10519.0,rank-0,4617
Python,https://github.com/hyperspy/hyperspy,2019-04-21,10527.0,rank-0,4617
Python,https://github.com/hyperspy/hyperspy,2019-04-24,10534.0,rank-0,4617
Python,https://github.com/hyperspy/hyperspy,2019-04-25,10536.0,rank-0,4617
Python,https://github.com/hyperspy/hyperspy,2019-04-26,10540.0,rank-0,4617
Python,https://github.com/hyperspy/hyperspy,2019-04-28,10541.0,rank-0,4617
Python,https://github.com/hyperspy/hyperspy,2019-04-29,10548.0,rank-0,4617
Python,https://github.com/hyperspy/hyperspy,2019-04-30,10549.0,rank-0,4617
Python,https://github.com/hyperspy/hyperspy,2019-05-01,10559.0,rank-0,4617
Python,https://github.com/hyperspy/hyperspy,2019-05-03,10571.0,rank-0,4617
Python,https://github.com/hyperspy/hyperspy,2019-05-07,10573.0,rank-0,4617
Python,https://github.com/hyperspy/hyperspy,2019-05-09,10581.0,rank-0,4617
Python,https://github.com/hyperspy/hyperspy,2019-05-10,10582.0,rank-0,4617
Python,https://github.com/hyperspy/hyperspy,2019-05-13,10593.0,rank-0,4617
Python,https://github.com/hyperspy/hyperspy,2019-05-14,10609.0,rank-0,4617
Python,https://github.com/hyperspy/hyperspy,2019-05-15,10617.0,rank-0,4617
Python,https://github.com/hyperspy/hyperspy,2019-05-16,10632.0,rank-0,4619
Python,https://github.com/hyperspy/hyperspy,2019-05-17,10650.0,rank-0,4626
Python,https://github.com/hyperspy/hyperspy,2019-05-18,10654.0,rank-0,4626
Python,https://github.com/hyperspy/hyperspy,2019-05-20,10672.0,rank-0,4626
Python,https://github.com/hyperspy/hyperspy,2019-05-21,10681.0,rank-0,4626
Python,https://github.com/hyperspy/hyperspy,2019-05-22,10689.0,rank-0,4626
Python,https://github.com/hyperspy/hyperspy,2019-05-23,10701.0,rank-0,4626
Python,https://github.com/hyperspy/hyperspy,2019-05-24,10710.0,rank-0,4626
Python,https://github.com/hyperspy/hyperspy,2019-05-27,10714.0,rank-0,4626
Python,https://github.com/hyperspy/hyperspy,2019-05-28,10715.0,rank-0,4626
Python,https://github.com/hyperspy/hyperspy,2019-05-31,10720.0,rank-0,4626
Python,https://github.com/hyperspy/hyperspy,2019-06-02,10722.0,rank-0,4626
Python,https://github.com/hyperspy/hyperspy,2019-06-03,10731.0,rank-0,4626
Python,https://github.com/hyperspy/hyperspy,2019-06-05,10747.0,rank-0,4626
Python,https://github.com/hyperspy/hyperspy,2019-06-14,10751.0,rank-0,4626
Python,https://github.com/hyperspy/hyperspy,2019-06-17,10766.0,rank-0,4626
Python,https://github.com/hyperspy/hyperspy,2019-06-18,10781.0,rank-0,4626
Python,https://github.com/hyperspy/hyperspy,2019-06-19,10786.0,rank-0,4626
Python,https://github.com/hyperspy/hyperspy,2019-06-20,10789.0,rank-0,4626
Python,https://github.com/hyperspy/hyperspy,2019-06-21,10799.0,rank-0,4626
Python,https://github.com/hyperspy/hyperspy,2019-06-22,10804.0,rank-0,4626
Python,https://github.com/hyperspy/hyperspy,2019-06-24,10805.0,rank-0,4627
Python,https://github.com/hyperspy/hyperspy,2019-06-25,10810.0,rank-0,4627
Python,https://github.com/hyperspy/hyperspy,2019-06-26,10815.0,rank-0,4627
Python,https://github.com/hyperspy/hyperspy,2019-06-27,10818.0,rank-0,4627
Python,https://github.com/hyperspy/hyperspy,2019-06-28,10819.0,rank-0,4627
Python,https://github.com/hyperspy/hyperspy,2019-07-01,10824.0,rank-0,4627
Python,https://github.com/hyperspy/hyperspy,2019-07-02,10828.0,rank-0,4627
Python,https://github.com/hyperspy/hyperspy,2019-07-04,10834.0,rank-0,4631
Python,https://github.com/hyperspy/hyperspy,2019-07-05,10837.0,rank-0,4631
Python,https://github.com/hyperspy/hyperspy,2019-07-09,10839.0,rank-0,4632
Python,https://github.com/hyperspy/hyperspy,2019-07-10,10840.0,rank-0,4632
Python,https://github.com/hyperspy/hyperspy,2019-07-11,10852.0,rank-0,4633
Python,https://github.com/hyperspy/hyperspy,2019-07-12,10860.0,rank-0,4634
Python,https://github.com/hyperspy/hyperspy,2019-07-15,10878.0,rank-0,4635
Python,https://github.com/hyperspy/hyperspy,2019-07-16,10900.0,rank-0,4635
Python,https://github.com/hyperspy/hyperspy,2019-07-17,10902.0,rank-0,4635
Python,https://github.com/hyperspy/hyperspy,2019-07-18,10916.0,rank-0,4635
Python,https://github.com/hyperspy/hyperspy,2019-07-19,10937.0,rank-0,4637
Python,https://github.com/hyperspy/hyperspy,2019-07-22,10942.0,rank-0,4637
Python,https://github.com/hyperspy/hyperspy,2019-07-24,10945.0,rank-0,4637
Python,https://github.com/hyperspy/hyperspy,2019-07-25,10970.0,rank-0,4644
Python,https://github.com/hyperspy/hyperspy,2019-07-26,10983.0,rank-0,4655
Python,https://github.com/hyperspy/hyperspy,2019-07-27,10999.0,rank-0,4667
Python,https://github.com/hyperspy/hyperspy,2019-07-28,11008.0,rank-0,4676
Python,https://github.com/hyperspy/hyperspy,2019-07-29,11009.0,rank-0,4676
Python,https://github.com/hyperspy/hyperspy,2019-08-02,11011.0,rank-0,4676
Python,https://github.com/hyperspy/hyperspy,2019-08-06,11015.0,rank-0,4676
Python,https://github.com/hyperspy/hyperspy,2019-08-09,11016.0,rank-0,4676
Python,https://github.com/hyperspy/hyperspy,2019-08-30,11017.0,rank-0,4676
Python,https://github.com/hyperspy/hyperspy,2019-09-02,11028.0,rank-0,4676
Python,https://github.com/hyperspy/hyperspy,2019-09-03,11036.0,rank-0,4678
Python,https://github.com/hyperspy/hyperspy,2019-09-04,11041.0,rank-0,4679
Python,https://github.com/hyperspy/hyperspy,2019-09-05,11049.0,rank-0,4680
Python,https://github.com/hyperspy/hyperspy,2019-09-06,11056.0,rank-0,4682
Python,https://github.com/hyperspy/hyperspy,2019-09-07,11060.0,rank-0,4682
Python,https://github.com/hyperspy/hyperspy,2019-09-08,11062.0,rank-0,4682
Python,https://github.com/hyperspy/hyperspy,2019-09-10,11066.0,rank-0,4682
Python,https://github.com/hyperspy/hyperspy,2019-09-11,11068.0,rank-0,4682
Python,https://github.com/hyperspy/hyperspy,2019-09-14,11069.0,rank-0,4682
Python,https://github.com/hyperspy/hyperspy,2019-09-16,11073.0,rank-0,4682
Python,https://github.com/hyperspy/hyperspy,2019-09-23,11078.0,rank-0,4682
Python,https://github.com/hyperspy/hyperspy,2019-09-24,11079.0,rank-0,4682
Python,https://github.com/hyperspy/hyperspy,2019-09-27,11083.0,rank-0,4682
Python,https://github.com/hyperspy/hyperspy,2019-09-28,11085.0,rank-0,4682
Python,https://github.com/hyperspy/hyperspy,2019-10-01,11088.0,rank-0,4682
Python,https://github.com/hyperspy/hyperspy,2019-10-02,11089.0,rank-0,4683
Python,https://github.com/hyperspy/hyperspy,2019-10-07,11091.0,rank-0,4683
Python,https://github.com/hyperspy/hyperspy,2019-10-08,11095.0,rank-0,4683
Python,https://github.com/hyperspy/hyperspy,2019-10-11,11098.0,rank-0,4683
Python,https://github.com/hyperspy/hyperspy,2019-10-14,11099.0,rank-0,4683
Python,https://github.com/hyperspy/hyperspy,2019-10-17,11105.0,rank-0,4683
Python,https://github.com/hyperspy/hyperspy,2019-10-18,11109.0,rank-0,4683
Python,https://github.com/hyperspy/hyperspy,2019-10-21,11111.0,rank-0,4683
Python,https://github.com/hyperspy/hyperspy,2019-10-22,11112.0,rank-0,4683
Python,https://github.com/hyperspy/hyperspy,2019-10-24,11113.0,rank-0,4683
Python,https://github.com/hyperspy/hyperspy,2019-10-28,11119.0,rank-0,4683
Python,https://github.com/hyperspy/hyperspy,2019-10-30,11120.0,rank-0,4683
Python,https://github.com/hyperspy/hyperspy,2019-10-31,11122.0,rank-0,4683
Python,https://github.com/hyperspy/hyperspy,2019-11-02,11124.0,rank-0,4683
Python,https://github.com/hyperspy/hyperspy,2019-11-05,11128.0,rank-0,4683
Python,https://github.com/hyperspy/hyperspy,2019-11-08,11130.0,rank-0,4683
Python,https://github.com/hyperspy/hyperspy,2019-11-10,11131.0,rank-0,4683
Python,https://github.com/hyperspy/hyperspy,2019-11-11,11134.0,rank-0,4683
Python,https://github.com/hyperspy/hyperspy,2019-11-12,11140.0,rank-0,4683
Python,https://github.com/hyperspy/hyperspy,2019-11-13,11154.0,rank-0,4683
Python,https://github.com/hyperspy/hyperspy,2019-11-14,11157.0,rank-0,4683
Python,https://github.com/hyperspy/hyperspy,2019-11-15,11166.0,rank-0,4683
Python,https://github.com/hyperspy/hyperspy,2019-11-17,11168.0,rank-0,4683
Python,https://github.com/hyperspy/hyperspy,2019-11-18,11169.0,rank-0,4683
Python,https://github.com/hyperspy/hyperspy,2019-11-20,11171.0,rank-0,4683
Python,https://github.com/hyperspy/hyperspy,2019-11-21,11172.0,rank-0,4683
Python,https://github.com/hyperspy/hyperspy,2019-11-22,11173.0,rank-0,4683
Python,https://github.com/hyperspy/hyperspy,2019-11-23,11174.0,rank-0,4683
Python,https://github.com/hyperspy/hyperspy,2019-11-25,11176.0,rank-0,4683
Python,https://github.com/hyperspy/hyperspy,2019-11-26,11180.0,rank-0,4687
Python,https://github.com/hyperspy/hyperspy,2019-11-27,11184.0,rank-0,4687
Python,https://github.com/hyperspy/hyperspy,2019-11-28,11185.0,rank-0,4687
Python,https://github.com/hyperspy/hyperspy,2019-11-29,11191.0,rank-0,4687
Python,https://github.com/hyperspy/hyperspy,2019-11-30,11192.0,rank-0,4687
Python,https://github.com/hyperspy/hyperspy,2019-12-01,11193.0,rank-0,4687
Python,https://github.com/hyperspy/hyperspy,2019-12-02,11194.0,rank-0,4687
Python,https://github.com/hyperspy/hyperspy,2019-12-04,11200.0,rank-0,4687
Python,https://github.com/hyperspy/hyperspy,2019-12-06,11209.0,rank-0,4688
Python,https://github.com/hyperspy/hyperspy,2019-12-07,11210.0,rank-0,4688
Python,https://github.com/hyperspy/hyperspy,2019-12-08,11211.0,rank-0,4688
Python,https://github.com/hyperspy/hyperspy,2019-12-09,11218.0,rank-0,4693
Python,https://github.com/hyperspy/hyperspy,2019-12-10,11220.0,rank-0,4693
Python,https://github.com/hyperspy/hyperspy,2019-12-12,11230.0,rank-0,4693
Python,https://github.com/hyperspy/hyperspy,2019-12-13,11233.0,rank-0,4693
Python,https://github.com/hyperspy/hyperspy,2019-12-15,11234.0,rank-0,4693
Python,https://github.com/hyperspy/hyperspy,2019-12-18,11237.0,rank-0,4693
Python,https://github.com/hyperspy/hyperspy,2019-12-19,11239.0,rank-0,4693
Python,https://github.com/hyperspy/hyperspy,2019-12-20,11241.0,rank-0,4693
Python,https://github.com/hyperspy/hyperspy,2019-12-21,11243.0,rank-0,4695
Python,https://github.com/hyperspy/hyperspy,2020-01-02,11255.0,rank-0,4695
Python,https://github.com/hyperspy/hyperspy,2020-01-03,11265.0,rank-0,4695
Python,https://github.com/hyperspy/hyperspy,2020-01-04,11266.0,rank-0,4695
Python,https://github.com/hyperspy/hyperspy,2020-01-05,11268.0,rank-0,4695
Python,https://github.com/hyperspy/hyperspy,2020-01-06,11273.0,rank-0,4695
Python,https://github.com/hyperspy/hyperspy,2020-01-07,11282.0,rank-0,4695
Python,https://github.com/hyperspy/hyperspy,2020-01-08,11297.0,rank-0,4697
Python,https://github.com/hyperspy/hyperspy,2020-01-09,11306.0,rank-0,4697
Python,https://github.com/hyperspy/hyperspy,2020-01-11,11307.0,rank-0,4697
Python,https://github.com/hyperspy/hyperspy,2020-01-12,11309.0,rank-0,4697
Python,https://github.com/hyperspy/hyperspy,2020-01-13,11314.0,rank-0,4698
Python,https://github.com/hyperspy/hyperspy,2020-01-14,11317.0,rank-0,4698
Python,https://github.com/hyperspy/hyperspy,2020-01-15,11323.0,rank-0,4698
Python,https://github.com/hyperspy/hyperspy,2020-01-16,11343.0,rank-0,4699
Python,https://github.com/hyperspy/hyperspy,2020-01-17,11348.0,rank-0,4701
Python,https://github.com/hyperspy/hyperspy,2020-01-18,11349.0,rank-0,4701
Python,https://github.com/hyperspy/hyperspy,2020-01-19,11361.0,rank-0,4701
Python,https://github.com/hyperspy/hyperspy,2020-01-20,11367.0,rank-0,4701
Python,https://github.com/hyperspy/hyperspy,2020-01-21,11370.0,rank-0,4701
Python,https://github.com/hyperspy/hyperspy,2020-01-23,11374.0,rank-0,4701
Python,https://github.com/hyperspy/hyperspy,2020-01-24,11378.0,rank-0,4701
Python,https://github.com/hyperspy/hyperspy,2020-01-25,11389.0,rank-0,4701
Python,https://github.com/hyperspy/hyperspy,2020-01-27,11398.0,rank-0,4702
Python,https://github.com/hyperspy/hyperspy,2020-01-28,11401.0,rank-0,4702
Python,https://github.com/hyperspy/hyperspy,2020-01-29,11407.0,rank-0,4703
Python,https://github.com/hyperspy/hyperspy,2020-02-01,11408.0,rank-0,4703
Python,https://github.com/hyperspy/hyperspy,2020-02-02,11415.0,rank-0,4703
Python,https://github.com/hyperspy/hyperspy,2020-02-03,11419.0,rank-0,4704
Python,https://github.com/hyperspy/hyperspy,2020-02-04,11425.0,rank-0,4704
Python,https://github.com/hyperspy/hyperspy,2020-02-05,11431.0,rank-0,4704
Python,https://github.com/hyperspy/hyperspy,2020-02-06,11436.0,rank-0,4704
Python,https://github.com/hyperspy/hyperspy,2020-02-08,11438.0,rank-0,4704
Python,https://github.com/hyperspy/hyperspy,2020-02-13,11440.0,rank-0,4704
Python,https://github.com/hyperspy/hyperspy,2020-02-14,11441.0,rank-0,4704
Python,https://github.com/hyperspy/hyperspy,2020-02-17,11442.0,rank-0,4704
Python,https://github.com/hyperspy/hyperspy,2020-02-21,11444.0,rank-0,4704
Python,https://github.com/hyperspy/hyperspy,2020-02-22,11446.0,rank-0,4704
Python,https://github.com/hyperspy/hyperspy,2020-02-23,11449.0,rank-0,4704
Python,https://github.com/hyperspy/hyperspy,2020-02-25,11453.0,rank-0,4704
Python,https://github.com/hyperspy/hyperspy,2020-02-26,11455.0,rank-0,4704
Python,https://github.com/hyperspy/hyperspy,2020-02-27,11462.0,rank-0,4704
Python,https://github.com/hyperspy/hyperspy,2020-02-29,11465.0,rank-0,4704
Python,https://github.com/hyperspy/hyperspy,2020-03-02,11468.0,rank-0,4704
Python,https://github.com/hyperspy/hyperspy,2020-03-03,11471.0,rank-0,4704
Python,https://github.com/hyperspy/hyperspy,2020-03-04,11477.0,rank-0,4704
Python,https://github.com/hyperspy/hyperspy,2020-03-05,11479.0,rank-0,4704
Python,https://github.com/hyperspy/hyperspy,2020-03-07,11480.0,rank-0,4704
Python,https://github.com/hyperspy/hyperspy,2020-03-09,11481.0,rank-0,4704
Python,https://github.com/hyperspy/hyperspy,2020-03-12,11484.0,rank-0,4704
Python,https://github.com/hyperspy/hyperspy,2020-03-13,11485.0,rank-0,4704
Python,https://github.com/hyperspy/hyperspy,2020-03-16,11487.0,rank-0,4704
Python,https://github.com/hyperspy/hyperspy,2020-03-17,11488.0,rank-0,4704
Python,https://github.com/hyperspy/hyperspy,2020-03-18,11492.0,rank-0,4704
Python,https://github.com/hyperspy/hyperspy,2020-03-20,11493.0,rank-0,4704
Python,https://github.com/hyperspy/hyperspy,2020-03-22,11495.0,rank-0,4705
Python,https://github.com/hyperspy/hyperspy,2020-03-23,11497.0,rank-0,4705
Python,https://github.com/hyperspy/hyperspy,2020-03-24,11499.0,rank-0,4705
Python,https://github.com/hyperspy/hyperspy,2020-03-31,11504.0,rank-0,4705
Python,https://github.com/hyperspy/hyperspy,2020-04-01,11523.0,rank-0,4707
Python,https://github.com/hyperspy/hyperspy,2020-04-02,11544.0,rank-0,4708
Python,https://github.com/hyperspy/hyperspy,2020-04-03,11558.0,rank-0,4713
Python,https://github.com/hyperspy/hyperspy,2020-04-04,11561.0,rank-0,4713
Python,https://github.com/hyperspy/hyperspy,2020-04-05,11564.0,rank-0,4714
Python,https://github.com/hyperspy/hyperspy,2020-04-06,11574.0,rank-0,4714
Python,https://github.com/hyperspy/hyperspy,2020-04-07,11579.0,rank-0,4714
Python,https://github.com/hyperspy/hyperspy,2020-04-08,11593.0,rank-0,4714
Python,https://github.com/hyperspy/hyperspy,2020-04-09,11603.0,rank-0,4714
Python,https://github.com/hyperspy/hyperspy,2020-04-10,11604.0,rank-0,4714
Python,https://github.com/hyperspy/hyperspy,2020-04-13,11611.0,rank-0,4714
Python,https://github.com/hyperspy/hyperspy,2020-04-14,11619.0,rank-0,4714
Python,https://github.com/hyperspy/hyperspy,2020-04-15,11638.0,rank-0,4715
Python,https://github.com/hyperspy/hyperspy,2020-04-16,11645.0,rank-0,4715
Python,https://github.com/hyperspy/hyperspy,2020-04-18,11650.0,rank-0,4715
Python,https://github.com/hyperspy/hyperspy,2020-04-19,11653.0,rank-0,4715
Python,https://github.com/hyperspy/hyperspy,2020-04-20,11678.0,rank-0,4716
Python,https://github.com/hyperspy/hyperspy,2020-04-21,11694.0,rank-0,4718
Python,https://github.com/hyperspy/hyperspy,2020-04-22,11699.0,rank-0,4721
Python,https://github.com/hyperspy/hyperspy,2020-04-23,11703.0,rank-0,4722
Python,https://github.com/hyperspy/hyperspy,2020-04-24,11734.0,rank-0,4722
Python,https://github.com/hyperspy/hyperspy,2020-04-25,11736.0,rank-0,4723
Python,https://github.com/hyperspy/hyperspy,2020-04-26,11745.0,rank-0,4723
Python,https://github.com/hyperspy/hyperspy,2020-04-27,11757.0,rank-0,4723
Python,https://github.com/hyperspy/hyperspy,2020-04-28,11766.0,rank-0,4723
Python,https://github.com/hyperspy/hyperspy,2020-04-29,11772.0,rank-0,4723
Python,https://github.com/hyperspy/hyperspy,2020-04-30,11783.0,rank-0,4724
Python,https://github.com/hyperspy/hyperspy,2020-05-01,11786.0,rank-0,4724
Python,https://github.com/hyperspy/hyperspy,2020-05-02,11787.0,rank-0,4724
Python,https://github.com/hyperspy/hyperspy,2020-05-04,11788.0,rank-0,4724
Python,https://github.com/hyperspy/hyperspy,2020-05-05,11799.0,rank-0,4725
Python,https://github.com/hyperspy/hyperspy,2020-05-06,11814.0,rank-0,4725
Python,https://github.com/hyperspy/hyperspy,2020-05-07,11816.0,rank-0,4725
Python,https://github.com/hyperspy/hyperspy,2020-05-08,11823.0,rank-0,4725
Python,https://github.com/hyperspy/hyperspy,2020-05-09,11825.0,rank-0,4726
Python,https://github.com/hyperspy/hyperspy,2020-05-11,11828.0,rank-0,4726
Python,https://github.com/hyperspy/hyperspy,2020-05-12,11841.0,rank-0,4726
Python,https://github.com/hyperspy/hyperspy,2020-05-13,11846.0,rank-0,4727
Python,https://github.com/hyperspy/hyperspy,2020-05-14,11856.0,rank-0,4729
Python,https://github.com/hyperspy/hyperspy,2020-05-15,11866.0,rank-0,4730
Python,https://github.com/hyperspy/hyperspy,2020-05-16,11872.0,rank-0,4730
Python,https://github.com/hyperspy/hyperspy,2020-05-17,11881.0,rank-0,4731
Python,https://github.com/hyperspy/hyperspy,2020-05-18,11891.0,rank-0,4731
Python,https://github.com/hyperspy/hyperspy,2020-05-19,11898.0,rank-0,4732
Python,https://github.com/hyperspy/hyperspy,2020-05-20,11900.0,rank-0,4733
Python,https://github.com/hyperspy/hyperspy,2020-05-21,11901.0,rank-0,4733
Python,https://github.com/hyperspy/hyperspy,2020-05-22,11902.0,rank-0,4733
Python,https://github.com/hyperspy/hyperspy,2020-05-24,11911.0,rank-0,4733
Python,https://github.com/hyperspy/hyperspy,2020-05-25,11921.0,rank-0,4733
Python,https://github.com/hyperspy/hyperspy,2020-05-26,11928.0,rank-0,4733
Python,https://github.com/hyperspy/hyperspy,2020-05-27,11939.0,rank-0,4734
Python,https://github.com/hyperspy/hyperspy,2020-05-28,11952.0,rank-0,4734
Python,https://github.com/hyperspy/hyperspy,2020-05-29,11960.0,rank-0,4734
Python,https://github.com/hyperspy/hyperspy,2020-05-30,11961.0,rank-0,4734
Python,https://github.com/hyperspy/hyperspy,2020-05-31,11975.0,rank-0,4735
Python,https://github.com/hyperspy/hyperspy,2020-06-01,11978.0,rank-0,4735
Python,https://github.com/hyperspy/hyperspy,2020-06-02,11984.0,rank-0,4735
Python,https://github.com/hyperspy/hyperspy,2020-06-03,11987.0,rank-0,4735
Python,https://github.com/hyperspy/hyperspy,2020-06-04,11990.0,rank-0,4735
Python,https://github.com/hyperspy/hyperspy,2020-06-05,12002.0,rank-0,4735
Python,https://github.com/hyperspy/hyperspy,2020-06-06,12007.0,rank-0,4736
Python,https://github.com/hyperspy/hyperspy,2020-06-07,12013.0,rank-0,4736
Python,https://github.com/hyperspy/hyperspy,2020-06-08,12025.0,rank-0,4736
Python,https://github.com/hyperspy/hyperspy,2020-06-09,12031.0,rank-0,4736
Python,https://github.com/hyperspy/hyperspy,2020-06-10,12037.0,rank-0,4736
Python,https://github.com/hyperspy/hyperspy,2020-06-11,12045.0,rank-0,4736
Python,https://github.com/hyperspy/hyperspy,2020-06-12,12049.0,rank-0,4737
Python,https://github.com/hyperspy/hyperspy,2020-06-13,12052.0,rank-0,4737
Python,https://github.com/hyperspy/hyperspy,2020-06-14,12054.0,rank-0,4737
Python,https://github.com/hyperspy/hyperspy,2020-06-15,12057.0,rank-0,4738
Python,https://github.com/hyperspy/hyperspy,2020-06-16,12060.0,rank-0,4738
Python,https://github.com/hyperspy/hyperspy,2020-06-17,12062.0,rank-0,4738
Python,https://github.com/hyperspy/hyperspy,2020-06-18,12067.0,rank-0,4739
Python,https://github.com/hyperspy/hyperspy,2020-06-19,12074.0,rank-0,4739
Python,https://github.com/hyperspy/hyperspy,2020-06-20,12075.0,rank-0,4739
Python,https://github.com/hyperspy/hyperspy,2020-06-22,12083.0,rank-0,4740
Python,https://github.com/hyperspy/hyperspy,2020-06-23,12090.0,rank-0,4741
Python,https://github.com/hyperspy/hyperspy,2020-06-24,12092.0,rank-0,4741
Python,https://github.com/hyperspy/hyperspy,2020-06-25,12101.0,rank-0,4741
Python,https://github.com/hyperspy/hyperspy,2020-06-26,12102.0,rank-0,4741
Python,https://github.com/hyperspy/hyperspy,2020-06-29,12108.0,rank-0,4741
Python,https://github.com/hyperspy/hyperspy,2020-06-30,12109.0,rank-0,4742
Python,https://github.com/hyperspy/hyperspy,2020-07-01,12117.0,rank-0,4743
Python,https://github.com/hyperspy/hyperspy,2020-07-02,12120.0,rank-0,4743
Python,https://github.com/hyperspy/hyperspy,2020-07-05,12127.0,rank-0,4743
Python,https://github.com/hyperspy/hyperspy,2020-07-06,12131.0,rank-0,4743
Python,https://github.com/hyperspy/hyperspy,2020-07-07,12132.0,rank-0,4743
Python,https://github.com/hyperspy/hyperspy,2020-07-10,12145.0,rank-0,4743
Python,https://github.com/hyperspy/hyperspy,2020-07-11,12148.0,rank-0,4743
Python,https://github.com/hyperspy/hyperspy,2020-07-13,12152.0,rank-0,4743
Python,https://github.com/hyperspy/hyperspy,2020-07-15,12155.0,rank-0,4743
Python,https://github.com/hyperspy/hyperspy,2020-07-16,12156.0,rank-0,4743
Python,https://github.com/hyperspy/hyperspy,2020-07-17,12157.0,rank-0,4743
Python,https://github.com/hyperspy/hyperspy,2020-07-18,12165.0,rank-0,4743
Python,https://github.com/hyperspy/hyperspy,2020-07-19,12167.0,rank-0,4743
Python,https://github.com/hyperspy/hyperspy,2020-07-21,12180.0,rank-0,4745
Python,https://github.com/hyperspy/hyperspy,2020-07-22,12186.0,rank-0,4745
Python,https://github.com/hyperspy/hyperspy,2020-07-23,12192.0,rank-0,4745
Python,https://github.com/hyperspy/hyperspy,2020-07-24,12193.0,rank-0,4745
Python,https://github.com/hyperspy/hyperspy,2020-07-25,12196.0,rank-0,4745
Python,https://github.com/hyperspy/hyperspy,2020-07-26,12197.0,rank-0,4745
Python,https://github.com/hyperspy/hyperspy,2020-07-27,12213.0,rank-0,4746
Python,https://github.com/hyperspy/hyperspy,2020-07-28,12229.0,rank-0,4746
Python,https://github.com/hyperspy/hyperspy,2020-07-29,12237.0,rank-0,4747
Python,https://github.com/hyperspy/hyperspy,2020-07-30,12266.0,rank-0,4748
Python,https://github.com/hyperspy/hyperspy,2020-07-31,12292.0,rank-0,4748
Python,https://github.com/hyperspy/hyperspy,2020-08-01,12298.0,rank-0,4748
Python,https://github.com/hyperspy/hyperspy,2020-08-02,12309.0,rank-0,4748
Python,https://github.com/hyperspy/hyperspy,2020-08-03,12345.0,rank-0,4753
Python,https://github.com/hyperspy/hyperspy,2020-08-04,12400.0,rank-0,4754
Python,https://github.com/hyperspy/hyperspy,2020-08-05,12427.0,rank-0,4757
Python,https://github.com/hyperspy/hyperspy,2020-08-06,12444.0,rank-0,4757
Python,https://github.com/hyperspy/hyperspy,2020-08-10,12447.0,rank-0,4757
Python,https://github.com/hyperspy/hyperspy,2020-08-11,12448.0,rank-0,4757
Python,https://github.com/hyperspy/hyperspy,2020-08-13,12451.0,rank-0,4757
Python,https://github.com/hyperspy/hyperspy,2020-08-14,12452.0,rank-0,4757
Python,https://github.com/hyperspy/hyperspy,2020-08-15,12455.0,rank-0,4757
Python,https://github.com/hyperspy/hyperspy,2020-08-16,12459.0,rank-0,4757
Python,https://github.com/hyperspy/hyperspy,2020-08-18,12461.0,rank-0,4757
Python,https://github.com/hyperspy/hyperspy,2020-08-19,12465.0,rank-0,4757
Python,https://github.com/hyperspy/hyperspy,2020-08-21,12472.0,rank-0,4757
Python,https://github.com/hyperspy/hyperspy,2020-08-22,12476.0,rank-0,4757
Python,https://github.com/hyperspy/hyperspy,2020-08-23,12481.0,rank-0,4757
Python,https://github.com/hyperspy/hyperspy,2020-08-24,12495.0,rank-0,4759
Python,https://github.com/hyperspy/hyperspy,2020-08-25,12510.0,rank-0,4759
Python,https://github.com/hyperspy/hyperspy,2020-08-26,12525.0,rank-0,4759
Python,https://github.com/hyperspy/hyperspy,2020-08-27,12528.0,rank-0,4759
Python,https://github.com/hyperspy/hyperspy,2020-08-29,12531.0,rank-0,4759
Python,https://github.com/hyperspy/hyperspy,2020-08-30,12542.0,rank-0,4759
Python,https://github.com/hyperspy/hyperspy,2020-08-31,12562.0,rank-0,4759
Python,https://github.com/hyperspy/hyperspy,2020-09-01,12581.0,rank-0,4759
Python,https://github.com/hyperspy/hyperspy,2020-09-02,12599.0,rank-0,4760
Python,https://github.com/hyperspy/hyperspy,2020-09-03,12604.0,rank-0,4763
Python,https://github.com/hyperspy/hyperspy,2020-09-04,12607.0,rank-0,4763
Python,https://github.com/hyperspy/hyperspy,2020-09-07,12610.0,rank-0,4763
Python,https://github.com/hyperspy/hyperspy,2020-09-08,12636.0,rank-0,4763
Python,https://github.com/hyperspy/hyperspy,2020-09-09,12650.0,rank-0,4763
Python,https://github.com/hyperspy/hyperspy,2020-09-10,12660.0,rank-0,4763
Python,https://github.com/hyperspy/hyperspy,2020-09-11,12667.0,rank-0,4763
Python,https://github.com/hyperspy/hyperspy,2020-09-12,12669.0,rank-0,4763
Python,https://github.com/hyperspy/hyperspy,2020-09-13,12671.0,rank-0,4763
Python,https://github.com/hyperspy/hyperspy,2020-09-19,12674.0,rank-0,4763
Python,https://github.com/hyperspy/hyperspy,2020-09-20,12680.0,rank-0,4763
Python,https://github.com/hyperspy/hyperspy,2020-09-22,12682.0,rank-0,4763
Python,https://github.com/hyperspy/hyperspy,2020-09-23,12683.0,rank-0,4763
Python,https://github.com/hyperspy/hyperspy,2020-09-24,12687.0,rank-0,4763
Python,https://github.com/hyperspy/hyperspy,2020-09-26,12688.0,rank-0,4763
Python,https://github.com/hyperspy/hyperspy,2020-09-27,12690.0,rank-0,4763
Python,https://github.com/hyperspy/hyperspy,2020-09-28,12691.0,rank-0,4763
Python,https://github.com/hyperspy/hyperspy,2020-09-30,12693.0,rank-0,4763
Python,https://github.com/hyperspy/hyperspy,2020-10-01,12695.0,rank-0,4763
Python,https://github.com/hyperspy/hyperspy,2020-10-02,12696.0,rank-0,4763
Python,https://github.com/hyperspy/hyperspy,2020-10-04,12699.0,rank-0,4763
Python,https://github.com/hyperspy/hyperspy,2020-10-14,12703.0,rank-0,4763
Python,https://github.com/hyperspy/hyperspy,2020-10-15,12705.0,rank-0,4763
Python,https://github.com/hyperspy/hyperspy,2020-10-16,12710.0,rank-0,4763
Python,https://github.com/hyperspy/hyperspy,2020-10-17,12713.0,rank-0,4763
Python,https://github.com/hyperspy/hyperspy,2020-10-18,12718.0,rank-0,4763
Python,https://github.com/hyperspy/hyperspy,2020-10-19,12722.0,rank-0,4763
Python,https://github.com/hyperspy/hyperspy,2020-10-23,12723.0,rank-0,4763
Python,https://github.com/hyperspy/hyperspy,2020-10-24,12724.0,rank-0,4763
Python,https://github.com/hyperspy/hyperspy,2020-10-25,12728.0,rank-0,4763
Python,https://github.com/hyperspy/hyperspy,2020-10-26,12730.0,rank-0,4763
Python,https://github.com/hyperspy/hyperspy,2020-10-27,12732.0,rank-0,4763
Python,https://github.com/hyperspy/hyperspy,2020-10-29,12735.0,rank-0,4763
Python,https://github.com/hyperspy/hyperspy,2020-10-30,12738.0,rank-0,4763
Python,https://github.com/hyperspy/hyperspy,2020-10-31,12746.0,rank-0,4763
Python,https://github.com/hyperspy/hyperspy,2020-11-01,12748.0,rank-0,4763
Python,https://github.com/hyperspy/hyperspy,2020-11-02,12752.0,rank-0,4763
Python,https://github.com/hyperspy/hyperspy,2020-11-03,12758.0,rank-0,4763
Python,https://github.com/hyperspy/hyperspy,2020-11-04,12761.0,rank-0,4763
Python,https://github.com/hyperspy/hyperspy,2020-11-05,12771.0,rank-0,4763
Python,https://github.com/hyperspy/hyperspy,2020-11-06,12774.0,rank-0,4763
Python,https://github.com/hyperspy/hyperspy,2020-11-07,12780.0,rank-0,4763
Python,https://github.com/hyperspy/hyperspy,2020-11-08,12787.0,rank-0,4763
Python,https://github.com/hyperspy/hyperspy,2020-11-09,12791.0,rank-0,4763
Python,https://github.com/hyperspy/hyperspy,2020-11-11,12794.0,rank-0,4763
Python,https://github.com/hyperspy/hyperspy,2020-11-12,12796.0,rank-0,4763
Python,https://github.com/hyperspy/hyperspy,2020-11-13,12800.0,rank-0,4763
Python,https://github.com/hyperspy/hyperspy,2020-11-14,12802.0,rank-0,4763
Python,https://github.com/hyperspy/hyperspy,2020-11-16,12807.0,rank-0,4763
Python,https://github.com/hyperspy/hyperspy,2020-11-19,12808.0,rank-0,4763
Python,https://github.com/hyperspy/hyperspy,2020-11-20,12817.0,rank-0,4763
Python,https://github.com/hyperspy/hyperspy,2020-11-22,12818.0,rank-0,4763
Python,https://github.com/hyperspy/hyperspy,2020-11-23,12820.0,rank-0,4763
Python,https://github.com/hyperspy/hyperspy,2020-11-24,12829.0,rank-0,4763
Python,https://github.com/hyperspy/hyperspy,2020-11-25,12836.0,rank-0,4768
Python,https://github.com/hyperspy/hyperspy,2020-11-26,12838.0,rank-0,4768
Python,https://github.com/hyperspy/hyperspy,2020-11-27,12841.0,rank-0,4768
Python,https://github.com/hyperspy/hyperspy,2020-11-28,12861.0,rank-0,4768
Python,https://github.com/hyperspy/hyperspy,2020-11-29,12862.0,rank-0,4768
Python,https://github.com/hyperspy/hyperspy,2020-11-30,12870.0,rank-0,4768
Python,https://github.com/hyperspy/hyperspy,2020-12-01,12877.0,rank-0,4768
Python,https://github.com/hyperspy/hyperspy,2020-12-02,12879.0,rank-0,4768
Python,https://github.com/hyperspy/hyperspy,2020-12-03,12884.0,rank-0,4768
Python,https://github.com/hyperspy/hyperspy,2020-12-04,12885.0,rank-0,4768
Python,https://github.com/hyperspy/hyperspy,2020-12-06,12888.0,rank-0,4768
Python,https://github.com/hyperspy/hyperspy,2020-12-14,12889.0,rank-0,4768
Python,https://github.com/hyperspy/hyperspy,2020-12-15,12894.0,rank-0,4768
Python,https://github.com/hyperspy/hyperspy,2020-12-16,12897.0,rank-0,4768
Python,https://github.com/hyperspy/hyperspy,2020-12-17,12904.0,rank-0,4768
Python,https://github.com/hyperspy/hyperspy,2020-12-18,12906.0,rank-0,4768
Python,https://github.com/hyperspy/hyperspy,2020-12-19,12907.0,rank-0,4768
Python,https://github.com/hyperspy/hyperspy,2020-12-21,12912.0,rank-0,4768
Python,https://github.com/hyperspy/hyperspy,2020-12-22,12913.0,rank-0,4768
Python,https://github.com/hyperspy/hyperspy,2020-12-23,12918.0,rank-0,4768
Python,https://github.com/hyperspy/hyperspy,2020-12-24,12921.0,rank-0,4768
Python,https://github.com/hyperspy/hyperspy,2020-12-26,12924.0,rank-0,4768
Python,https://github.com/hyperspy/hyperspy,2020-12-27,12933.0,rank-0,4768
Python,https://github.com/hyperspy/hyperspy,2020-12-28,12938.0,rank-0,4768
Python,https://github.com/hyperspy/hyperspy,2020-12-30,12939.0,rank-0,4768
Python,https://github.com/hyperspy/hyperspy,2020-12-31,12940.0,rank-0,4768
Python,https://github.com/hyperspy/hyperspy,2021-01-03,12941.0,rank-0,4768
Python,https://github.com/hyperspy/hyperspy,2021-01-04,12944.0,rank-0,4768
Python,https://github.com/hyperspy/hyperspy,2021-01-05,12947.0,rank-0,4768
Python,https://github.com/hyperspy/hyperspy,2021-01-06,12950.0,rank-0,4768
Python,https://github.com/hyperspy/hyperspy,2021-01-09,12952.0,rank-0,4768
Python,https://github.com/hyperspy/hyperspy,2021-01-11,12953.0,rank-0,4768
Python,https://github.com/hyperspy/hyperspy,2021-01-12,12955.0,rank-0,4768
Python,https://github.com/hyperspy/hyperspy,2021-01-13,12956.0,rank-0,4768
Python,https://github.com/hyperspy/hyperspy,2021-01-14,12964.0,rank-0,4768
Python,https://github.com/hyperspy/hyperspy,2021-01-15,12974.0,rank-0,4768
Python,https://github.com/hyperspy/hyperspy,2021-01-16,12975.0,rank-0,4768
Python,https://github.com/hyperspy/hyperspy,2021-01-17,12977.0,rank-0,4768
Python,https://github.com/hyperspy/hyperspy,2021-01-18,12981.0,rank-0,4768
Python,https://github.com/hyperspy/hyperspy,2021-01-19,12986.0,rank-0,4768
Python,https://github.com/hyperspy/hyperspy,2021-01-20,12987.0,rank-0,4768
Python,https://github.com/hyperspy/hyperspy,2021-01-21,12988.0,rank-0,4768
Python,https://github.com/hyperspy/hyperspy,2021-01-22,12990.0,rank-0,4768
Python,https://github.com/hyperspy/hyperspy,2021-01-24,12998.0,rank-0,4768
Python,https://github.com/hyperspy/hyperspy,2021-01-25,12999.0,rank-0,4768
Python,https://github.com/hyperspy/hyperspy,2021-01-26,13004.0,rank-0,4768
Python,https://github.com/hyperspy/hyperspy,2021-01-27,13010.0,rank-0,4768
Python,https://github.com/hyperspy/hyperspy,2021-01-28,13013.0,rank-0,4768
Python,https://github.com/hyperspy/hyperspy,2021-01-29,13029.0,rank-0,4768
Python,https://github.com/hyperspy/hyperspy,2021-01-30,13041.0,rank-0,4768
Python,https://github.com/hyperspy/hyperspy,2021-01-31,13061.0,rank-0,4768
Python,https://github.com/hyperspy/hyperspy,2021-02-01,13071.0,rank-0,4768
Python,https://github.com/hyperspy/hyperspy,2021-02-02,13084.0,rank-0,4768
Python,https://github.com/hyperspy/hyperspy,2021-02-03,13087.0,rank-0,4768
Python,https://github.com/hyperspy/hyperspy,2021-02-04,13089.0,rank-0,4768
Python,https://github.com/hyperspy/hyperspy,2021-02-05,13092.0,rank-0,4768
Python,https://github.com/hyperspy/hyperspy,2021-02-09,13098.0,rank-0,4768
Python,https://github.com/hyperspy/hyperspy,2021-02-10,13100.0,rank-0,4768
Python,https://github.com/hyperspy/hyperspy,2021-02-11,13104.0,rank-0,4768
Python,https://github.com/hyperspy/hyperspy,2021-02-12,13105.0,rank-0,4768
Python,https://github.com/hyperspy/hyperspy,2021-02-13,13112.0,rank-0,4768
Python,https://github.com/hyperspy/hyperspy,2021-02-14,13119.0,rank-0,4768
Python,https://github.com/hyperspy/hyperspy,2021-02-15,13120.0,rank-0,4768
Python,https://github.com/hyperspy/hyperspy,2021-02-16,13128.0,rank-0,4768
Python,https://github.com/hyperspy/hyperspy,2021-02-17,13132.0,rank-0,4768
Python,https://github.com/hyperspy/hyperspy,2021-02-21,13133.0,rank-0,4768
Python,https://github.com/hyperspy/hyperspy,2021-02-25,13136.0,rank-0,4768
Python,https://github.com/hyperspy/hyperspy,2021-02-27,13144.0,rank-0,4768
Python,https://github.com/hyperspy/hyperspy,2021-02-28,13145.0,rank-0,4768
Python,https://github.com/hyperspy/hyperspy,2021-03-01,13150.0,rank-0,4768
Python,https://github.com/hyperspy/hyperspy,2021-03-02,13155.0,rank-0,4768
Python,https://github.com/hyperspy/hyperspy,2021-03-03,13164.0,rank-0,4768
Python,https://github.com/hyperspy/hyperspy,2021-03-04,13172.0,rank-0,4768
Python,https://github.com/hyperspy/hyperspy,2021-03-05,13175.0,rank-0,4768
Python,https://github.com/hyperspy/hyperspy,2021-03-06,13178.0,rank-0,4768
Python,https://github.com/hyperspy/hyperspy,2021-03-07,13190.0,rank-0,4769
Python,https://github.com/hyperspy/hyperspy,2021-03-08,13198.0,rank-0,4769
Python,https://github.com/hyperspy/hyperspy,2021-03-09,13225.0,rank-0,4778
Python,https://github.com/hyperspy/hyperspy,2021-03-10,13233.0,rank-0,4778
Python,https://github.com/hyperspy/hyperspy,2021-03-11,13237.0,rank-0,4778
Python,https://github.com/hyperspy/hyperspy,2021-03-12,13243.0,rank-0,4779
Python,https://github.com/hyperspy/hyperspy,2021-03-13,13252.0,rank-0,4779
Python,https://github.com/hyperspy/hyperspy,2021-03-14,13255.0,rank-0,4779
Python,https://github.com/hyperspy/hyperspy,2021-03-15,13264.0,rank-0,4779
Python,https://github.com/hyperspy/hyperspy,2021-03-16,13281.0,rank-0,4779
Python,https://github.com/hyperspy/hyperspy,2021-03-17,13295.0,rank-0,4779
Python,https://github.com/hyperspy/hyperspy,2021-03-18,13303.0,rank-0,4779
Python,https://github.com/hyperspy/hyperspy,2021-03-20,13307.0,rank-0,4779
Python,https://github.com/hyperspy/hyperspy,2021-03-22,13321.0,rank-0,4779
Python,https://github.com/hyperspy/hyperspy,2021-03-23,13322.0,rank-0,4779
Python,https://github.com/hyperspy/hyperspy,2021-03-24,13326.0,rank-0,4779
Python,https://github.com/hyperspy/hyperspy,2021-03-25,13328.0,rank-0,4780
Python,https://github.com/hyperspy/hyperspy,2021-03-26,13333.0,rank-0,4780
Python,https://github.com/hyperspy/hyperspy,2021-03-27,13337.0,rank-0,4780
Python,https://github.com/hyperspy/hyperspy,2021-03-28,13346.0,rank-0,4780
Python,https://github.com/hyperspy/hyperspy,2021-03-29,13351.0,rank-0,4780
Python,https://github.com/hyperspy/hyperspy,2021-03-30,13352.0,rank-0,4780
Python,https://github.com/hyperspy/hyperspy,2021-03-31,13354.0,rank-0,4780
Python,https://github.com/hyperspy/hyperspy,2021-04-01,13363.0,rank-0,4780
Python,https://github.com/hyperspy/hyperspy,2021-04-02,13365.0,rank-0,4780
Python,https://github.com/hyperspy/hyperspy,2021-04-05,13368.0,rank-0,4780
Python,https://github.com/hyperspy/hyperspy,2021-04-06,13370.0,rank-0,4780
Python,https://github.com/hyperspy/hyperspy,2021-04-07,13381.0,rank-0,4780
Python,https://github.com/hyperspy/hyperspy,2021-04-08,13388.0,rank-0,4781
Python,https://github.com/hyperspy/hyperspy,2021-04-09,13406.0,rank-0,4782
Python,https://github.com/hyperspy/hyperspy,2021-04-11,13411.0,rank-0,4782
Python,https://github.com/hyperspy/hyperspy,2021-04-12,13417.0,rank-0,4785
Python,https://github.com/hyperspy/hyperspy,2021-04-13,13426.0,rank-0,4786
Python,https://github.com/hyperspy/hyperspy,2021-04-14,13429.0,rank-0,4788
Python,https://github.com/hyperspy/hyperspy,2021-04-15,13433.0,rank-0,4790
Python,https://github.com/hyperspy/hyperspy,2021-04-20,13437.0,rank-0,4790
Python,https://github.com/hyperspy/hyperspy,2021-04-21,13445.0,rank-0,4791
Python,https://github.com/hyperspy/hyperspy,2021-04-23,13446.0,rank-0,4791
Python,https://github.com/hyperspy/hyperspy,2021-04-24,13448.0,rank-0,4791
Python,https://github.com/hyperspy/hyperspy,2021-04-26,13451.0,rank-0,4791
Python,https://github.com/hyperspy/hyperspy,2021-04-27,13465.0,rank-0,4791
Python,https://github.com/hyperspy/hyperspy,2021-04-28,13467.0,rank-0,4791
Python,https://github.com/hyperspy/hyperspy,2021-04-29,13471.0,rank-0,4791
Python,https://github.com/hyperspy/hyperspy,2021-04-30,13474.0,rank-0,4791
Python,https://github.com/hyperspy/hyperspy,2021-05-02,13480.0,rank-0,4791
Python,https://github.com/hyperspy/hyperspy,2021-05-03,13488.0,rank-0,4791
Python,https://github.com/hyperspy/hyperspy,2021-05-04,13494.0,rank-0,4791
Python,https://github.com/hyperspy/hyperspy,2021-05-05,13504.0,rank-0,4791
Python,https://github.com/hyperspy/hyperspy,2021-05-06,13508.0,rank-0,4791
Python,https://github.com/hyperspy/hyperspy,2021-05-07,13511.0,rank-0,4791
Python,https://github.com/hyperspy/hyperspy,2021-05-09,13514.0,rank-0,4791
Python,https://github.com/hyperspy/hyperspy,2021-05-10,13517.0,rank-0,4792
Python,https://github.com/hyperspy/hyperspy,2021-05-11,13521.0,rank-0,4792
Python,https://github.com/hyperspy/hyperspy,2021-05-12,13522.0,rank-0,4792
Python,https://github.com/hyperspy/hyperspy,2021-05-16,13529.0,rank-0,4792
Python,https://github.com/hyperspy/hyperspy,2021-05-17,13531.0,rank-0,4792
Python,https://github.com/hyperspy/hyperspy,2021-05-18,13536.0,rank-0,4792
Python,https://github.com/hyperspy/hyperspy,2021-05-19,13548.0,rank-0,4792
Python,https://github.com/hyperspy/hyperspy,2021-05-20,13557.0,rank-0,4794
Python,https://github.com/hyperspy/hyperspy,2021-05-21,13558.0,rank-0,4795
Python,https://github.com/hyperspy/hyperspy,2021-05-24,13559.0,rank-0,4795
Python,https://github.com/hyperspy/hyperspy,2021-05-25,13566.0,rank-0,4795
Python,https://github.com/hyperspy/hyperspy,2021-05-26,13569.0,rank-0,4795
Python,https://github.com/hyperspy/hyperspy,2021-05-27,13576.0,rank-0,4795
Python,https://github.com/hyperspy/hyperspy,2021-05-28,13577.0,rank-0,4796
Python,https://github.com/hyperspy/hyperspy,2021-05-31,13579.0,rank-0,4796
Python,https://github.com/hyperspy/hyperspy,2021-06-01,13588.0,rank-0,4796
Python,https://github.com/hyperspy/hyperspy,2021-06-02,13597.0,rank-0,4796
Python,https://github.com/hyperspy/hyperspy,2021-06-03,13621.0,rank-0,4796
Python,https://github.com/hyperspy/hyperspy,2021-06-04,13623.0,rank-0,4796
Python,https://github.com/hyperspy/hyperspy,2021-06-05,13624.0,rank-0,4796
Python,https://github.com/hyperspy/hyperspy,2021-06-06,13631.0,rank-0,4796
Python,https://github.com/hyperspy/hyperspy,2021-06-07,13633.0,rank-0,4796
Python,https://github.com/hyperspy/hyperspy,2021-06-08,13637.0,rank-0,4796
Python,https://github.com/hyperspy/hyperspy,2021-06-10,13648.0,rank-0,4796
Python,https://github.com/hyperspy/hyperspy,2021-06-11,13651.0,rank-0,4796
Python,https://github.com/hyperspy/hyperspy,2021-06-14,13653.0,rank-0,4796
Python,https://github.com/hyperspy/hyperspy,2021-06-15,13654.0,rank-0,4796
Python,https://github.com/hyperspy/hyperspy,2021-06-17,13656.0,rank-0,4796
Python,https://github.com/hyperspy/hyperspy,2021-06-18,13659.0,rank-0,4796
Python,https://github.com/hyperspy/hyperspy,2021-06-19,13660.0,rank-0,4796
Python,https://github.com/hyperspy/hyperspy,2021-06-22,13661.0,rank-0,4796
Python,https://github.com/hyperspy/hyperspy,2021-06-23,13663.0,rank-0,4796
Python,https://github.com/hyperspy/hyperspy,2021-06-24,13672.0,rank-0,4796
Python,https://github.com/hyperspy/hyperspy,2021-06-25,13677.0,rank-0,4796
Python,https://github.com/hyperspy/hyperspy,2021-06-26,13678.0,rank-0,4796
Python,https://github.com/hyperspy/hyperspy,2021-06-27,13679.0,rank-0,4796
Python,https://github.com/hyperspy/hyperspy,2021-06-28,13684.0,rank-0,4796
Python,https://github.com/hyperspy/hyperspy,2021-06-29,13689.0,rank-0,4796
Python,https://github.com/hyperspy/hyperspy,2021-06-30,13694.0,rank-0,4796
Python,https://github.com/hyperspy/hyperspy,2021-07-01,13699.0,rank-0,4796
Python,https://github.com/hyperspy/hyperspy,2021-07-05,13702.0,rank-0,4796
Python,https://github.com/hyperspy/hyperspy,2021-07-06,13707.0,rank-0,4796
Python,https://github.com/hyperspy/hyperspy,2021-07-07,13712.0,rank-0,4796
Python,https://github.com/hyperspy/hyperspy,2021-07-08,13728.0,rank-0,4797
Python,https://github.com/hyperspy/hyperspy,2021-07-09,13729.0,rank-0,4797
Python,https://github.com/hyperspy/hyperspy,2021-07-12,13733.0,rank-0,4797
Python,https://github.com/hyperspy/hyperspy,2021-07-26,13734.0,rank-0,4797
Python,https://github.com/hyperspy/hyperspy,2021-07-27,13741.0,rank-0,4797
Python,https://github.com/hyperspy/hyperspy,2021-07-28,13746.0,rank-0,4797
Python,https://github.com/hyperspy/hyperspy,2021-08-04,13747.0,rank-0,4797
Python,https://github.com/hyperspy/hyperspy,2021-08-05,13749.0,rank-0,4797
Python,https://github.com/hyperspy/hyperspy,2021-08-06,13755.0,rank-0,4797
Python,https://github.com/hyperspy/hyperspy,2021-08-09,13756.0,rank-0,4797
Python,https://github.com/hyperspy/hyperspy,2021-08-15,13759.0,rank-0,4797
Python,https://github.com/hyperspy/hyperspy,2021-08-19,13761.0,rank-0,4797
Python,https://github.com/hyperspy/hyperspy,2021-08-20,13762.0,rank-0,4797
Python,https://github.com/hyperspy/hyperspy,2021-08-22,13764.0,rank-0,4797
Python,https://github.com/hyperspy/hyperspy,2021-08-23,13767.0,rank-0,4797
Python,https://github.com/hyperspy/hyperspy,2021-08-24,13770.0,rank-0,4797
Python,https://github.com/hyperspy/hyperspy,2021-08-25,13776.0,rank-0,4797
Python,https://github.com/hyperspy/hyperspy,2021-08-26,13777.0,rank-0,4797
Python,https://github.com/hyperspy/hyperspy,2021-08-27,13778.0,rank-0,4797
Python,https://github.com/hyperspy/hyperspy,2021-08-31,13779.0,rank-0,4797
Python,https://github.com/hyperspy/hyperspy,2021-09-01,13781.0,rank-0,4797
Python,https://github.com/hyperspy/hyperspy,2021-09-03,13785.0,rank-0,4797
Python,https://github.com/hyperspy/hyperspy,2021-09-04,13789.0,rank-0,4797
Python,https://github.com/hyperspy/hyperspy,2021-09-05,13795.0,rank-0,4797
Python,https://github.com/hyperspy/hyperspy,2021-09-08,13800.0,rank-0,4797
Python,https://github.com/hyperspy/hyperspy,2021-09-09,13808.0,rank-0,4797
Python,https://github.com/hyperspy/hyperspy,2021-09-16,13817.0,rank-0,4797
Python,https://github.com/hyperspy/hyperspy,2021-09-20,13818.0,rank-0,4797
Python,https://github.com/hyperspy/hyperspy,2021-09-22,13821.0,rank-0,4798
Python,https://github.com/hyperspy/hyperspy,2021-09-27,13826.0,rank-0,4798
Python,https://github.com/hyperspy/hyperspy,2021-09-30,13827.0,rank-0,4798
Python,https://github.com/hyperspy/hyperspy,2021-10-04,13835.0,rank-0,4798
Python,https://github.com/hyperspy/hyperspy,2021-10-05,13845.0,rank-0,4798
Python,https://github.com/hyperspy/hyperspy,2021-10-06,13851.0,rank-0,4798
Python,https://github.com/hyperspy/hyperspy,2021-10-07,13865.0,rank-0,4798
Python,https://github.com/hyperspy/hyperspy,2021-10-08,13866.0,rank-0,4798
Python,https://github.com/hyperspy/hyperspy,2021-10-10,13869.0,rank-0,4798
Python,https://github.com/hyperspy/hyperspy,2021-10-11,13871.0,rank-0,4798
Python,https://github.com/hyperspy/hyperspy,2021-10-12,13873.0,rank-0,4798
Python,https://github.com/hyperspy/hyperspy,2021-10-13,13875.0,rank-0,4798
Python,https://github.com/hyperspy/hyperspy,2021-10-14,13877.0,rank-0,4798
Python,https://github.com/hyperspy/hyperspy,2021-10-17,13879.0,rank-0,4798
Python,https://github.com/hyperspy/hyperspy,2021-10-18,13880.0,rank-0,4798
Python,https://github.com/hyperspy/hyperspy,2021-10-19,13883.0,rank-0,4798
Python,https://github.com/hyperspy/hyperspy,2021-10-20,13895.0,rank-0,4798
Python,https://github.com/hyperspy/hyperspy,2021-10-21,13908.0,rank-0,4798
Python,https://github.com/hyperspy/hyperspy,2021-10-22,13912.0,rank-0,4798
Python,https://github.com/hyperspy/hyperspy,2021-10-23,13913.0,rank-0,4798
Python,https://github.com/hyperspy/hyperspy,2021-10-24,13923.0,rank-0,4798
Python,https://github.com/hyperspy/hyperspy,2021-10-25,13929.0,rank-0,4798
Python,https://github.com/hyperspy/hyperspy,2021-10-26,13930.0,rank-0,4798
Python,https://github.com/hyperspy/hyperspy,2021-10-27,13936.0,rank-0,4798
Python,https://github.com/hyperspy/hyperspy,2021-10-28,13942.0,rank-0,4798
Python,https://github.com/hyperspy/hyperspy,2021-10-29,13946.0,rank-0,4798
Python,https://github.com/hyperspy/hyperspy,2021-10-30,13953.0,rank-0,4798
Python,https://github.com/hyperspy/hyperspy,2021-10-31,13959.0,rank-0,4798
Python,https://github.com/hyperspy/hyperspy,2021-11-01,13963.0,rank-0,4798
Python,https://github.com/hyperspy/hyperspy,2021-11-02,13965.0,rank-0,4798
Python,https://github.com/hyperspy/hyperspy,2021-11-03,13968.0,rank-0,4798
Python,https://github.com/hyperspy/hyperspy,2021-11-04,13969.0,rank-0,4798
Python,https://github.com/hyperspy/hyperspy,2021-11-05,13970.0,rank-0,4798
Python,https://github.com/hyperspy/hyperspy,2021-11-07,13974.0,rank-0,4798
Python,https://github.com/hyperspy/hyperspy,2021-11-08,13977.0,rank-0,4798
Python,https://github.com/hyperspy/hyperspy,2021-11-09,13981.0,rank-0,4798
Python,https://github.com/hyperspy/hyperspy,2021-11-10,13986.0,rank-0,4798
Python,https://github.com/hyperspy/hyperspy,2021-11-11,13989.0,rank-0,4798
Python,https://github.com/hyperspy/hyperspy,2021-11-12,13992.0,rank-0,4798
Python,https://github.com/hyperspy/hyperspy,2021-11-14,13993.0,rank-0,4798
Python,https://github.com/hyperspy/hyperspy,2021-11-16,13995.0,rank-0,4798
Python,https://github.com/hyperspy/hyperspy,2021-11-17,13998.0,rank-0,4798
Python,https://github.com/hyperspy/hyperspy,2021-11-21,14003.0,rank-0,4798
Python,https://github.com/hyperspy/hyperspy,2021-11-22,14004.0,rank-0,4798
Python,https://github.com/hyperspy/hyperspy,2021-11-23,14006.0,rank-0,4798
Python,https://github.com/hyperspy/hyperspy,2021-11-24,14008.0,rank-0,4799
Python,https://github.com/hyperspy/hyperspy,2021-11-25,14009.0,rank-0,4799
Python,https://github.com/hyperspy/hyperspy,2021-11-26,14011.0,rank-0,4799
Python,https://github.com/hyperspy/hyperspy,2021-11-28,14020.0,rank-0,4799
Python,https://github.com/hyperspy/hyperspy,2021-12-07,14021.0,rank-0,4799
Python,https://github.com/hyperspy/hyperspy,2021-12-08,14023.0,rank-0,4799
Python,https://github.com/hyperspy/hyperspy,2021-12-09,14024.0,rank-0,4799
Python,https://github.com/hyperspy/hyperspy,2021-12-10,14026.0,rank-0,4799
Python,https://github.com/hyperspy/hyperspy,2021-12-13,14032.0,rank-0,4799
Python,https://github.com/hyperspy/hyperspy,2021-12-14,14033.0,rank-0,4799
Python,https://github.com/hyperspy/hyperspy,2021-12-15,14040.0,rank-0,4799
Python,https://github.com/hyperspy/hyperspy,2021-12-16,14043.0,rank-0,4799
Python,https://github.com/hyperspy/hyperspy,2021-12-17,14046.0,rank-0,4799
Python,https://github.com/hyperspy/hyperspy,2021-12-18,14047.0,rank-0,4799
Python,https://github.com/hyperspy/hyperspy,2021-12-20,14048.0,rank-0,4799
Python,https://github.com/hyperspy/hyperspy,2021-12-21,14051.0,rank-0,4799
Python,https://github.com/hyperspy/hyperspy,2021-12-22,14058.0,rank-0,4799
Python,https://github.com/hyperspy/hyperspy,2021-12-23,14059.0,rank-0,4799
Python,https://github.com/hyperspy/hyperspy,2021-12-24,14061.0,rank-0,4799
Python,https://github.com/hyperspy/hyperspy,2022-01-02,14064.0,rank-0,4799
Python,https://github.com/hyperspy/hyperspy,2022-01-03,14069.0,rank-0,4799
Python,https://github.com/hyperspy/hyperspy,2022-01-04,14072.0,rank-0,4799
Python,https://github.com/hyperspy/hyperspy,2022-01-05,14079.0,rank-0,4799
Python,https://github.com/hyperspy/hyperspy,2022-01-12,14080.0,rank-0,4799
Python,https://github.com/hyperspy/hyperspy,2022-01-15,14081.0,rank-0,4799
Python,https://github.com/hyperspy/hyperspy,2022-01-16,14083.0,rank-0,4799
Python,https://github.com/hyperspy/hyperspy,2022-01-17,14093.0,rank-0,4799
Python,https://github.com/hyperspy/hyperspy,2022-01-18,14100.0,rank-0,4799
Python,https://github.com/hyperspy/hyperspy,2022-01-19,14110.0,rank-0,4799
Python,https://github.com/hyperspy/hyperspy,2022-01-20,14112.0,rank-0,4799
Python,https://github.com/hyperspy/hyperspy,2022-01-21,14113.0,rank-0,4799
Python,https://github.com/hyperspy/hyperspy,2022-01-24,14120.0,rank-0,4799
Python,https://github.com/hyperspy/hyperspy,2022-01-25,14123.0,rank-0,4799
Python,https://github.com/hyperspy/hyperspy,2022-01-26,14127.0,rank-0,4799
Python,https://github.com/hyperspy/hyperspy,2022-01-27,14128.0,rank-0,4799
Python,https://github.com/hyperspy/hyperspy,2022-01-28,14130.0,rank-0,4799
Python,https://github.com/hyperspy/hyperspy,2022-02-07,14132.0,rank-0,4799
Python,https://github.com/hyperspy/hyperspy,2022-02-09,14133.0,rank-0,4799
Python,https://github.com/hyperspy/hyperspy,2022-02-10,14134.0,rank-0,4799
Python,https://github.com/hyperspy/hyperspy,2022-02-16,14146.0,rank-0,4799
Python,https://github.com/hyperspy/hyperspy,2022-02-17,14151.0,rank-0,4799
Python,https://github.com/hyperspy/hyperspy,2022-02-18,14156.0,rank-0,4799
Python,https://github.com/hyperspy/hyperspy,2022-02-21,14161.0,rank-0,4799
Python,https://github.com/hyperspy/hyperspy,2022-02-22,14166.0,rank-0,4799
Python,https://github.com/hyperspy/hyperspy,2022-02-23,14173.0,rank-0,4799
Python,https://github.com/hyperspy/hyperspy,2022-02-24,14176.0,rank-0,4799
Python,https://github.com/hyperspy/hyperspy,2022-02-26,14177.0,rank-0,4799
Python,https://github.com/hyperspy/hyperspy,2022-02-28,14179.0,rank-0,4799
Python,https://github.com/hyperspy/hyperspy,2022-03-01,14183.0,rank-0,4799
Python,https://github.com/hyperspy/hyperspy,2022-03-03,14190.0,rank-0,4799
Python,https://github.com/hyperspy/hyperspy,2022-03-06,14191.0,rank-0,4799
Python,https://github.com/hyperspy/hyperspy,2022-03-08,14195.0,rank-0,4799
Python,https://github.com/hyperspy/hyperspy,2022-03-09,14199.0,rank-0,4799
Python,https://github.com/hyperspy/hyperspy,2022-03-10,14201.0,rank-0,4799
Python,https://github.com/hyperspy/hyperspy,2022-03-12,14204.0,rank-0,4799
Python,https://github.com/hyperspy/hyperspy,2022-03-13,14210.0,rank-0,4799
Python,https://github.com/hyperspy/hyperspy,2022-03-14,14213.0,rank-0,4799
Python,https://github.com/hyperspy/hyperspy,2022-03-15,14217.0,rank-0,4799
Python,https://github.com/hyperspy/hyperspy,2022-03-16,14219.0,rank-0,4799
Python,https://github.com/hyperspy/hyperspy,2022-03-17,14226.0,rank-0,4799
Python,https://github.com/hyperspy/hyperspy,2022-03-18,14227.0,rank-0,4799
Python,https://github.com/hyperspy/hyperspy,2022-03-19,14228.0,rank-0,4799
Python,https://github.com/hyperspy/hyperspy,2022-03-20,14230.0,rank-0,4799
Python,https://github.com/hyperspy/hyperspy,2022-03-22,14235.0,rank-0,4799
Python,https://github.com/hyperspy/hyperspy,2022-03-23,14239.0,rank-0,4799
Python,https://github.com/hyperspy/hyperspy,2022-03-24,14245.0,rank-0,4799
Python,https://github.com/hyperspy/hyperspy,2022-03-25,14260.0,rank-0,4799
Python,https://github.com/hyperspy/hyperspy,2022-03-26,14264.0,rank-0,4799
Python,https://github.com/hyperspy/hyperspy,2022-03-27,14265.0,rank-0,4799
Python,https://github.com/hyperspy/hyperspy,2022-03-28,14266.0,rank-0,4799
Python,https://github.com/hyperspy/hyperspy,2022-03-29,14274.0,rank-0,4799
Python,https://github.com/hyperspy/hyperspy,2022-03-30,14288.0,rank-0,4799
Python,https://github.com/hyperspy/hyperspy,2022-03-31,14293.0,rank-0,4799
Python,https://github.com/hyperspy/hyperspy,2022-04-01,14295.0,rank-0,4799
Python,https://github.com/hyperspy/hyperspy,2022-04-02,14301.0,rank-0,4799
Python,https://github.com/hyperspy/hyperspy,2022-04-03,14308.0,rank-0,4799
Python,https://github.com/hyperspy/hyperspy,2022-04-05,14309.0,rank-0,4799
Python,https://github.com/hyperspy/hyperspy,2022-04-06,14312.0,rank-0,4799
Python,https://github.com/hyperspy/hyperspy,2022-04-07,14321.0,rank-0,4799
Python,https://github.com/hyperspy/hyperspy,2022-04-08,14324.0,rank-0,4799
Python,https://github.com/hyperspy/hyperspy,2022-04-09,14328.0,rank-0,4799
Python,https://github.com/hyperspy/hyperspy,2022-04-10,14330.0,rank-0,4799
Python,https://github.com/hyperspy/hyperspy,2022-04-12,14331.0,rank-0,4799
Python,https://github.com/hyperspy/hyperspy,2022-04-14,14345.0,rank-0,4799
Python,https://github.com/hyperspy/hyperspy,2022-04-15,14353.0,rank-0,4799
Python,https://github.com/hyperspy/hyperspy,2022-04-16,14354.0,rank-0,4799
Python,https://github.com/hyperspy/hyperspy,2022-04-18,14355.0,rank-0,4799
Python,https://github.com/hyperspy/hyperspy,2022-04-19,14358.0,rank-0,4799
Python,https://github.com/hyperspy/hyperspy,2022-04-20,14361.0,rank-0,4799
Python,https://github.com/hyperspy/hyperspy,2022-04-21,14364.0,rank-0,4799
Python,https://github.com/hyperspy/hyperspy,2022-04-24,14365.0,rank-0,4799
Python,https://github.com/hyperspy/hyperspy,2022-04-25,14376.0,rank-0,4799
Python,https://github.com/hyperspy/hyperspy,2022-04-26,14380.0,rank-0,4799
Python,https://github.com/hyperspy/hyperspy,2022-05-03,14385.0,rank-0,4799
Python,https://github.com/hyperspy/hyperspy,2022-05-12,14386.0,rank-0,4799
Python,https://github.com/hyperspy/hyperspy,2022-05-18,14388.0,rank-0,4799
Python,https://github.com/hyperspy/hyperspy,2022-05-19,14391.0,rank-0,4800
Python,https://github.com/hyperspy/hyperspy,2022-05-20,14396.0,rank-0,4800
Python,https://github.com/hyperspy/hyperspy,2022-05-23,14403.0,rank-0,4806
Python,https://github.com/hyperspy/hyperspy,2022-05-24,14406.0,rank-0,4806
Python,https://github.com/hyperspy/hyperspy,2022-05-26,14409.0,rank-0,4806
Python,https://github.com/hyperspy/hyperspy,2022-05-29,14410.0,rank-0,4806
Python,https://github.com/hyperspy/hyperspy,2022-06-02,14412.0,rank-0,4806
Python,https://github.com/hyperspy/hyperspy,2022-06-03,14414.0,rank-0,4806
Python,https://github.com/hyperspy/hyperspy,2022-06-04,14415.0,rank-0,4806
Python,https://github.com/hyperspy/hyperspy,2022-06-05,14416.0,rank-0,4806
Python,https://github.com/hyperspy/hyperspy,2022-06-08,14422.0,rank-0,4808
Python,https://github.com/hyperspy/hyperspy,2022-06-11,14425.0,rank-0,4808
Python,https://github.com/hyperspy/hyperspy,2022-06-15,14426.0,rank-0,4808
Python,https://github.com/hyperspy/hyperspy,2022-06-16,14431.0,rank-0,4808
Python,https://github.com/hyperspy/hyperspy,2022-06-17,14446.0,rank-0,4813
Python,https://github.com/hyperspy/hyperspy,2022-06-18,14452.0,rank-0,4813
Python,https://github.com/hyperspy/hyperspy,2022-07-18,14454.0,rank-0,4813
Python,https://github.com/hyperspy/hyperspy,2022-07-20,14474.0,rank-0,4813
Python,https://github.com/hyperspy/hyperspy,2022-07-21,14478.0,rank-0,4813
Python,https://github.com/hyperspy/hyperspy,2022-07-23,14480.0,rank-0,4813
Python,https://github.com/hyperspy/hyperspy,2022-07-24,14484.0,rank-0,4813
Python,https://github.com/hyperspy/hyperspy,2022-07-25,14488.0,rank-0,4813
Python,https://github.com/hyperspy/hyperspy,2022-07-26,14489.0,rank-0,4813
Python,https://github.com/hyperspy/hyperspy,2022-08-03,14495.0,rank-0,4813
Python,https://github.com/hyperspy/hyperspy,2022-08-14,14496.0,rank-0,4813
Python,https://github.com/hyperspy/hyperspy,2022-08-15,14497.0,rank-0,4813
Python,https://github.com/hyperspy/hyperspy,2022-08-24,14502.0,rank-0,4813
Python,https://github.com/hyperspy/hyperspy,2022-08-27,14506.0,rank-0,4813
Python,https://github.com/hyperspy/hyperspy,2022-08-28,14507.0,rank-0,4813
Python,https://github.com/hyperspy/hyperspy,2022-08-29,14512.0,rank-0,4813
Python,https://github.com/hyperspy/hyperspy,2022-08-30,14516.0,rank-0,4813
Python,https://github.com/hyperspy/hyperspy,2022-08-31,14519.0,rank-0,4813
Python,https://github.com/hyperspy/hyperspy,2022-09-02,14520.0,rank-0,4813
Python,https://github.com/hyperspy/hyperspy,2022-09-05,14522.0,rank-0,4813
Python,https://github.com/hyperspy/hyperspy,2022-09-16,14528.0,rank-0,4813
Python,https://github.com/hyperspy/hyperspy,2022-09-17,14532.0,rank-0,4813
Python,https://github.com/hyperspy/hyperspy,2022-09-18,14535.0,rank-0,4813
Python,https://github.com/hyperspy/hyperspy,2022-09-19,14545.0,rank-0,4813
Python,https://github.com/hyperspy/hyperspy,2022-09-20,14548.0,rank-0,4813
Python,https://github.com/hyperspy/hyperspy,2022-09-24,14554.0,rank-0,4813
Python,https://github.com/hyperspy/hyperspy,2022-09-26,14558.0,rank-0,4814
Python,https://github.com/hyperspy/hyperspy,2022-09-27,14562.0,rank-0,4815
Python,https://github.com/hyperspy/hyperspy,2022-10-01,14563.0,rank-0,4815
Python,https://github.com/hyperspy/hyperspy,2022-10-02,14564.0,rank-0,4815
Python,https://github.com/hyperspy/hyperspy,2022-10-03,14566.0,rank-0,4815
Python,https://github.com/hyperspy/hyperspy,2022-10-09,14568.0,rank-0,4815
Python,https://github.com/hyperspy/hyperspy,2022-10-10,14570.0,rank-0,4815
Python,https://github.com/hyperspy/hyperspy,2022-10-15,14572.0,rank-0,4815
Python,https://github.com/hyperspy/hyperspy,2022-10-17,14574.0,rank-0,4815
Python,https://github.com/hyperspy/hyperspy,2022-10-25,14575.0,rank-0,4815
Python,https://github.com/hyperspy/hyperspy,2022-10-28,14576.0,rank-0,4815
Python,https://github.com/hyperspy/hyperspy,2022-10-29,14583.0,rank-0,4815
Python,https://github.com/hyperspy/hyperspy,2022-11-03,14584.0,rank-0,4815
Python,https://github.com/hyperspy/hyperspy,2022-11-10,14585.0,rank-0,4815
Python,https://github.com/hyperspy/hyperspy,2022-11-12,14586.0,rank-0,4815
Python,https://github.com/hyperspy/hyperspy,2022-11-14,14587.0,rank-0,4815
Python,https://github.com/hyperspy/hyperspy,2022-11-15,14589.0,rank-0,4815
Python,https://github.com/hyperspy/hyperspy,2022-11-16,14590.0,rank-0,4815
Python,https://github.com/hyperspy/hyperspy,2022-11-17,14593.0,rank-0,4815
Python,https://github.com/hyperspy/hyperspy,2022-11-28,14595.0,rank-0,4815
Python,https://github.com/hyperspy/hyperspy,2022-11-29,14596.0,rank-0,4815
Python,https://github.com/hyperspy/hyperspy,2022-12-05,14598.0,rank-0,4815
Python,https://github.com/hyperspy/hyperspy,2022-12-06,14599.0,rank-0,4815
Python,https://github.com/hyperspy/hyperspy,2023-01-05,14603.0,rank-0,4815
Python,https://github.com/hyperspy/hyperspy,2023-01-06,14605.0,rank-0,4815
Python,https://github.com/hyperspy/hyperspy,2023-01-07,14607.0,rank-0,4815
Python,https://github.com/hyperspy/hyperspy,2023-01-13,14609.0,rank-0,4815
Python,https://github.com/hyperspy/hyperspy,2023-01-14,14610.0,rank-0,4815
Python,https://github.com/hyperspy/hyperspy,2023-01-18,14612.0,rank-0,4815
Python,https://github.com/hyperspy/hyperspy,2023-02-14,14613.0,rank-0,4815
Python,https://github.com/hyperspy/hyperspy,2023-02-17,14615.0,rank-0,4815
Python,https://github.com/hyperspy/hyperspy,2023-02-19,14623.0,rank-0,4815
Python,https://github.com/hyperspy/hyperspy,2023-02-20,14624.0,rank-0,4815
Python,https://github.com/hyperspy/hyperspy,2023-02-21,14625.0,rank-0,4815
Python,https://github.com/hyperspy/hyperspy,2023-02-25,14629.0,rank-0,4815
Python,https://github.com/hyperspy/hyperspy,2023-03-08,14631.0,rank-0,4815
Python,https://github.com/hyperspy/hyperspy,2023-03-11,14634.0,rank-0,4815
Python,https://github.com/hyperspy/hyperspy,2023-03-12,14638.0,rank-0,4815
Python,https://github.com/hyperspy/hyperspy,2023-03-13,14639.0,rank-0,4815
Python,https://github.com/hyperspy/hyperspy,2023-03-15,14640.0,rank-0,4815
Python,https://github.com/hyperspy/hyperspy,2023-03-16,14645.0,rank-0,4815
Python,https://github.com/hyperspy/hyperspy,2023-03-17,14648.0,rank-0,4815
Python,https://github.com/hyperspy/hyperspy,2023-03-20,14656.0,rank-0,4815
Python,https://github.com/hyperspy/hyperspy,2023-03-21,14658.0,rank-0,4815
Python,https://github.com/hyperspy/hyperspy,2023-03-22,14662.0,rank-0,4815
Python,https://github.com/hyperspy/hyperspy,2023-03-24,14664.0,rank-0,4815
Python,https://github.com/hyperspy/hyperspy,2023-03-25,14666.0,rank-0,4815
Python,https://github.com/hyperspy/hyperspy,2023-03-27,14667.0,rank-0,4815
Python,https://github.com/hyperspy/hyperspy,2023-04-09,14669.0,rank-0,4815
Python,https://github.com/hyperspy/hyperspy,2023-04-10,14670.0,rank-0,4815
Python,https://github.com/hyperspy/hyperspy,2023-04-11,14674.0,rank-0,4815
Python,https://github.com/hyperspy/hyperspy,2023-04-12,14675.0,rank-0,4815
Python,https://github.com/hyperspy/hyperspy,2023-04-14,14676.0,rank-0,4815
Python,https://github.com/hyperspy/hyperspy,2023-04-22,14677.0,rank-0,4815
Python,https://github.com/hyperspy/hyperspy,2023-04-23,14679.0,rank-0,4815
Python,https://github.com/hyperspy/hyperspy,2023-04-27,14685.0,rank-0,4815
Python,https://github.com/hyperspy/hyperspy,2023-04-29,14686.0,rank-0,4815
Python,https://github.com/hyperspy/hyperspy,2023-05-03,14688.0,rank-0,4815
Python,https://github.com/hyperspy/hyperspy,2023-05-04,14691.0,rank-0,4815
Python,https://github.com/hyperspy/hyperspy,2023-05-05,14693.0,rank-0,4815
Python,https://github.com/hyperspy/hyperspy,2023-05-06,14696.0,rank-0,4815
Python,https://github.com/hyperspy/hyperspy,2010-11-15,8.0,rank-1,0
Python,https://github.com/hyperspy/hyperspy,2010-11-16,11.0,rank-1,0
Python,https://github.com/hyperspy/hyperspy,2010-11-17,18.0,rank-1,0
Python,https://github.com/hyperspy/hyperspy,2010-11-18,28.0,rank-1,0
Python,https://github.com/hyperspy/hyperspy,2010-11-19,34.0,rank-1,0
Python,https://github.com/hyperspy/hyperspy,2010-11-23,35.0,rank-1,0
Python,https://github.com/hyperspy/hyperspy,2010-11-29,37.0,rank-1,0
Python,https://github.com/hyperspy/hyperspy,2010-11-30,43.0,rank-1,0
Python,https://github.com/hyperspy/hyperspy,2010-12-01,46.0,rank-1,0
Python,https://github.com/hyperspy/hyperspy,2010-12-02,47.0,rank-1,0
Python,https://github.com/hyperspy/hyperspy,2010-12-03,48.0,rank-1,0
Python,https://github.com/hyperspy/hyperspy,2010-12-04,50.0,rank-1,0
Python,https://github.com/hyperspy/hyperspy,2010-12-05,51.0,rank-1,0
Python,https://github.com/hyperspy/hyperspy,2010-12-06,52.0,rank-1,0
Python,https://github.com/hyperspy/hyperspy,2010-12-07,54.0,rank-1,0
Python,https://github.com/hyperspy/hyperspy,2010-12-09,61.0,rank-1,0
Python,https://github.com/hyperspy/hyperspy,2010-12-12,62.0,rank-1,0
Python,https://github.com/hyperspy/hyperspy,2010-12-13,65.0,rank-1,0
Python,https://github.com/hyperspy/hyperspy,2010-12-14,70.0,rank-1,0
Python,https://github.com/hyperspy/hyperspy,2010-12-15,72.0,rank-1,0
Python,https://github.com/hyperspy/hyperspy,2010-12-16,73.0,rank-1,0
Python,https://github.com/hyperspy/hyperspy,2010-12-18,77.0,rank-1,0
Python,https://github.com/hyperspy/hyperspy,2011-01-08,79.0,rank-1,0
Python,https://github.com/hyperspy/hyperspy,2011-01-09,81.0,rank-1,0
Python,https://github.com/hyperspy/hyperspy,2011-01-18,82.0,rank-1,0
Python,https://github.com/hyperspy/hyperspy,2011-01-23,83.0,rank-1,0
Python,https://github.com/hyperspy/hyperspy,2011-01-25,85.0,rank-1,0
Python,https://github.com/hyperspy/hyperspy,2011-01-26,88.0,rank-1,0
Python,https://github.com/hyperspy/hyperspy,2011-01-28,93.0,rank-1,0
Python,https://github.com/hyperspy/hyperspy,2011-01-31,94.0,rank-1,0
Python,https://github.com/hyperspy/hyperspy,2011-02-01,97.0,rank-1,0
Python,https://github.com/hyperspy/hyperspy,2011-02-02,100.0,rank-1,0
Python,https://github.com/hyperspy/hyperspy,2011-02-03,104.0,rank-1,0
Python,https://github.com/hyperspy/hyperspy,2011-02-04,105.0,rank-1,0
Python,https://github.com/hyperspy/hyperspy,2011-02-15,106.0,rank-1,0
Python,https://github.com/hyperspy/hyperspy,2011-02-16,109.0,rank-1,0
Python,https://github.com/hyperspy/hyperspy,2011-02-18,111.0,rank-1,0
Python,https://github.com/hyperspy/hyperspy,2011-02-23,112.0,rank-1,0
Python,https://github.com/hyperspy/hyperspy,2011-03-01,117.0,rank-1,0
Python,https://github.com/hyperspy/hyperspy,2011-03-02,120.0,rank-1,0
Python,https://github.com/hyperspy/hyperspy,2011-03-03,123.0,rank-1,0
Python,https://github.com/hyperspy/hyperspy,2011-03-04,129.0,rank-1,0
Python,https://github.com/hyperspy/hyperspy,2011-03-08,130.0,rank-1,0
Python,https://github.com/hyperspy/hyperspy,2011-03-09,134.0,rank-1,0
Python,https://github.com/hyperspy/hyperspy,2011-03-10,135.0,rank-1,0
Python,https://github.com/hyperspy/hyperspy,2011-03-11,136.0,rank-1,0
Python,https://github.com/hyperspy/hyperspy,2011-03-12,139.0,rank-1,0
Python,https://github.com/hyperspy/hyperspy,2011-03-13,158.0,rank-1,0
Python,https://github.com/hyperspy/hyperspy,2011-03-14,161.0,rank-1,0
Python,https://github.com/hyperspy/hyperspy,2011-03-15,165.0,rank-1,0
Python,https://github.com/hyperspy/hyperspy,2011-03-18,169.0,rank-1,0
Python,https://github.com/hyperspy/hyperspy,2011-03-21,173.0,rank-1,0
Python,https://github.com/hyperspy/hyperspy,2011-03-22,193.0,rank-1,0
Python,https://github.com/hyperspy/hyperspy,2011-03-23,209.0,rank-1,0
Python,https://github.com/hyperspy/hyperspy,2011-03-28,217.0,rank-1,0
Python,https://github.com/hyperspy/hyperspy,2011-03-29,225.0,rank-1,0
Python,https://github.com/hyperspy/hyperspy,2011-03-30,232.0,rank-1,0
Python,https://github.com/hyperspy/hyperspy,2011-03-31,242.0,rank-1,0
Python,https://github.com/hyperspy/hyperspy,2011-04-01,251.0,rank-1,0
Python,https://github.com/hyperspy/hyperspy,2011-04-02,256.0,rank-1,0
Python,https://github.com/hyperspy/hyperspy,2011-04-04,260.0,rank-1,0
Python,https://github.com/hyperspy/hyperspy,2011-04-05,273.0,rank-1,0
Python,https://github.com/hyperspy/hyperspy,2011-04-06,278.0,rank-1,0
Python,https://github.com/hyperspy/hyperspy,2011-04-07,289.0,rank-1,0
Python,https://github.com/hyperspy/hyperspy,2011-04-08,306.0,rank-1,0
Python,https://github.com/hyperspy/hyperspy,2011-04-11,308.0,rank-1,0
Python,https://github.com/hyperspy/hyperspy,2011-04-13,320.0,rank-1,0
Python,https://github.com/hyperspy/hyperspy,2011-04-14,326.0,rank-1,0
Python,https://github.com/hyperspy/hyperspy,2011-04-15,332.0,rank-1,0
Python,https://github.com/hyperspy/hyperspy,2011-04-20,334.0,rank-1,0
Python,https://github.com/hyperspy/hyperspy,2011-04-21,337.0,rank-1,0
Python,https://github.com/hyperspy/hyperspy,2011-04-25,339.0,rank-1,0
Python,https://github.com/hyperspy/hyperspy,2011-04-26,341.0,rank-1,0
Python,https://github.com/hyperspy/hyperspy,2011-04-28,343.0,rank-1,0
Python,https://github.com/hyperspy/hyperspy,2011-04-29,345.0,rank-1,0
Python,https://github.com/hyperspy/hyperspy,2011-05-05,347.0,rank-1,0
Python,https://github.com/hyperspy/hyperspy,2011-05-13,354.0,rank-1,0
Python,https://github.com/hyperspy/hyperspy,2011-05-16,356.0,rank-1,0
Python,https://github.com/hyperspy/hyperspy,2011-05-17,358.0,rank-1,0
Python,https://github.com/hyperspy/hyperspy,2011-05-18,361.0,rank-1,0
Python,https://github.com/hyperspy/hyperspy,2011-05-19,363.0,rank-1,0
Python,https://github.com/hyperspy/hyperspy,2011-05-20,364.0,rank-1,0
Python,https://github.com/hyperspy/hyperspy,2011-05-27,365.0,rank-1,0
Python,https://github.com/hyperspy/hyperspy,2011-06-09,369.0,rank-1,0
Python,https://github.com/hyperspy/hyperspy,2011-06-15,372.0,rank-1,0
Python,https://github.com/hyperspy/hyperspy,2011-06-22,374.0,rank-1,0
Python,https://github.com/hyperspy/hyperspy,2011-06-24,375.0,rank-1,0
Python,https://github.com/hyperspy/hyperspy,2011-06-27,380.0,rank-1,0
Python,https://github.com/hyperspy/hyperspy,2011-06-28,383.0,rank-1,0
Python,https://github.com/hyperspy/hyperspy,2011-06-30,392.0,rank-1,0
Python,https://github.com/hyperspy/hyperspy,2011-07-01,395.0,rank-1,0
Python,https://github.com/hyperspy/hyperspy,2011-07-04,398.0,rank-1,0
Python,https://github.com/hyperspy/hyperspy,2011-07-07,405.0,rank-1,0
Python,https://github.com/hyperspy/hyperspy,2011-07-08,412.0,rank-1,0
Python,https://github.com/hyperspy/hyperspy,2011-07-09,416.0,rank-1,0
Python,https://github.com/hyperspy/hyperspy,2011-07-11,431.0,rank-1,0
Python,https://github.com/hyperspy/hyperspy,2011-07-15,432.0,rank-1,0
Python,https://github.com/hyperspy/hyperspy,2011-07-18,438.0,rank-1,0
Python,https://github.com/hyperspy/hyperspy,2011-07-19,442.0,rank-1,0
Python,https://github.com/hyperspy/hyperspy,2011-07-20,454.0,rank-1,0
Python,https://github.com/hyperspy/hyperspy,2011-07-21,456.0,rank-1,0
Python,https://github.com/hyperspy/hyperspy,2011-07-22,461.0,rank-1,0
Python,https://github.com/hyperspy/hyperspy,2011-07-25,475.0,rank-1,0
Python,https://github.com/hyperspy/hyperspy,2011-07-26,487.0,rank-1,0
Python,https://github.com/hyperspy/hyperspy,2011-07-27,489.0,rank-1,0
Python,https://github.com/hyperspy/hyperspy,2011-07-28,495.0,rank-1,0
Python,https://github.com/hyperspy/hyperspy,2011-07-29,503.0,rank-1,0
Python,https://github.com/hyperspy/hyperspy,2011-08-01,522.0,rank-1,0
Python,https://github.com/hyperspy/hyperspy,2011-08-02,526.0,rank-1,0
Python,https://github.com/hyperspy/hyperspy,2011-08-03,531.0,rank-1,0
Python,https://github.com/hyperspy/hyperspy,2011-08-07,537.0,rank-1,0
Python,https://github.com/hyperspy/hyperspy,2011-08-08,547.0,rank-1,0
Python,https://github.com/hyperspy/hyperspy,2011-08-10,548.0,rank-1,0
Python,https://github.com/hyperspy/hyperspy,2011-08-12,550.0,rank-1,0
Python,https://github.com/hyperspy/hyperspy,2011-08-15,555.0,rank-1,0
Python,https://github.com/hyperspy/hyperspy,2011-08-16,561.0,rank-1,0
Python,https://github.com/hyperspy/hyperspy,2011-08-17,577.0,rank-1,0
Python,https://github.com/hyperspy/hyperspy,2011-08-18,611.0,rank-1,0
Python,https://github.com/hyperspy/hyperspy,2011-08-19,622.0,rank-1,0
Python,https://github.com/hyperspy/hyperspy,2011-08-21,646.0,rank-1,0
Python,https://github.com/hyperspy/hyperspy,2011-08-22,659.0,rank-1,0
Python,https://github.com/hyperspy/hyperspy,2011-08-23,662.0,rank-1,0
Python,https://github.com/hyperspy/hyperspy,2011-08-26,665.0,rank-1,0
Python,https://github.com/hyperspy/hyperspy,2011-08-27,667.0,rank-1,0
Python,https://github.com/hyperspy/hyperspy,2011-08-28,675.0,rank-1,0
Python,https://github.com/hyperspy/hyperspy,2011-08-31,684.0,rank-1,0
Python,https://github.com/hyperspy/hyperspy,2011-09-01,689.0,rank-1,0
Python,https://github.com/hyperspy/hyperspy,2011-09-02,694.0,rank-1,0
Python,https://github.com/hyperspy/hyperspy,2011-09-04,698.0,rank-1,0
Python,https://github.com/hyperspy/hyperspy,2011-09-05,701.0,rank-1,0
Python,https://github.com/hyperspy/hyperspy,2011-09-06,707.0,rank-1,0
Python,https://github.com/hyperspy/hyperspy,2011-09-07,709.0,rank-1,0
Python,https://github.com/hyperspy/hyperspy,2011-09-08,711.0,rank-1,0
Python,https://github.com/hyperspy/hyperspy,2011-09-12,715.0,rank-1,0
Python,https://github.com/hyperspy/hyperspy,2011-09-13,718.0,rank-1,0
Python,https://github.com/hyperspy/hyperspy,2011-09-16,719.0,rank-1,0
Python,https://github.com/hyperspy/hyperspy,2011-09-19,724.0,rank-1,0
Python,https://github.com/hyperspy/hyperspy,2011-09-20,733.0,rank-1,0
Python,https://github.com/hyperspy/hyperspy,2011-09-21,747.0,rank-1,0
Python,https://github.com/hyperspy/hyperspy,2011-09-22,754.0,rank-1,0
Python,https://github.com/hyperspy/hyperspy,2011-09-23,766.0,rank-1,0
Python,https://github.com/hyperspy/hyperspy,2011-09-26,773.0,rank-1,0
Python,https://github.com/hyperspy/hyperspy,2011-09-27,777.0,rank-1,0
Python,https://github.com/hyperspy/hyperspy,2011-09-28,780.0,rank-1,0
Python,https://github.com/hyperspy/hyperspy,2011-09-29,790.0,rank-1,0
Python,https://github.com/hyperspy/hyperspy,2011-09-30,792.0,rank-1,0
Python,https://github.com/hyperspy/hyperspy,2011-10-04,793.0,rank-1,0
Python,https://github.com/hyperspy/hyperspy,2011-10-05,802.0,rank-1,0
Python,https://github.com/hyperspy/hyperspy,2011-10-06,806.0,rank-1,0
Python,https://github.com/hyperspy/hyperspy,2011-10-10,814.0,rank-1,0
Python,https://github.com/hyperspy/hyperspy,2011-10-13,823.0,rank-1,0
Python,https://github.com/hyperspy/hyperspy,2011-10-14,840.0,rank-1,0
Python,https://github.com/hyperspy/hyperspy,2011-10-17,854.0,rank-1,0
Python,https://github.com/hyperspy/hyperspy,2011-10-18,873.0,rank-1,0
Python,https://github.com/hyperspy/hyperspy,2011-10-19,893.0,rank-1,0
Python,https://github.com/hyperspy/hyperspy,2011-10-20,910.0,rank-1,0
Python,https://github.com/hyperspy/hyperspy,2011-10-21,927.0,rank-1,0
Python,https://github.com/hyperspy/hyperspy,2011-10-22,936.0,rank-1,0
Python,https://github.com/hyperspy/hyperspy,2011-10-23,954.0,rank-1,0
Python,https://github.com/hyperspy/hyperspy,2011-10-24,955.0,rank-1,0
Python,https://github.com/hyperspy/hyperspy,2011-10-25,956.0,rank-1,0
Python,https://github.com/hyperspy/hyperspy,2011-10-26,962.0,rank-1,0
Python,https://github.com/hyperspy/hyperspy,2011-10-27,970.0,rank-1,0
Python,https://github.com/hyperspy/hyperspy,2011-11-02,974.0,rank-1,0
Python,https://github.com/hyperspy/hyperspy,2011-11-03,978.0,rank-1,0
Python,https://github.com/hyperspy/hyperspy,2011-11-04,985.0,rank-1,0
Python,https://github.com/hyperspy/hyperspy,2011-11-05,986.0,rank-1,0
Python,https://github.com/hyperspy/hyperspy,2011-11-07,991.0,rank-1,0
Python,https://github.com/hyperspy/hyperspy,2011-11-10,993.0,rank-1,0
Python,https://github.com/hyperspy/hyperspy,2011-11-18,994.0,rank-1,0
Python,https://github.com/hyperspy/hyperspy,2011-11-21,997.0,rank-1,0
Python,https://github.com/hyperspy/hyperspy,2011-11-22,1000.0,rank-1,0
Python,https://github.com/hyperspy/hyperspy,2011-11-25,1003.0,rank-1,0
Python,https://github.com/hyperspy/hyperspy,2011-11-29,1012.0,rank-1,0
Python,https://github.com/hyperspy/hyperspy,2011-11-30,1013.0,rank-1,0
Python,https://github.com/hyperspy/hyperspy,2011-12-01,1015.0,rank-1,0
Python,https://github.com/hyperspy/hyperspy,2011-12-02,1025.0,rank-1,0
Python,https://github.com/hyperspy/hyperspy,2011-12-05,1029.0,rank-1,0
Python,https://github.com/hyperspy/hyperspy,2011-12-06,1035.0,rank-1,0
Python,https://github.com/hyperspy/hyperspy,2011-12-07,1042.0,rank-1,0
Python,https://github.com/hyperspy/hyperspy,2011-12-08,1043.0,rank-1,0
Python,https://github.com/hyperspy/hyperspy,2011-12-09,1047.0,rank-1,0
Python,https://github.com/hyperspy/hyperspy,2011-12-12,1051.0,rank-1,0
Python,https://github.com/hyperspy/hyperspy,2011-12-14,1053.0,rank-1,0
Python,https://github.com/hyperspy/hyperspy,2011-12-15,1056.0,rank-1,0
Python,https://github.com/hyperspy/hyperspy,2011-12-20,1059.0,rank-1,0
Python,https://github.com/hyperspy/hyperspy,2011-12-21,1060.0,rank-1,0
Python,https://github.com/hyperspy/hyperspy,2012-01-05,1061.0,rank-1,0
Python,https://github.com/hyperspy/hyperspy,2012-02-10,1062.0,rank-1,0
Python,https://github.com/hyperspy/hyperspy,2012-02-20,1066.0,rank-1,0
Python,https://github.com/hyperspy/hyperspy,2012-02-22,1069.0,rank-1,0
Python,https://github.com/hyperspy/hyperspy,2012-02-23,1070.0,rank-1,0
Python,https://github.com/hyperspy/hyperspy,2012-02-24,1074.0,rank-1,0
Python,https://github.com/hyperspy/hyperspy,2012-02-27,1078.0,rank-1,0
Python,https://github.com/hyperspy/hyperspy,2012-02-28,1088.0,rank-1,0
Python,https://github.com/hyperspy/hyperspy,2012-02-29,1099.0,rank-1,0
Python,https://github.com/hyperspy/hyperspy,2012-03-01,1100.0,rank-1,0
Python,https://github.com/hyperspy/hyperspy,2012-04-02,1102.0,rank-1,0
Python,https://github.com/hyperspy/hyperspy,2012-04-04,1104.0,rank-1,0
Python,https://github.com/hyperspy/hyperspy,2012-04-05,1114.0,rank-1,0
Python,https://github.com/hyperspy/hyperspy,2012-04-10,1118.0,rank-1,0
Python,https://github.com/hyperspy/hyperspy,2012-04-11,1122.0,rank-1,0
Python,https://github.com/hyperspy/hyperspy,2012-04-12,1126.0,rank-1,0
Python,https://github.com/hyperspy/hyperspy,2012-04-13,1137.0,rank-1,0
Python,https://github.com/hyperspy/hyperspy,2012-04-16,1149.0,rank-1,0
Python,https://github.com/hyperspy/hyperspy,2012-04-17,1150.0,rank-1,0
Python,https://github.com/hyperspy/hyperspy,2012-04-18,1154.0,rank-1,0
Python,https://github.com/hyperspy/hyperspy,2012-05-07,1155.0,rank-1,0
Python,https://github.com/hyperspy/hyperspy,2012-05-17,1156.0,rank-1,0
Python,https://github.com/hyperspy/hyperspy,2012-05-20,1157.0,rank-1,0
Python,https://github.com/hyperspy/hyperspy,2012-05-22,1159.0,rank-1,0
Python,https://github.com/hyperspy/hyperspy,2012-05-31,1163.0,rank-1,0
Python,https://github.com/hyperspy/hyperspy,2012-06-04,1164.0,rank-1,0
Python,https://github.com/hyperspy/hyperspy,2012-06-07,1167.0,rank-1,0
Python,https://github.com/hyperspy/hyperspy,2012-06-08,1168.0,rank-1,0
Python,https://github.com/hyperspy/hyperspy,2012-06-11,1174.0,rank-1,0
Python,https://github.com/hyperspy/hyperspy,2012-06-12,1177.0,rank-1,0
Python,https://github.com/hyperspy/hyperspy,2012-06-14,1178.0,rank-1,0
Python,https://github.com/hyperspy/hyperspy,2012-06-20,1179.0,rank-1,0
Python,https://github.com/hyperspy/hyperspy,2012-06-22,1180.0,rank-1,0
Python,https://github.com/hyperspy/hyperspy,2012-06-25,1184.0,rank-1,0
Python,https://github.com/hyperspy/hyperspy,2012-06-28,1185.0,rank-1,0
Python,https://github.com/hyperspy/hyperspy,2012-07-02,1188.0,rank-1,0
Python,https://github.com/hyperspy/hyperspy,2012-07-03,1192.0,rank-1,0
Python,https://github.com/hyperspy/hyperspy,2012-07-04,1193.0,rank-1,0
Python,https://github.com/hyperspy/hyperspy,2012-07-09,1198.0,rank-1,0
Python,https://github.com/hyperspy/hyperspy,2012-07-10,1202.0,rank-1,0
Python,https://github.com/hyperspy/hyperspy,2012-07-11,1206.0,rank-1,0
Python,https://github.com/hyperspy/hyperspy,2012-07-12,1208.0,rank-1,0
Python,https://github.com/hyperspy/hyperspy,2012-07-13,1212.0,rank-1,0
Python,https://github.com/hyperspy/hyperspy,2012-07-18,1214.0,rank-1,0
Python,https://github.com/hyperspy/hyperspy,2012-07-24,1217.0,rank-1,0
Python,https://github.com/hyperspy/hyperspy,2012-07-25,1218.0,rank-1,0
Python,https://github.com/hyperspy/hyperspy,2012-07-26,1220.0,rank-1,0
Python,https://github.com/hyperspy/hyperspy,2012-07-27,1221.0,rank-1,0
Python,https://github.com/hyperspy/hyperspy,2012-07-31,1227.0,rank-1,0
Python,https://github.com/hyperspy/hyperspy,2012-08-01,1228.0,rank-1,0
Python,https://github.com/hyperspy/hyperspy,2012-08-02,1230.0,rank-1,0
Python,https://github.com/hyperspy/hyperspy,2012-08-03,1231.0,rank-1,0
Python,https://github.com/hyperspy/hyperspy,2012-08-08,1233.0,rank-1,0
Python,https://github.com/hyperspy/hyperspy,2012-08-09,1235.0,rank-1,0
Python,https://github.com/hyperspy/hyperspy,2012-08-10,1237.0,rank-1,0
Python,https://github.com/hyperspy/hyperspy,2012-08-22,1238.0,rank-1,0
Python,https://github.com/hyperspy/hyperspy,2012-08-24,1240.0,rank-1,0
Python,https://github.com/hyperspy/hyperspy,2012-08-27,1256.0,rank-1,0
Python,https://github.com/hyperspy/hyperspy,2012-08-28,1262.0,rank-1,0
Python,https://github.com/hyperspy/hyperspy,2012-08-29,1268.0,rank-1,0
Python,https://github.com/hyperspy/hyperspy,2012-08-30,1269.0,rank-1,0
Python,https://github.com/hyperspy/hyperspy,2012-08-31,1273.0,rank-1,0
Python,https://github.com/hyperspy/hyperspy,2012-09-02,1274.0,rank-1,0
Python,https://github.com/hyperspy/hyperspy,2012-09-03,1282.0,rank-1,0
Python,https://github.com/hyperspy/hyperspy,2012-09-04,1293.0,rank-1,0
Python,https://github.com/hyperspy/hyperspy,2012-09-05,1303.0,rank-1,0
Python,https://github.com/hyperspy/hyperspy,2012-09-06,1314.0,rank-1,0
Python,https://github.com/hyperspy/hyperspy,2012-09-07,1323.0,rank-1,0
Python,https://github.com/hyperspy/hyperspy,2012-09-08,1325.0,rank-1,0
Python,https://github.com/hyperspy/hyperspy,2012-09-09,1326.0,rank-1,0
Python,https://github.com/hyperspy/hyperspy,2012-09-10,1328.0,rank-1,0
Python,https://github.com/hyperspy/hyperspy,2012-09-12,1332.0,rank-1,0
Python,https://github.com/hyperspy/hyperspy,2012-09-19,1333.0,rank-1,0
Python,https://github.com/hyperspy/hyperspy,2012-09-20,1334.0,rank-1,0
Python,https://github.com/hyperspy/hyperspy,2012-09-21,1335.0,rank-1,0
Python,https://github.com/hyperspy/hyperspy,2012-09-25,1343.0,rank-1,0
Python,https://github.com/hyperspy/hyperspy,2012-09-26,1346.0,rank-1,0
Python,https://github.com/hyperspy/hyperspy,2012-09-27,1349.0,rank-1,0
Python,https://github.com/hyperspy/hyperspy,2012-09-28,1354.0,rank-1,0
Python,https://github.com/hyperspy/hyperspy,2012-10-01,1355.0,rank-1,0
Python,https://github.com/hyperspy/hyperspy,2012-10-02,1357.0,rank-1,0
Python,https://github.com/hyperspy/hyperspy,2012-10-08,1361.0,rank-1,0
Python,https://github.com/hyperspy/hyperspy,2012-10-09,1365.0,rank-1,0
Python,https://github.com/hyperspy/hyperspy,2012-10-10,1368.0,rank-1,0
Python,https://github.com/hyperspy/hyperspy,2012-10-11,1370.0,rank-1,0
Python,https://github.com/hyperspy/hyperspy,2012-10-12,1372.0,rank-1,0
Python,https://github.com/hyperspy/hyperspy,2012-10-15,1373.0,rank-1,0
Python,https://github.com/hyperspy/hyperspy,2012-10-19,1374.0,rank-1,0
Python,https://github.com/hyperspy/hyperspy,2012-10-25,1377.0,rank-1,0
Python,https://github.com/hyperspy/hyperspy,2012-10-26,1381.0,rank-1,0
Python,https://github.com/hyperspy/hyperspy,2012-10-28,1385.0,rank-1,0
Python,https://github.com/hyperspy/hyperspy,2012-10-29,1392.0,rank-1,0
Python,https://github.com/hyperspy/hyperspy,2012-10-30,1405.0,rank-1,0
Python,https://github.com/hyperspy/hyperspy,2012-11-15,1406.0,rank-1,0
Python,https://github.com/hyperspy/hyperspy,2012-11-27,1408.0,rank-1,0
Python,https://github.com/hyperspy/hyperspy,2012-11-29,1409.0,rank-1,0
Python,https://github.com/hyperspy/hyperspy,2012-11-30,1410.0,rank-1,0
Python,https://github.com/hyperspy/hyperspy,2012-12-04,1413.0,rank-1,0
Python,https://github.com/hyperspy/hyperspy,2012-12-05,1414.0,rank-1,0
Python,https://github.com/hyperspy/hyperspy,2012-12-06,1419.0,rank-1,0
Python,https://github.com/hyperspy/hyperspy,2012-12-07,1427.0,rank-1,0
Python,https://github.com/hyperspy/hyperspy,2012-12-08,1429.0,rank-1,0
Python,https://github.com/hyperspy/hyperspy,2012-12-10,1430.0,rank-1,0
Python,https://github.com/hyperspy/hyperspy,2012-12-11,1437.0,rank-1,0
Python,https://github.com/hyperspy/hyperspy,2012-12-12,1439.0,rank-1,0
Python,https://github.com/hyperspy/hyperspy,2012-12-13,1446.0,rank-1,0
Python,https://github.com/hyperspy/hyperspy,2012-12-14,1450.0,rank-1,0
Python,https://github.com/hyperspy/hyperspy,2012-12-20,1451.0,rank-1,0
Python,https://github.com/hyperspy/hyperspy,2013-01-07,1453.0,rank-1,0
Python,https://github.com/hyperspy/hyperspy,2013-01-10,1454.0,rank-1,0
Python,https://github.com/hyperspy/hyperspy,2013-01-11,1455.0,rank-1,0
Python,https://github.com/hyperspy/hyperspy,2013-01-16,1462.0,rank-1,0
Python,https://github.com/hyperspy/hyperspy,2013-01-17,1471.0,rank-1,0
Python,https://github.com/hyperspy/hyperspy,2013-01-18,1476.0,rank-1,0
Python,https://github.com/hyperspy/hyperspy,2013-01-24,1483.0,rank-1,0
Python,https://github.com/hyperspy/hyperspy,2013-01-25,1493.0,rank-1,0
Python,https://github.com/hyperspy/hyperspy,2013-01-28,1502.0,rank-1,0
Python,https://github.com/hyperspy/hyperspy,2013-01-29,1508.0,rank-1,0
Python,https://github.com/hyperspy/hyperspy,2013-01-30,1512.0,rank-1,0
Python,https://github.com/hyperspy/hyperspy,2013-01-31,1521.0,rank-1,0
Python,https://github.com/hyperspy/hyperspy,2013-02-07,1523.0,rank-1,0
Python,https://github.com/hyperspy/hyperspy,2013-02-12,1530.0,rank-1,0
Python,https://github.com/hyperspy/hyperspy,2013-02-14,1538.0,rank-1,0
Python,https://github.com/hyperspy/hyperspy,2013-02-15,1540.0,rank-1,0
Python,https://github.com/hyperspy/hyperspy,2013-02-18,1542.0,rank-1,0
Python,https://github.com/hyperspy/hyperspy,2013-02-19,1549.0,rank-1,0
Python,https://github.com/hyperspy/hyperspy,2013-02-20,1554.0,rank-1,0
Python,https://github.com/hyperspy/hyperspy,2013-02-21,1556.0,rank-1,0
Python,https://github.com/hyperspy/hyperspy,2013-02-22,1558.0,rank-1,0
Python,https://github.com/hyperspy/hyperspy,2013-02-23,1559.0,rank-1,0
Python,https://github.com/hyperspy/hyperspy,2013-02-27,1562.0,rank-1,0
Python,https://github.com/hyperspy/hyperspy,2013-02-28,1564.0,rank-1,0
Python,https://github.com/hyperspy/hyperspy,2013-03-01,1568.0,rank-1,0
Python,https://github.com/hyperspy/hyperspy,2013-03-04,1569.0,rank-1,0
Python,https://github.com/hyperspy/hyperspy,2013-03-05,1571.0,rank-1,0
Python,https://github.com/hyperspy/hyperspy,2013-03-06,1575.0,rank-1,0
Python,https://github.com/hyperspy/hyperspy,2013-03-07,1581.0,rank-1,0
Python,https://github.com/hyperspy/hyperspy,2013-03-13,1582.0,rank-1,0
Python,https://github.com/hyperspy/hyperspy,2013-03-14,1588.0,rank-1,0
Python,https://github.com/hyperspy/hyperspy,2013-03-15,1598.0,rank-1,0
Python,https://github.com/hyperspy/hyperspy,2013-03-16,1601.0,rank-1,0
Python,https://github.com/hyperspy/hyperspy,2013-03-18,1610.0,rank-1,0
Python,https://github.com/hyperspy/hyperspy,2013-03-19,1624.0,rank-1,0
Python,https://github.com/hyperspy/hyperspy,2013-03-20,1627.0,rank-1,0
Python,https://github.com/hyperspy/hyperspy,2013-03-21,1631.0,rank-1,0
Python,https://github.com/hyperspy/hyperspy,2013-03-25,1638.0,rank-1,0
Python,https://github.com/hyperspy/hyperspy,2013-03-27,1642.0,rank-1,0
Python,https://github.com/hyperspy/hyperspy,2013-03-28,1647.0,rank-1,0
Python,https://github.com/hyperspy/hyperspy,2013-03-30,1651.0,rank-1,0
Python,https://github.com/hyperspy/hyperspy,2013-03-31,1653.0,rank-1,0
Python,https://github.com/hyperspy/hyperspy,2013-04-01,1660.0,rank-1,0
Python,https://github.com/hyperspy/hyperspy,2013-04-02,1665.0,rank-1,0
Python,https://github.com/hyperspy/hyperspy,2013-04-03,1666.0,rank-1,0
Python,https://github.com/hyperspy/hyperspy,2013-04-04,1668.0,rank-1,0
Python,https://github.com/hyperspy/hyperspy,2013-04-09,1673.0,rank-1,0
Python,https://github.com/hyperspy/hyperspy,2013-04-10,1677.0,rank-1,0
Python,https://github.com/hyperspy/hyperspy,2013-04-11,1678.0,rank-1,0
Python,https://github.com/hyperspy/hyperspy,2013-04-12,1679.0,rank-1,0
Python,https://github.com/hyperspy/hyperspy,2013-04-17,1686.0,rank-1,0
Python,https://github.com/hyperspy/hyperspy,2013-04-18,1689.0,rank-1,0
Python,https://github.com/hyperspy/hyperspy,2013-04-19,1691.0,rank-1,0
Python,https://github.com/hyperspy/hyperspy,2013-04-23,1693.0,rank-1,0
Python,https://github.com/hyperspy/hyperspy,2013-04-26,1694.0,rank-1,0
Python,https://github.com/hyperspy/hyperspy,2013-05-07,1697.0,rank-1,0
Python,https://github.com/hyperspy/hyperspy,2013-05-08,1701.0,rank-1,0
Python,https://github.com/hyperspy/hyperspy,2013-05-09,1704.0,rank-1,0
Python,https://github.com/hyperspy/hyperspy,2013-05-10,1710.0,rank-1,0
Python,https://github.com/hyperspy/hyperspy,2013-05-11,1716.0,rank-1,0
Python,https://github.com/hyperspy/hyperspy,2013-05-12,1720.0,rank-1,0
Python,https://github.com/hyperspy/hyperspy,2013-05-13,1730.0,rank-1,0
Python,https://github.com/hyperspy/hyperspy,2013-05-14,1736.0,rank-1,0
Python,https://github.com/hyperspy/hyperspy,2013-05-15,1738.0,rank-1,0
Python,https://github.com/hyperspy/hyperspy,2013-05-17,1743.0,rank-1,0
Python,https://github.com/hyperspy/hyperspy,2013-05-19,1751.0,rank-1,0
Python,https://github.com/hyperspy/hyperspy,2013-05-20,1773.0,rank-1,0
Python,https://github.com/hyperspy/hyperspy,2013-05-21,1783.0,rank-1,0
Python,https://github.com/hyperspy/hyperspy,2013-05-22,1803.0,rank-1,0
Python,https://github.com/hyperspy/hyperspy,2013-05-23,1829.0,rank-1,0
Python,https://github.com/hyperspy/hyperspy,2013-05-24,1835.0,rank-1,0
Python,https://github.com/hyperspy/hyperspy,2013-05-25,1845.0,rank-1,0
Python,https://github.com/hyperspy/hyperspy,2013-05-27,1846.0,rank-1,0
Python,https://github.com/hyperspy/hyperspy,2013-06-03,1852.0,rank-1,0
Python,https://github.com/hyperspy/hyperspy,2013-06-04,1859.0,rank-1,0
Python,https://github.com/hyperspy/hyperspy,2013-06-05,1868.0,rank-1,0
Python,https://github.com/hyperspy/hyperspy,2013-06-06,1876.0,rank-1,0
Python,https://github.com/hyperspy/hyperspy,2013-06-07,1882.0,rank-1,0
Python,https://github.com/hyperspy/hyperspy,2013-06-10,1883.0,rank-1,0
Python,https://github.com/hyperspy/hyperspy,2013-06-11,1884.0,rank-1,0
Python,https://github.com/hyperspy/hyperspy,2013-06-12,1887.0,rank-1,0
Python,https://github.com/hyperspy/hyperspy,2013-06-13,1894.0,rank-1,0
Python,https://github.com/hyperspy/hyperspy,2013-06-14,1896.0,rank-1,0
Python,https://github.com/hyperspy/hyperspy,2013-06-17,1897.0,rank-1,0
Python,https://github.com/hyperspy/hyperspy,2013-06-19,1898.0,rank-1,0
Python,https://github.com/hyperspy/hyperspy,2013-06-20,1899.0,rank-1,0
Python,https://github.com/hyperspy/hyperspy,2013-06-21,1900.0,rank-1,0
Python,https://github.com/hyperspy/hyperspy,2013-06-24,1909.0,rank-1,0
Python,https://github.com/hyperspy/hyperspy,2013-06-25,1925.0,rank-1,0
Python,https://github.com/hyperspy/hyperspy,2013-06-26,1933.0,rank-1,0
Python,https://github.com/hyperspy/hyperspy,2013-06-27,1942.0,rank-1,0
Python,https://github.com/hyperspy/hyperspy,2013-06-28,1962.0,rank-1,0
Python,https://github.com/hyperspy/hyperspy,2013-06-29,1965.0,rank-1,0
Python,https://github.com/hyperspy/hyperspy,2013-06-30,1979.0,rank-1,0
Python,https://github.com/hyperspy/hyperspy,2013-07-01,1983.0,rank-1,0
Python,https://github.com/hyperspy/hyperspy,2013-07-02,1984.0,rank-1,0
Python,https://github.com/hyperspy/hyperspy,2013-07-08,1985.0,rank-1,0
Python,https://github.com/hyperspy/hyperspy,2013-07-09,1989.0,rank-1,0
Python,https://github.com/hyperspy/hyperspy,2013-07-10,1999.0,rank-1,0
Python,https://github.com/hyperspy/hyperspy,2013-07-11,2005.0,rank-1,0
Python,https://github.com/hyperspy/hyperspy,2013-07-12,2009.0,rank-1,0
Python,https://github.com/hyperspy/hyperspy,2013-07-16,2011.0,rank-1,0
Python,https://github.com/hyperspy/hyperspy,2013-07-17,2019.0,rank-1,0
Python,https://github.com/hyperspy/hyperspy,2013-07-18,2027.0,rank-1,0
Python,https://github.com/hyperspy/hyperspy,2013-07-19,2030.0,rank-1,0
Python,https://github.com/hyperspy/hyperspy,2013-07-25,2032.0,rank-1,0
Python,https://github.com/hyperspy/hyperspy,2013-07-29,2034.0,rank-1,0
Python,https://github.com/hyperspy/hyperspy,2013-07-30,2035.0,rank-1,0
Python,https://github.com/hyperspy/hyperspy,2013-08-01,2044.0,rank-1,0
Python,https://github.com/hyperspy/hyperspy,2013-08-02,2054.0,rank-1,0
Python,https://github.com/hyperspy/hyperspy,2013-08-05,2062.0,rank-1,0
Python,https://github.com/hyperspy/hyperspy,2013-08-06,2074.0,rank-1,0
Python,https://github.com/hyperspy/hyperspy,2013-08-07,2078.0,rank-1,0
Python,https://github.com/hyperspy/hyperspy,2013-08-08,2081.0,rank-1,0
Python,https://github.com/hyperspy/hyperspy,2013-08-14,2084.0,rank-1,0
Python,https://github.com/hyperspy/hyperspy,2013-08-21,2087.0,rank-1,0
Python,https://github.com/hyperspy/hyperspy,2013-08-28,2089.0,rank-1,0
Python,https://github.com/hyperspy/hyperspy,2013-08-30,2093.0,rank-1,0
Python,https://github.com/hyperspy/hyperspy,2013-09-02,2100.0,rank-1,0
Python,https://github.com/hyperspy/hyperspy,2013-09-03,2112.0,rank-1,0
Python,https://github.com/hyperspy/hyperspy,2013-09-04,2119.0,rank-1,0
Python,https://github.com/hyperspy/hyperspy,2013-09-05,2125.0,rank-1,0
Python,https://github.com/hyperspy/hyperspy,2013-09-06,2130.0,rank-1,0
Python,https://github.com/hyperspy/hyperspy,2013-09-10,2132.0,rank-1,0
Python,https://github.com/hyperspy/hyperspy,2013-09-11,2133.0,rank-1,0
Python,https://github.com/hyperspy/hyperspy,2013-09-17,2136.0,rank-1,0
Python,https://github.com/hyperspy/hyperspy,2013-09-19,2137.0,rank-1,0
Python,https://github.com/hyperspy/hyperspy,2013-09-23,2138.0,rank-1,0
Python,https://github.com/hyperspy/hyperspy,2013-09-24,2139.0,rank-1,0
Python,https://github.com/hyperspy/hyperspy,2013-09-25,2144.0,rank-1,0
Python,https://github.com/hyperspy/hyperspy,2013-10-03,2150.0,rank-1,0
Python,https://github.com/hyperspy/hyperspy,2013-10-08,2152.0,rank-1,0
Python,https://github.com/hyperspy/hyperspy,2013-10-09,2157.0,rank-1,0
Python,https://github.com/hyperspy/hyperspy,2013-10-10,2163.0,rank-1,0
Python,https://github.com/hyperspy/hyperspy,2013-10-14,2164.0,rank-1,0
Python,https://github.com/hyperspy/hyperspy,2013-10-17,2165.0,rank-1,0
Python,https://github.com/hyperspy/hyperspy,2013-10-23,2168.0,rank-1,0
Python,https://github.com/hyperspy/hyperspy,2013-10-25,2172.0,rank-1,0
Python,https://github.com/hyperspy/hyperspy,2013-10-28,2173.0,rank-1,0
Python,https://github.com/hyperspy/hyperspy,2013-10-29,2175.0,rank-1,0
Python,https://github.com/hyperspy/hyperspy,2013-11-04,2178.0,rank-1,0
Python,https://github.com/hyperspy/hyperspy,2013-11-05,2181.0,rank-1,0
Python,https://github.com/hyperspy/hyperspy,2013-11-11,2184.0,rank-1,0
Python,https://github.com/hyperspy/hyperspy,2013-11-18,2190.0,rank-1,0
Python,https://github.com/hyperspy/hyperspy,2013-11-19,2191.0,rank-1,0
Python,https://github.com/hyperspy/hyperspy,2013-11-20,2195.0,rank-1,0
Python,https://github.com/hyperspy/hyperspy,2013-11-21,2196.0,rank-1,0
Python,https://github.com/hyperspy/hyperspy,2013-11-22,2208.0,rank-1,0
Python,https://github.com/hyperspy/hyperspy,2013-11-27,2210.0,rank-1,0
Python,https://github.com/hyperspy/hyperspy,2013-12-04,2213.0,rank-1,0
Python,https://github.com/hyperspy/hyperspy,2013-12-05,2215.0,rank-1,0
Python,https://github.com/hyperspy/hyperspy,2013-12-06,2218.0,rank-1,0
Python,https://github.com/hyperspy/hyperspy,2013-12-09,2221.0,rank-1,0
Python,https://github.com/hyperspy/hyperspy,2013-12-10,2222.0,rank-1,0
Python,https://github.com/hyperspy/hyperspy,2013-12-11,2228.0,rank-1,0
Python,https://github.com/hyperspy/hyperspy,2013-12-12,2235.0,rank-1,0
Python,https://github.com/hyperspy/hyperspy,2013-12-13,2244.0,rank-1,0
Python,https://github.com/hyperspy/hyperspy,2013-12-16,2255.0,rank-1,0
Python,https://github.com/hyperspy/hyperspy,2013-12-17,2256.0,rank-1,0
Python,https://github.com/hyperspy/hyperspy,2013-12-18,2263.0,rank-1,0
Python,https://github.com/hyperspy/hyperspy,2013-12-19,2265.0,rank-1,0
Python,https://github.com/hyperspy/hyperspy,2013-12-20,2268.0,rank-1,0
Python,https://github.com/hyperspy/hyperspy,2014-01-03,2272.0,rank-1,0
Python,https://github.com/hyperspy/hyperspy,2014-01-06,2276.0,rank-1,0
Python,https://github.com/hyperspy/hyperspy,2014-01-07,2287.0,rank-1,0
Python,https://github.com/hyperspy/hyperspy,2014-01-08,2297.0,rank-1,0
Python,https://github.com/hyperspy/hyperspy,2014-01-09,2311.0,rank-1,0
Python,https://github.com/hyperspy/hyperspy,2014-01-10,2313.0,rank-1,0
Python,https://github.com/hyperspy/hyperspy,2014-01-12,2314.0,rank-1,0
Python,https://github.com/hyperspy/hyperspy,2014-01-17,2318.0,rank-1,0
Python,https://github.com/hyperspy/hyperspy,2014-01-18,2319.0,rank-1,0
Python,https://github.com/hyperspy/hyperspy,2014-01-20,2320.0,rank-1,0
Python,https://github.com/hyperspy/hyperspy,2014-01-21,2325.0,rank-1,0
Python,https://github.com/hyperspy/hyperspy,2014-01-22,2330.0,rank-1,0
Python,https://github.com/hyperspy/hyperspy,2014-01-24,2343.0,rank-1,0
Python,https://github.com/hyperspy/hyperspy,2014-01-28,2350.0,rank-1,0
Python,https://github.com/hyperspy/hyperspy,2014-01-29,2356.0,rank-1,0
Python,https://github.com/hyperspy/hyperspy,2014-01-30,2358.0,rank-1,0
Python,https://github.com/hyperspy/hyperspy,2014-01-31,2367.0,rank-1,0
Python,https://github.com/hyperspy/hyperspy,2014-02-03,2370.0,rank-1,0
Python,https://github.com/hyperspy/hyperspy,2014-02-06,2380.0,rank-1,0
Python,https://github.com/hyperspy/hyperspy,2014-02-07,2385.0,rank-1,0
Python,https://github.com/hyperspy/hyperspy,2014-02-10,2393.0,rank-1,0
Python,https://github.com/hyperspy/hyperspy,2014-02-11,2403.0,rank-1,0
Python,https://github.com/hyperspy/hyperspy,2014-02-12,2415.0,rank-1,0
Python,https://github.com/hyperspy/hyperspy,2014-02-13,2440.0,rank-1,0
Python,https://github.com/hyperspy/hyperspy,2014-02-14,2455.0,rank-1,0
Python,https://github.com/hyperspy/hyperspy,2014-02-17,2470.0,rank-1,0
Python,https://github.com/hyperspy/hyperspy,2014-02-18,2513.0,rank-1,0
Python,https://github.com/hyperspy/hyperspy,2014-02-19,2545.0,rank-1,0
Python,https://github.com/hyperspy/hyperspy,2014-02-20,2598.0,rank-1,0
Python,https://github.com/hyperspy/hyperspy,2014-02-21,2649.0,rank-1,0
Python,https://github.com/hyperspy/hyperspy,2014-02-24,2654.0,rank-1,0
Python,https://github.com/hyperspy/hyperspy,2014-02-25,2672.0,rank-1,0
Python,https://github.com/hyperspy/hyperspy,2014-02-26,2683.0,rank-1,0
Python,https://github.com/hyperspy/hyperspy,2014-02-27,2685.0,rank-1,0
Python,https://github.com/hyperspy/hyperspy,2014-03-05,2688.0,rank-1,0
Python,https://github.com/hyperspy/hyperspy,2014-03-06,2690.0,rank-1,0
Python,https://github.com/hyperspy/hyperspy,2014-03-07,2697.0,rank-1,0
Python,https://github.com/hyperspy/hyperspy,2014-03-10,2718.0,rank-1,0
Python,https://github.com/hyperspy/hyperspy,2014-03-11,2730.0,rank-1,0
Python,https://github.com/hyperspy/hyperspy,2014-03-12,2755.0,rank-1,0
Python,https://github.com/hyperspy/hyperspy,2014-03-13,2767.0,rank-1,0
Python,https://github.com/hyperspy/hyperspy,2014-03-14,2774.0,rank-1,0
Python,https://github.com/hyperspy/hyperspy,2014-03-15,2780.0,rank-1,0
Python,https://github.com/hyperspy/hyperspy,2014-03-16,2785.0,rank-1,0
Python,https://github.com/hyperspy/hyperspy,2014-03-17,2796.0,rank-1,0
Python,https://github.com/hyperspy/hyperspy,2014-03-18,2805.0,rank-1,0
Python,https://github.com/hyperspy/hyperspy,2014-03-19,2822.0,rank-1,0
Python,https://github.com/hyperspy/hyperspy,2014-03-20,2840.0,rank-1,0
Python,https://github.com/hyperspy/hyperspy,2014-03-21,2845.0,rank-1,0
Python,https://github.com/hyperspy/hyperspy,2014-03-25,2848.0,rank-1,0
Python,https://github.com/hyperspy/hyperspy,2014-03-26,2858.0,rank-1,0
Python,https://github.com/hyperspy/hyperspy,2014-03-27,2867.0,rank-1,0
Python,https://github.com/hyperspy/hyperspy,2014-03-28,2869.0,rank-1,0
Python,https://github.com/hyperspy/hyperspy,2014-03-31,2899.0,rank-1,0
Python,https://github.com/hyperspy/hyperspy,2014-04-01,2928.0,rank-1,0
Python,https://github.com/hyperspy/hyperspy,2014-04-02,2936.0,rank-1,0
Python,https://github.com/hyperspy/hyperspy,2014-04-03,2961.0,rank-1,0
Python,https://github.com/hyperspy/hyperspy,2014-04-04,2964.0,rank-1,0
Python,https://github.com/hyperspy/hyperspy,2014-04-07,2970.0,rank-1,0
Python,https://github.com/hyperspy/hyperspy,2014-04-08,2977.0,rank-1,0
Python,https://github.com/hyperspy/hyperspy,2014-04-15,2987.0,rank-1,0
Python,https://github.com/hyperspy/hyperspy,2014-04-16,2997.0,rank-1,0
Python,https://github.com/hyperspy/hyperspy,2014-04-17,3005.0,rank-1,0
Python,https://github.com/hyperspy/hyperspy,2014-04-22,3016.0,rank-1,0
Python,https://github.com/hyperspy/hyperspy,2014-04-23,3034.0,rank-1,0
Python,https://github.com/hyperspy/hyperspy,2014-04-25,3038.0,rank-1,0
Python,https://github.com/hyperspy/hyperspy,2014-04-28,3056.0,rank-1,0
Python,https://github.com/hyperspy/hyperspy,2014-04-30,3070.0,rank-1,0
Python,https://github.com/hyperspy/hyperspy,2014-05-01,3082.0,rank-1,0
Python,https://github.com/hyperspy/hyperspy,2014-05-02,3108.0,rank-1,0
Python,https://github.com/hyperspy/hyperspy,2014-05-21,3110.0,rank-1,0
Python,https://github.com/hyperspy/hyperspy,2014-05-22,3112.0,rank-1,0
Python,https://github.com/hyperspy/hyperspy,2014-05-28,3119.0,rank-1,0
Python,https://github.com/hyperspy/hyperspy,2014-05-29,3120.0,rank-1,0
Python,https://github.com/hyperspy/hyperspy,2014-05-30,3124.0,rank-1,0
Python,https://github.com/hyperspy/hyperspy,2014-06-02,3126.0,rank-1,0
Python,https://github.com/hyperspy/hyperspy,2014-06-03,3127.0,rank-1,0
Python,https://github.com/hyperspy/hyperspy,2014-06-04,3128.0,rank-1,0
Python,https://github.com/hyperspy/hyperspy,2014-06-10,3136.0,rank-1,0
Python,https://github.com/hyperspy/hyperspy,2014-06-11,3152.0,rank-1,0
Python,https://github.com/hyperspy/hyperspy,2014-06-12,3159.0,rank-1,0
Python,https://github.com/hyperspy/hyperspy,2014-06-16,3168.0,rank-1,0
Python,https://github.com/hyperspy/hyperspy,2014-06-17,3176.0,rank-1,0
Python,https://github.com/hyperspy/hyperspy,2014-06-19,3179.0,rank-1,0
Python,https://github.com/hyperspy/hyperspy,2014-06-20,3180.0,rank-1,0
Python,https://github.com/hyperspy/hyperspy,2014-06-21,3182.0,rank-1,0
Python,https://github.com/hyperspy/hyperspy,2014-06-24,3184.0,rank-1,0
Python,https://github.com/hyperspy/hyperspy,2014-06-25,3185.0,rank-1,0
Python,https://github.com/hyperspy/hyperspy,2014-06-30,3189.0,rank-1,0
Python,https://github.com/hyperspy/hyperspy,2014-07-31,3193.0,rank-1,0
Python,https://github.com/hyperspy/hyperspy,2014-08-05,3199.0,rank-1,0
Python,https://github.com/hyperspy/hyperspy,2014-08-06,3202.0,rank-1,0
Python,https://github.com/hyperspy/hyperspy,2014-08-07,3209.0,rank-1,0
Python,https://github.com/hyperspy/hyperspy,2014-08-08,3211.0,rank-1,0
Python,https://github.com/hyperspy/hyperspy,2014-08-11,3212.0,rank-1,0
Python,https://github.com/hyperspy/hyperspy,2014-08-14,3213.0,rank-1,0
Python,https://github.com/hyperspy/hyperspy,2014-08-15,3215.0,rank-1,0
Python,https://github.com/hyperspy/hyperspy,2014-08-18,3226.0,rank-1,0
Python,https://github.com/hyperspy/hyperspy,2014-08-20,3235.0,rank-1,0
Python,https://github.com/hyperspy/hyperspy,2014-08-21,3259.0,rank-1,0
Python,https://github.com/hyperspy/hyperspy,2014-08-22,3278.0,rank-1,0
Python,https://github.com/hyperspy/hyperspy,2014-08-25,3280.0,rank-1,0
Python,https://github.com/hyperspy/hyperspy,2014-09-02,3290.0,rank-1,0
Python,https://github.com/hyperspy/hyperspy,2014-09-03,3292.0,rank-1,0
Python,https://github.com/hyperspy/hyperspy,2014-09-23,3293.0,rank-1,0
Python,https://github.com/hyperspy/hyperspy,2014-10-01,3295.0,rank-1,0
Python,https://github.com/hyperspy/hyperspy,2014-10-15,3298.0,rank-1,0
Python,https://github.com/hyperspy/hyperspy,2014-10-16,3308.0,rank-1,0
Python,https://github.com/hyperspy/hyperspy,2014-10-17,3311.0,rank-1,0
Python,https://github.com/hyperspy/hyperspy,2014-10-21,3315.0,rank-1,0
Python,https://github.com/hyperspy/hyperspy,2014-10-23,3317.0,rank-1,0
Python,https://github.com/hyperspy/hyperspy,2014-10-24,3325.0,rank-1,0
Python,https://github.com/hyperspy/hyperspy,2014-10-25,3330.0,rank-1,0
Python,https://github.com/hyperspy/hyperspy,2014-10-27,3338.0,rank-1,0
Python,https://github.com/hyperspy/hyperspy,2014-10-30,3343.0,rank-1,0
Python,https://github.com/hyperspy/hyperspy,2014-11-01,3348.0,rank-1,0
Python,https://github.com/hyperspy/hyperspy,2014-11-03,3352.0,rank-1,0
Python,https://github.com/hyperspy/hyperspy,2014-11-04,3359.0,rank-1,0
Python,https://github.com/hyperspy/hyperspy,2014-11-06,3360.0,rank-1,0
Python,https://github.com/hyperspy/hyperspy,2014-11-14,3367.0,rank-1,0
Python,https://github.com/hyperspy/hyperspy,2014-11-17,3378.0,rank-1,0
Python,https://github.com/hyperspy/hyperspy,2014-11-18,3390.0,rank-1,0
Python,https://github.com/hyperspy/hyperspy,2014-11-20,3391.0,rank-1,0
Python,https://github.com/hyperspy/hyperspy,2014-11-24,3393.0,rank-1,0
Python,https://github.com/hyperspy/hyperspy,2014-11-25,3394.0,rank-1,0
Python,https://github.com/hyperspy/hyperspy,2014-12-02,3396.0,rank-1,0
Python,https://github.com/hyperspy/hyperspy,2014-12-05,3399.0,rank-1,0
Python,https://github.com/hyperspy/hyperspy,2014-12-06,3401.0,rank-1,0
Python,https://github.com/hyperspy/hyperspy,2014-12-07,3403.0,rank-1,0
Python,https://github.com/hyperspy/hyperspy,2014-12-08,3404.0,rank-1,0
Python,https://github.com/hyperspy/hyperspy,2014-12-09,3405.0,rank-1,0
Python,https://github.com/hyperspy/hyperspy,2014-12-10,3410.0,rank-1,0
Python,https://github.com/hyperspy/hyperspy,2014-12-21,3411.0,rank-1,0
Python,https://github.com/hyperspy/hyperspy,2015-01-05,3413.0,rank-1,0
Python,https://github.com/hyperspy/hyperspy,2015-01-06,3415.0,rank-1,0
Python,https://github.com/hyperspy/hyperspy,2015-01-08,3416.0,rank-1,0
Python,https://github.com/hyperspy/hyperspy,2015-01-09,3417.0,rank-1,0
Python,https://github.com/hyperspy/hyperspy,2015-01-12,3421.0,rank-1,0
Python,https://github.com/hyperspy/hyperspy,2015-01-13,3424.0,rank-1,0
Python,https://github.com/hyperspy/hyperspy,2015-01-14,3428.0,rank-1,0
Python,https://github.com/hyperspy/hyperspy,2015-01-15,3446.0,rank-1,0
Python,https://github.com/hyperspy/hyperspy,2015-01-16,3465.0,rank-1,0
Python,https://github.com/hyperspy/hyperspy,2015-01-18,3466.0,rank-1,0
Python,https://github.com/hyperspy/hyperspy,2015-01-19,3469.0,rank-1,0
Python,https://github.com/hyperspy/hyperspy,2015-01-20,3470.0,rank-1,0
Python,https://github.com/hyperspy/hyperspy,2015-01-22,3477.0,rank-1,0
Python,https://github.com/hyperspy/hyperspy,2015-01-23,3482.0,rank-1,0
Python,https://github.com/hyperspy/hyperspy,2015-01-26,3488.0,rank-1,0
Python,https://github.com/hyperspy/hyperspy,2015-01-27,3500.0,rank-1,0
Python,https://github.com/hyperspy/hyperspy,2015-01-28,3505.0,rank-1,0
Python,https://github.com/hyperspy/hyperspy,2015-01-29,3516.0,rank-1,0
Python,https://github.com/hyperspy/hyperspy,2015-01-30,3534.0,rank-1,0
Python,https://github.com/hyperspy/hyperspy,2015-01-31,3535.0,rank-1,0
Python,https://github.com/hyperspy/hyperspy,2015-02-01,3539.0,rank-1,0
Python,https://github.com/hyperspy/hyperspy,2015-02-02,3553.0,rank-1,0
Python,https://github.com/hyperspy/hyperspy,2015-02-03,3556.0,rank-1,0
Python,https://github.com/hyperspy/hyperspy,2015-02-04,3569.0,rank-1,0
Python,https://github.com/hyperspy/hyperspy,2015-02-06,3578.0,rank-1,0
Python,https://github.com/hyperspy/hyperspy,2015-02-07,3586.0,rank-1,0
Python,https://github.com/hyperspy/hyperspy,2015-02-16,3591.0,rank-1,0
Python,https://github.com/hyperspy/hyperspy,2015-02-24,3594.0,rank-1,0
Python,https://github.com/hyperspy/hyperspy,2015-02-26,3600.0,rank-1,0
Python,https://github.com/hyperspy/hyperspy,2015-02-27,3618.0,rank-1,0
Python,https://github.com/hyperspy/hyperspy,2015-03-02,3631.0,rank-1,0
Python,https://github.com/hyperspy/hyperspy,2015-03-03,3637.0,rank-1,0
Python,https://github.com/hyperspy/hyperspy,2015-03-04,3642.0,rank-1,0
Python,https://github.com/hyperspy/hyperspy,2015-03-05,3644.0,rank-1,0
Python,https://github.com/hyperspy/hyperspy,2015-03-06,3655.0,rank-1,0
Python,https://github.com/hyperspy/hyperspy,2015-03-09,3660.0,rank-1,0
Python,https://github.com/hyperspy/hyperspy,2015-03-10,3667.0,rank-1,0
Python,https://github.com/hyperspy/hyperspy,2015-03-11,3676.0,rank-1,0
Python,https://github.com/hyperspy/hyperspy,2015-03-12,3693.0,rank-1,0
Python,https://github.com/hyperspy/hyperspy,2015-03-23,3696.0,rank-1,0
Python,https://github.com/hyperspy/hyperspy,2015-03-26,3703.0,rank-1,0
Python,https://github.com/hyperspy/hyperspy,2015-03-27,3704.0,rank-1,0
Python,https://github.com/hyperspy/hyperspy,2015-03-28,3706.0,rank-1,0
Python,https://github.com/hyperspy/hyperspy,2015-03-30,3729.0,rank-1,0
Python,https://github.com/hyperspy/hyperspy,2015-03-31,3765.0,rank-1,0
Python,https://github.com/hyperspy/hyperspy,2015-04-01,3799.0,rank-1,0
Python,https://github.com/hyperspy/hyperspy,2015-04-02,3824.0,rank-1,0
Python,https://github.com/hyperspy/hyperspy,2015-04-03,3826.0,rank-1,0
Python,https://github.com/hyperspy/hyperspy,2015-04-05,3830.0,rank-1,0
Python,https://github.com/hyperspy/hyperspy,2015-04-06,3868.0,rank-1,0
Python,https://github.com/hyperspy/hyperspy,2015-04-07,3889.0,rank-1,0
Python,https://github.com/hyperspy/hyperspy,2015-04-08,3892.0,rank-1,0
Python,https://github.com/hyperspy/hyperspy,2015-04-15,3897.0,rank-1,0
Python,https://github.com/hyperspy/hyperspy,2015-04-17,3900.0,rank-1,0
Python,https://github.com/hyperspy/hyperspy,2015-04-20,3902.0,rank-1,0
Python,https://github.com/hyperspy/hyperspy,2015-04-21,3903.0,rank-1,0
Python,https://github.com/hyperspy/hyperspy,2015-04-22,3910.0,rank-1,0
Python,https://github.com/hyperspy/hyperspy,2015-04-24,3912.0,rank-1,0
Python,https://github.com/hyperspy/hyperspy,2015-04-27,3919.0,rank-1,0
Python,https://github.com/hyperspy/hyperspy,2015-04-28,3923.0,rank-1,0
Python,https://github.com/hyperspy/hyperspy,2015-04-29,3924.0,rank-1,0
Python,https://github.com/hyperspy/hyperspy,2015-04-30,3926.0,rank-1,0
Python,https://github.com/hyperspy/hyperspy,2015-05-05,3928.0,rank-1,0
Python,https://github.com/hyperspy/hyperspy,2015-05-06,3930.0,rank-1,0
Python,https://github.com/hyperspy/hyperspy,2015-05-07,3937.0,rank-1,0
Python,https://github.com/hyperspy/hyperspy,2015-05-08,3941.0,rank-1,0
Python,https://github.com/hyperspy/hyperspy,2015-05-09,3943.0,rank-1,0
Python,https://github.com/hyperspy/hyperspy,2015-05-11,3947.0,rank-1,0
Python,https://github.com/hyperspy/hyperspy,2015-05-27,3950.0,rank-1,0
Python,https://github.com/hyperspy/hyperspy,2015-06-02,3975.0,rank-1,0
Python,https://github.com/hyperspy/hyperspy,2015-06-03,3976.0,rank-1,0
Python,https://github.com/hyperspy/hyperspy,2015-06-04,3992.0,rank-1,0
Python,https://github.com/hyperspy/hyperspy,2015-06-05,3999.0,rank-1,0
Python,https://github.com/hyperspy/hyperspy,2015-06-08,4002.0,rank-1,0
Python,https://github.com/hyperspy/hyperspy,2015-06-12,4007.0,rank-1,0
Python,https://github.com/hyperspy/hyperspy,2015-06-15,4008.0,rank-1,0
Python,https://github.com/hyperspy/hyperspy,2015-06-16,4015.0,rank-1,0
Python,https://github.com/hyperspy/hyperspy,2015-06-17,4021.0,rank-1,0
Python,https://github.com/hyperspy/hyperspy,2015-06-26,4023.0,rank-1,0
Python,https://github.com/hyperspy/hyperspy,2015-06-28,4024.0,rank-1,0
Python,https://github.com/hyperspy/hyperspy,2015-07-01,4025.0,rank-1,0
Python,https://github.com/hyperspy/hyperspy,2015-07-03,4028.0,rank-1,0
Python,https://github.com/hyperspy/hyperspy,2015-07-08,4030.0,rank-1,0
Python,https://github.com/hyperspy/hyperspy,2015-07-09,4032.0,rank-1,0
Python,https://github.com/hyperspy/hyperspy,2015-07-11,4045.0,rank-1,0
Python,https://github.com/hyperspy/hyperspy,2015-07-13,4053.0,rank-1,0
Python,https://github.com/hyperspy/hyperspy,2015-07-14,4064.0,rank-1,0
Python,https://github.com/hyperspy/hyperspy,2015-07-15,4067.0,rank-1,0
Python,https://github.com/hyperspy/hyperspy,2015-07-16,4079.0,rank-1,0
Python,https://github.com/hyperspy/hyperspy,2015-07-17,4081.0,rank-1,0
Python,https://github.com/hyperspy/hyperspy,2015-07-20,4087.0,rank-1,0
Python,https://github.com/hyperspy/hyperspy,2015-07-21,4143.0,rank-1,0
Python,https://github.com/hyperspy/hyperspy,2015-07-22,4153.0,rank-1,0
Python,https://github.com/hyperspy/hyperspy,2015-07-23,4179.0,rank-1,0
Python,https://github.com/hyperspy/hyperspy,2015-07-24,4226.0,rank-1,0
Python,https://github.com/hyperspy/hyperspy,2015-07-26,4229.0,rank-1,0
Python,https://github.com/hyperspy/hyperspy,2015-07-27,4236.0,rank-1,0
Python,https://github.com/hyperspy/hyperspy,2015-07-28,4241.0,rank-1,0
Python,https://github.com/hyperspy/hyperspy,2015-07-29,4250.0,rank-1,0
Python,https://github.com/hyperspy/hyperspy,2015-07-30,4289.0,rank-1,0
Python,https://github.com/hyperspy/hyperspy,2015-07-31,4299.0,rank-1,0
Python,https://github.com/hyperspy/hyperspy,2015-08-01,4300.0,rank-1,0
Python,https://github.com/hyperspy/hyperspy,2015-08-02,4304.0,rank-1,0
Python,https://github.com/hyperspy/hyperspy,2015-08-03,4307.0,rank-1,0
Python,https://github.com/hyperspy/hyperspy,2015-08-04,4317.0,rank-1,0
Python,https://github.com/hyperspy/hyperspy,2015-08-05,4338.0,rank-1,0
Python,https://github.com/hyperspy/hyperspy,2015-08-06,4399.0,rank-1,0
Python,https://github.com/hyperspy/hyperspy,2015-08-07,4450.0,rank-1,0
Python,https://github.com/hyperspy/hyperspy,2015-08-10,4485.0,rank-1,0
Python,https://github.com/hyperspy/hyperspy,2015-08-11,4517.0,rank-1,0
Python,https://github.com/hyperspy/hyperspy,2015-08-12,4541.0,rank-1,0
Python,https://github.com/hyperspy/hyperspy,2015-08-13,4548.0,rank-1,0
Python,https://github.com/hyperspy/hyperspy,2015-08-14,4553.0,rank-1,0
Python,https://github.com/hyperspy/hyperspy,2015-08-15,4554.0,rank-1,0
Python,https://github.com/hyperspy/hyperspy,2015-08-17,4556.0,rank-1,0
Python,https://github.com/hyperspy/hyperspy,2015-08-19,4558.0,rank-1,0
Python,https://github.com/hyperspy/hyperspy,2015-08-20,4559.0,rank-1,0
Python,https://github.com/hyperspy/hyperspy,2015-08-22,4560.0,rank-1,0
Python,https://github.com/hyperspy/hyperspy,2015-08-23,4564.0,rank-1,0
Python,https://github.com/hyperspy/hyperspy,2015-08-27,4569.0,rank-1,0
Python,https://github.com/hyperspy/hyperspy,2015-08-29,4573.0,rank-1,0
Python,https://github.com/hyperspy/hyperspy,2015-09-02,4574.0,rank-1,0
Python,https://github.com/hyperspy/hyperspy,2015-09-04,4577.0,rank-1,0
Python,https://github.com/hyperspy/hyperspy,2015-09-06,4579.0,rank-1,0
Python,https://github.com/hyperspy/hyperspy,2015-09-07,4587.0,rank-1,0
Python,https://github.com/hyperspy/hyperspy,2015-09-08,4590.0,rank-1,0
Python,https://github.com/hyperspy/hyperspy,2015-09-09,4592.0,rank-1,0
Python,https://github.com/hyperspy/hyperspy,2015-09-10,4595.0,rank-1,0
Python,https://github.com/hyperspy/hyperspy,2015-09-18,4598.0,rank-1,0
Python,https://github.com/hyperspy/hyperspy,2015-09-19,4599.0,rank-1,0
Python,https://github.com/hyperspy/hyperspy,2015-09-23,4605.0,rank-1,0
Python,https://github.com/hyperspy/hyperspy,2015-09-24,4607.0,rank-1,0
Python,https://github.com/hyperspy/hyperspy,2015-09-25,4613.0,rank-1,0
Python,https://github.com/hyperspy/hyperspy,2015-09-28,4614.0,rank-1,0
Python,https://github.com/hyperspy/hyperspy,2015-10-06,4620.0,rank-1,0
Python,https://github.com/hyperspy/hyperspy,2015-10-07,4622.0,rank-1,0
Python,https://github.com/hyperspy/hyperspy,2015-10-13,4623.0,rank-1,0
Python,https://github.com/hyperspy/hyperspy,2015-10-21,4624.0,rank-1,0
Python,https://github.com/hyperspy/hyperspy,2015-10-27,4627.0,rank-1,0
Python,https://github.com/hyperspy/hyperspy,2015-10-29,4630.0,rank-1,0
Python,https://github.com/hyperspy/hyperspy,2015-10-30,4631.0,rank-1,0
Python,https://github.com/hyperspy/hyperspy,2015-11-02,4636.0,rank-1,0
Python,https://github.com/hyperspy/hyperspy,2015-11-03,4661.0,rank-1,0
Python,https://github.com/hyperspy/hyperspy,2015-11-04,4676.0,rank-1,0
Python,https://github.com/hyperspy/hyperspy,2015-11-05,4684.0,rank-1,0
Python,https://github.com/hyperspy/hyperspy,2015-11-06,4700.0,rank-1,0
Python,https://github.com/hyperspy/hyperspy,2015-11-07,4701.0,rank-1,0
Python,https://github.com/hyperspy/hyperspy,2015-11-08,4702.0,rank-1,0
Python,https://github.com/hyperspy/hyperspy,2015-11-09,4716.0,rank-1,0
Python,https://github.com/hyperspy/hyperspy,2015-11-10,4720.0,rank-1,0
Python,https://github.com/hyperspy/hyperspy,2015-11-13,4722.0,rank-1,0
Python,https://github.com/hyperspy/hyperspy,2015-11-17,4726.0,rank-1,0
Python,https://github.com/hyperspy/hyperspy,2015-11-20,4728.0,rank-1,0
Python,https://github.com/hyperspy/hyperspy,2015-11-22,4732.0,rank-1,0
Python,https://github.com/hyperspy/hyperspy,2015-11-23,4733.0,rank-1,0
Python,https://github.com/hyperspy/hyperspy,2015-11-24,4734.0,rank-1,0
Python,https://github.com/hyperspy/hyperspy,2015-11-25,4736.0,rank-1,0
Python,https://github.com/hyperspy/hyperspy,2015-11-26,4738.0,rank-1,0
Python,https://github.com/hyperspy/hyperspy,2015-11-27,4741.0,rank-1,0
Python,https://github.com/hyperspy/hyperspy,2015-12-01,4747.0,rank-1,0
Python,https://github.com/hyperspy/hyperspy,2015-12-02,4775.0,rank-1,0
Python,https://github.com/hyperspy/hyperspy,2015-12-03,4789.0,rank-1,0
Python,https://github.com/hyperspy/hyperspy,2015-12-04,4797.0,rank-1,0
Python,https://github.com/hyperspy/hyperspy,2015-12-05,4802.0,rank-1,0
Python,https://github.com/hyperspy/hyperspy,2015-12-06,4824.0,rank-1,0
Python,https://github.com/hyperspy/hyperspy,2015-12-07,4845.0,rank-1,0
Python,https://github.com/hyperspy/hyperspy,2015-12-08,4860.0,rank-1,0
Python,https://github.com/hyperspy/hyperspy,2015-12-09,4875.0,rank-1,0
Python,https://github.com/hyperspy/hyperspy,2015-12-10,4890.0,rank-1,0
Python,https://github.com/hyperspy/hyperspy,2015-12-11,4896.0,rank-1,0
Python,https://github.com/hyperspy/hyperspy,2015-12-12,4904.0,rank-1,0
Python,https://github.com/hyperspy/hyperspy,2015-12-13,4908.0,rank-1,0
Python,https://github.com/hyperspy/hyperspy,2015-12-14,4918.0,rank-1,0
Python,https://github.com/hyperspy/hyperspy,2015-12-15,4939.0,rank-1,0
Python,https://github.com/hyperspy/hyperspy,2015-12-16,4947.0,rank-1,0
Python,https://github.com/hyperspy/hyperspy,2015-12-18,4962.0,rank-1,0
Python,https://github.com/hyperspy/hyperspy,2015-12-19,4970.0,rank-1,0
Python,https://github.com/hyperspy/hyperspy,2015-12-20,4974.0,rank-1,0
Python,https://github.com/hyperspy/hyperspy,2015-12-21,4975.0,rank-1,0
Python,https://github.com/hyperspy/hyperspy,2015-12-23,4978.0,rank-1,0
Python,https://github.com/hyperspy/hyperspy,2015-12-29,4982.0,rank-1,0
Python,https://github.com/hyperspy/hyperspy,2015-12-30,4984.0,rank-1,0
Python,https://github.com/hyperspy/hyperspy,2015-12-31,4987.0,rank-1,0
Python,https://github.com/hyperspy/hyperspy,2016-01-01,4993.0,rank-1,0
Python,https://github.com/hyperspy/hyperspy,2016-01-04,4995.0,rank-1,0
Python,https://github.com/hyperspy/hyperspy,2016-01-05,5000.0,rank-1,0
Python,https://github.com/hyperspy/hyperspy,2016-01-06,5011.0,rank-1,0
Python,https://github.com/hyperspy/hyperspy,2016-01-07,5025.0,rank-1,0
Python,https://github.com/hyperspy/hyperspy,2016-01-08,5033.0,rank-1,0
Python,https://github.com/hyperspy/hyperspy,2016-01-09,5035.0,rank-1,0
Python,https://github.com/hyperspy/hyperspy,2016-01-11,5048.0,rank-1,0
Python,https://github.com/hyperspy/hyperspy,2016-01-12,5073.0,rank-1,0
Python,https://github.com/hyperspy/hyperspy,2016-01-13,5100.0,rank-1,0
Python,https://github.com/hyperspy/hyperspy,2016-01-14,5120.0,rank-1,0
Python,https://github.com/hyperspy/hyperspy,2016-01-15,5141.0,rank-1,0
Python,https://github.com/hyperspy/hyperspy,2016-01-17,5145.0,rank-1,0
Python,https://github.com/hyperspy/hyperspy,2016-01-18,5166.0,rank-1,0
Python,https://github.com/hyperspy/hyperspy,2016-01-19,5184.0,rank-1,0
Python,https://github.com/hyperspy/hyperspy,2016-01-20,5204.0,rank-1,0
Python,https://github.com/hyperspy/hyperspy,2016-01-21,5216.0,rank-1,0
Python,https://github.com/hyperspy/hyperspy,2016-01-22,5259.0,rank-1,0
Python,https://github.com/hyperspy/hyperspy,2016-01-25,5266.0,rank-1,0
Python,https://github.com/hyperspy/hyperspy,2016-01-26,5287.0,rank-1,0
Python,https://github.com/hyperspy/hyperspy,2016-01-27,5327.0,rank-1,0
Python,https://github.com/hyperspy/hyperspy,2016-01-28,5361.0,rank-1,0
Python,https://github.com/hyperspy/hyperspy,2016-01-29,5375.0,rank-1,0
Python,https://github.com/hyperspy/hyperspy,2016-01-30,5393.0,rank-1,0
Python,https://github.com/hyperspy/hyperspy,2016-01-31,5405.0,rank-1,0
Python,https://github.com/hyperspy/hyperspy,2016-02-01,5431.0,rank-1,0
Python,https://github.com/hyperspy/hyperspy,2016-02-03,5449.0,rank-1,0
Python,https://github.com/hyperspy/hyperspy,2016-02-04,5461.0,rank-1,0
Python,https://github.com/hyperspy/hyperspy,2016-02-05,5467.0,rank-1,0
Python,https://github.com/hyperspy/hyperspy,2016-02-08,5472.0,rank-1,0
Python,https://github.com/hyperspy/hyperspy,2016-02-09,5485.0,rank-1,0
Python,https://github.com/hyperspy/hyperspy,2016-02-10,5494.0,rank-1,0
Python,https://github.com/hyperspy/hyperspy,2016-02-11,5511.0,rank-1,0
Python,https://github.com/hyperspy/hyperspy,2016-02-12,5527.0,rank-1,0
Python,https://github.com/hyperspy/hyperspy,2016-02-13,5530.0,rank-1,0
Python,https://github.com/hyperspy/hyperspy,2016-02-14,5532.0,rank-1,0
Python,https://github.com/hyperspy/hyperspy,2016-02-15,5559.0,rank-1,0
Python,https://github.com/hyperspy/hyperspy,2016-02-16,5566.0,rank-1,0
Python,https://github.com/hyperspy/hyperspy,2016-02-17,5567.0,rank-1,0
Python,https://github.com/hyperspy/hyperspy,2016-02-18,5574.0,rank-1,0
Python,https://github.com/hyperspy/hyperspy,2016-02-19,5579.0,rank-1,0
Python,https://github.com/hyperspy/hyperspy,2016-02-20,5586.0,rank-1,0
Python,https://github.com/hyperspy/hyperspy,2016-02-21,5590.0,rank-1,0
Python,https://github.com/hyperspy/hyperspy,2016-02-22,5594.0,rank-1,1
Python,https://github.com/hyperspy/hyperspy,2016-02-23,5597.0,rank-1,1
Python,https://github.com/hyperspy/hyperspy,2016-02-24,5613.0,rank-1,2
Python,https://github.com/hyperspy/hyperspy,2016-02-25,5619.0,rank-1,5
Python,https://github.com/hyperspy/hyperspy,2016-02-26,5629.0,rank-1,7
Python,https://github.com/hyperspy/hyperspy,2016-02-28,5631.0,rank-1,7
Python,https://github.com/hyperspy/hyperspy,2016-02-29,5641.0,rank-1,9
Python,https://github.com/hyperspy/hyperspy,2016-03-01,5646.0,rank-1,10
Python,https://github.com/hyperspy/hyperspy,2016-03-02,5673.0,rank-1,10
Python,https://github.com/hyperspy/hyperspy,2016-03-03,5684.0,rank-1,10
Python,https://github.com/hyperspy/hyperspy,2016-03-04,5701.0,rank-1,10
Python,https://github.com/hyperspy/hyperspy,2016-03-06,5702.0,rank-1,10
Python,https://github.com/hyperspy/hyperspy,2016-03-07,5705.0,rank-1,10
Python,https://github.com/hyperspy/hyperspy,2016-03-08,5707.0,rank-1,10
Python,https://github.com/hyperspy/hyperspy,2016-03-09,5708.0,rank-1,10
Python,https://github.com/hyperspy/hyperspy,2016-03-10,5742.0,rank-1,10
Python,https://github.com/hyperspy/hyperspy,2016-03-11,5743.0,rank-1,10
Python,https://github.com/hyperspy/hyperspy,2016-03-14,5744.0,rank-1,10
Python,https://github.com/hyperspy/hyperspy,2016-03-15,5747.0,rank-1,10
Python,https://github.com/hyperspy/hyperspy,2016-03-17,5748.0,rank-1,10
Python,https://github.com/hyperspy/hyperspy,2016-03-20,5758.0,rank-1,10
Python,https://github.com/hyperspy/hyperspy,2016-03-22,5763.0,rank-1,10
Python,https://github.com/hyperspy/hyperspy,2016-03-23,5766.0,rank-1,10
Python,https://github.com/hyperspy/hyperspy,2016-03-24,5769.0,rank-1,10
Python,https://github.com/hyperspy/hyperspy,2016-03-29,5771.0,rank-1,10
Python,https://github.com/hyperspy/hyperspy,2016-03-30,5774.0,rank-1,10
Python,https://github.com/hyperspy/hyperspy,2016-03-31,5785.0,rank-1,10
Python,https://github.com/hyperspy/hyperspy,2016-04-01,5794.0,rank-1,10
Python,https://github.com/hyperspy/hyperspy,2016-04-02,5804.0,rank-1,10
Python,https://github.com/hyperspy/hyperspy,2016-04-03,5821.0,rank-1,10
Python,https://github.com/hyperspy/hyperspy,2016-04-04,5838.0,rank-1,10
Python,https://github.com/hyperspy/hyperspy,2016-04-05,5848.0,rank-1,10
Python,https://github.com/hyperspy/hyperspy,2016-04-06,5853.0,rank-1,10
Python,https://github.com/hyperspy/hyperspy,2016-04-07,5871.0,rank-1,10
Python,https://github.com/hyperspy/hyperspy,2016-04-08,5873.0,rank-1,10
Python,https://github.com/hyperspy/hyperspy,2016-04-09,5875.0,rank-1,10
Python,https://github.com/hyperspy/hyperspy,2016-04-10,5880.0,rank-1,10
Python,https://github.com/hyperspy/hyperspy,2016-04-11,5894.0,rank-1,10
Python,https://github.com/hyperspy/hyperspy,2016-04-12,5895.0,rank-1,10
Python,https://github.com/hyperspy/hyperspy,2016-04-13,5896.0,rank-1,10
Python,https://github.com/hyperspy/hyperspy,2016-04-14,5899.0,rank-1,10
Python,https://github.com/hyperspy/hyperspy,2016-04-15,5923.0,rank-1,10
Python,https://github.com/hyperspy/hyperspy,2016-04-16,5939.0,rank-1,10
Python,https://github.com/hyperspy/hyperspy,2016-04-17,5952.0,rank-1,10
Python,https://github.com/hyperspy/hyperspy,2016-04-18,5956.0,rank-1,10
Python,https://github.com/hyperspy/hyperspy,2016-04-22,5969.0,rank-1,10
Python,https://github.com/hyperspy/hyperspy,2016-04-23,5975.0,rank-1,10
Python,https://github.com/hyperspy/hyperspy,2016-04-24,5981.0,rank-1,10
Python,https://github.com/hyperspy/hyperspy,2016-04-25,5986.0,rank-1,10
Python,https://github.com/hyperspy/hyperspy,2016-04-26,5992.0,rank-1,10
Python,https://github.com/hyperspy/hyperspy,2016-04-27,6010.0,rank-1,10
Python,https://github.com/hyperspy/hyperspy,2016-04-28,6035.0,rank-1,10
Python,https://github.com/hyperspy/hyperspy,2016-04-29,6065.0,rank-1,10
Python,https://github.com/hyperspy/hyperspy,2016-04-30,6067.0,rank-1,10
Python,https://github.com/hyperspy/hyperspy,2016-05-01,6077.0,rank-1,10
Python,https://github.com/hyperspy/hyperspy,2016-05-02,6089.0,rank-1,10
Python,https://github.com/hyperspy/hyperspy,2016-05-03,6108.0,rank-1,10
Python,https://github.com/hyperspy/hyperspy,2016-05-04,6120.0,rank-1,10
Python,https://github.com/hyperspy/hyperspy,2016-05-05,6129.0,rank-1,10
Python,https://github.com/hyperspy/hyperspy,2016-05-06,6133.0,rank-1,10
Python,https://github.com/hyperspy/hyperspy,2016-05-07,6134.0,rank-1,10
Python,https://github.com/hyperspy/hyperspy,2016-05-09,6136.0,rank-1,10
Python,https://github.com/hyperspy/hyperspy,2016-05-10,6145.0,rank-1,10
Python,https://github.com/hyperspy/hyperspy,2016-05-11,6149.0,rank-1,10
Python,https://github.com/hyperspy/hyperspy,2016-05-12,6152.0,rank-1,10
Python,https://github.com/hyperspy/hyperspy,2016-05-18,6157.0,rank-1,12
Python,https://github.com/hyperspy/hyperspy,2016-05-19,6159.0,rank-1,12
Python,https://github.com/hyperspy/hyperspy,2016-05-23,6168.0,rank-1,12
Python,https://github.com/hyperspy/hyperspy,2016-05-24,6178.0,rank-1,13
Python,https://github.com/hyperspy/hyperspy,2016-05-25,6217.0,rank-1,13
Python,https://github.com/hyperspy/hyperspy,2016-05-26,6249.0,rank-1,14
Python,https://github.com/hyperspy/hyperspy,2016-05-27,6284.0,rank-1,14
Python,https://github.com/hyperspy/hyperspy,2016-05-28,6288.0,rank-1,14
Python,https://github.com/hyperspy/hyperspy,2016-05-29,6293.0,rank-1,17
Python,https://github.com/hyperspy/hyperspy,2016-05-30,6300.0,rank-1,20
Python,https://github.com/hyperspy/hyperspy,2016-05-31,6312.0,rank-1,21
Python,https://github.com/hyperspy/hyperspy,2016-06-01,6320.0,rank-1,21
Python,https://github.com/hyperspy/hyperspy,2016-06-02,6328.0,rank-1,21
Python,https://github.com/hyperspy/hyperspy,2016-06-03,6340.0,rank-1,21
Python,https://github.com/hyperspy/hyperspy,2016-06-04,6342.0,rank-1,21
Python,https://github.com/hyperspy/hyperspy,2016-06-09,6345.0,rank-1,21
Python,https://github.com/hyperspy/hyperspy,2016-06-10,6346.0,rank-1,22
Python,https://github.com/hyperspy/hyperspy,2016-06-12,6351.0,rank-1,22
Python,https://github.com/hyperspy/hyperspy,2016-06-13,6359.0,rank-1,22
Python,https://github.com/hyperspy/hyperspy,2016-06-14,6373.0,rank-1,22
Python,https://github.com/hyperspy/hyperspy,2016-06-15,6384.0,rank-1,22
Python,https://github.com/hyperspy/hyperspy,2016-06-16,6403.0,rank-1,26
Python,https://github.com/hyperspy/hyperspy,2016-06-17,6422.0,rank-1,29
Python,https://github.com/hyperspy/hyperspy,2016-06-18,6438.0,rank-1,29
Python,https://github.com/hyperspy/hyperspy,2016-06-19,6449.0,rank-1,29
Python,https://github.com/hyperspy/hyperspy,2016-06-20,6461.0,rank-1,29
Python,https://github.com/hyperspy/hyperspy,2016-06-21,6470.0,rank-1,29
Python,https://github.com/hyperspy/hyperspy,2016-06-22,6487.0,rank-1,29
Python,https://github.com/hyperspy/hyperspy,2016-06-23,6500.0,rank-1,29
Python,https://github.com/hyperspy/hyperspy,2016-06-24,6505.0,rank-1,29
Python,https://github.com/hyperspy/hyperspy,2016-06-25,6507.0,rank-1,29
Python,https://github.com/hyperspy/hyperspy,2016-06-26,6516.0,rank-1,30
Python,https://github.com/hyperspy/hyperspy,2016-06-27,6524.0,rank-1,30
Python,https://github.com/hyperspy/hyperspy,2016-06-29,6531.0,rank-1,30
Python,https://github.com/hyperspy/hyperspy,2016-07-01,6532.0,rank-1,30
Python,https://github.com/hyperspy/hyperspy,2016-07-02,6533.0,rank-1,30
Python,https://github.com/hyperspy/hyperspy,2016-07-03,6547.0,rank-1,30
Python,https://github.com/hyperspy/hyperspy,2016-07-04,6549.0,rank-1,30
Python,https://github.com/hyperspy/hyperspy,2016-07-05,6560.0,rank-1,30
Python,https://github.com/hyperspy/hyperspy,2016-07-06,6564.0,rank-1,30
Python,https://github.com/hyperspy/hyperspy,2016-07-07,6576.0,rank-1,35
Python,https://github.com/hyperspy/hyperspy,2016-07-08,6583.0,rank-1,35
Python,https://github.com/hyperspy/hyperspy,2016-07-09,6611.0,rank-1,35
Python,https://github.com/hyperspy/hyperspy,2016-07-10,6645.0,rank-1,35
Python,https://github.com/hyperspy/hyperspy,2016-07-11,6670.0,rank-1,35
Python,https://github.com/hyperspy/hyperspy,2016-07-12,6728.0,rank-1,35
Python,https://github.com/hyperspy/hyperspy,2016-07-13,6793.0,rank-1,35
Python,https://github.com/hyperspy/hyperspy,2016-07-14,6829.0,rank-1,35
Python,https://github.com/hyperspy/hyperspy,2016-07-15,6843.0,rank-1,35
Python,https://github.com/hyperspy/hyperspy,2016-07-16,6845.0,rank-1,37
Python,https://github.com/hyperspy/hyperspy,2016-07-17,6852.0,rank-1,38
Python,https://github.com/hyperspy/hyperspy,2016-07-18,6882.0,rank-1,42
Python,https://github.com/hyperspy/hyperspy,2016-07-19,6888.0,rank-1,44
Python,https://github.com/hyperspy/hyperspy,2016-07-20,6902.0,rank-1,44
Python,https://github.com/hyperspy/hyperspy,2016-07-21,6906.0,rank-1,45
Python,https://github.com/hyperspy/hyperspy,2016-07-24,6914.0,rank-1,50
Python,https://github.com/hyperspy/hyperspy,2016-07-25,6920.0,rank-1,53
Python,https://github.com/hyperspy/hyperspy,2016-07-26,6946.0,rank-1,57
Python,https://github.com/hyperspy/hyperspy,2016-07-27,6982.0,rank-1,60
Python,https://github.com/hyperspy/hyperspy,2016-07-28,6992.0,rank-1,63
Python,https://github.com/hyperspy/hyperspy,2016-07-29,7010.0,rank-1,70
Python,https://github.com/hyperspy/hyperspy,2016-07-30,7022.0,rank-1,78
Python,https://github.com/hyperspy/hyperspy,2016-07-31,7028.0,rank-1,84
Python,https://github.com/hyperspy/hyperspy,2016-08-01,7040.0,rank-1,89
Python,https://github.com/hyperspy/hyperspy,2016-08-02,7070.0,rank-1,93
Python,https://github.com/hyperspy/hyperspy,2016-08-03,7082.0,rank-1,93
Python,https://github.com/hyperspy/hyperspy,2016-08-05,7089.0,rank-1,99
Python,https://github.com/hyperspy/hyperspy,2016-08-06,7095.0,rank-1,105
Python,https://github.com/hyperspy/hyperspy,2016-08-07,7097.0,rank-1,105
Python,https://github.com/hyperspy/hyperspy,2016-08-08,7101.0,rank-1,106
Python,https://github.com/hyperspy/hyperspy,2016-08-09,7106.0,rank-1,110
Python,https://github.com/hyperspy/hyperspy,2016-08-10,7107.0,rank-1,111
Python,https://github.com/hyperspy/hyperspy,2016-08-11,7110.0,rank-1,114
Python,https://github.com/hyperspy/hyperspy,2016-08-12,7122.0,rank-1,114
Python,https://github.com/hyperspy/hyperspy,2016-08-14,7126.0,rank-1,115
Python,https://github.com/hyperspy/hyperspy,2016-08-15,7141.0,rank-1,120
Python,https://github.com/hyperspy/hyperspy,2016-08-19,7145.0,rank-1,120
Python,https://github.com/hyperspy/hyperspy,2016-08-21,7146.0,rank-1,121
Python,https://github.com/hyperspy/hyperspy,2016-08-22,7150.0,rank-1,121
Python,https://github.com/hyperspy/hyperspy,2016-08-23,7167.0,rank-1,121
Python,https://github.com/hyperspy/hyperspy,2016-08-24,7174.0,rank-1,121
Python,https://github.com/hyperspy/hyperspy,2016-08-25,7181.0,rank-1,121
Python,https://github.com/hyperspy/hyperspy,2016-08-26,7183.0,rank-1,121
Python,https://github.com/hyperspy/hyperspy,2016-09-02,7185.0,rank-1,121
Python,https://github.com/hyperspy/hyperspy,2016-09-05,7189.0,rank-1,122
Python,https://github.com/hyperspy/hyperspy,2016-09-06,7192.0,rank-1,122
Python,https://github.com/hyperspy/hyperspy,2016-09-07,7198.0,rank-1,122
Python,https://github.com/hyperspy/hyperspy,2016-09-08,7201.0,rank-1,122
Python,https://github.com/hyperspy/hyperspy,2016-09-09,7204.0,rank-1,122
Python,https://github.com/hyperspy/hyperspy,2016-09-12,7206.0,rank-1,122
Python,https://github.com/hyperspy/hyperspy,2016-09-14,7207.0,rank-1,122
Python,https://github.com/hyperspy/hyperspy,2016-09-15,7209.0,rank-1,122
Python,https://github.com/hyperspy/hyperspy,2016-09-16,7213.0,rank-1,122
Python,https://github.com/hyperspy/hyperspy,2016-09-19,7215.0,rank-1,122
Python,https://github.com/hyperspy/hyperspy,2016-09-21,7216.0,rank-1,122
Python,https://github.com/hyperspy/hyperspy,2016-09-22,7217.0,rank-1,122
Python,https://github.com/hyperspy/hyperspy,2016-09-23,7219.0,rank-1,122
Python,https://github.com/hyperspy/hyperspy,2016-09-28,7221.0,rank-1,122
Python,https://github.com/hyperspy/hyperspy,2016-09-30,7222.0,rank-1,122
Python,https://github.com/hyperspy/hyperspy,2016-10-03,7224.0,rank-1,124
Python,https://github.com/hyperspy/hyperspy,2016-10-04,7225.0,rank-1,124
Python,https://github.com/hyperspy/hyperspy,2016-10-07,7226.0,rank-1,124
Python,https://github.com/hyperspy/hyperspy,2016-10-08,7227.0,rank-1,124
Python,https://github.com/hyperspy/hyperspy,2016-10-10,7228.0,rank-1,124
Python,https://github.com/hyperspy/hyperspy,2016-10-12,7244.0,rank-1,124
Python,https://github.com/hyperspy/hyperspy,2016-10-13,7263.0,rank-1,124
Python,https://github.com/hyperspy/hyperspy,2016-10-14,7274.0,rank-1,124
Python,https://github.com/hyperspy/hyperspy,2016-10-16,7277.0,rank-1,124
Python,https://github.com/hyperspy/hyperspy,2016-10-17,7282.0,rank-1,124
Python,https://github.com/hyperspy/hyperspy,2016-10-20,7283.0,rank-1,124
Python,https://github.com/hyperspy/hyperspy,2016-10-25,7285.0,rank-1,124
Python,https://github.com/hyperspy/hyperspy,2016-10-27,7286.0,rank-1,124
Python,https://github.com/hyperspy/hyperspy,2016-10-28,7294.0,rank-1,124
Python,https://github.com/hyperspy/hyperspy,2016-10-30,7295.0,rank-1,124
Python,https://github.com/hyperspy/hyperspy,2016-11-01,7297.0,rank-1,124
Python,https://github.com/hyperspy/hyperspy,2016-11-02,7299.0,rank-1,124
Python,https://github.com/hyperspy/hyperspy,2016-11-03,7303.0,rank-1,124
Python,https://github.com/hyperspy/hyperspy,2016-11-07,7305.0,rank-1,124
Python,https://github.com/hyperspy/hyperspy,2016-11-08,7310.0,rank-1,127
Python,https://github.com/hyperspy/hyperspy,2016-11-09,7311.0,rank-1,127
Python,https://github.com/hyperspy/hyperspy,2016-11-10,7312.0,rank-1,127
Python,https://github.com/hyperspy/hyperspy,2016-11-11,7318.0,rank-1,127
Python,https://github.com/hyperspy/hyperspy,2016-11-14,7319.0,rank-1,128
Python,https://github.com/hyperspy/hyperspy,2016-11-17,7323.0,rank-1,128
Python,https://github.com/hyperspy/hyperspy,2016-11-18,7328.0,rank-1,128
Python,https://github.com/hyperspy/hyperspy,2016-11-19,7330.0,rank-1,128
Python,https://github.com/hyperspy/hyperspy,2016-11-21,7336.0,rank-1,128
Python,https://github.com/hyperspy/hyperspy,2016-11-22,7346.0,rank-1,128
Python,https://github.com/hyperspy/hyperspy,2016-11-23,7347.0,rank-1,128
Python,https://github.com/hyperspy/hyperspy,2016-11-26,7350.0,rank-1,128
Python,https://github.com/hyperspy/hyperspy,2016-11-28,7360.0,rank-1,128
Python,https://github.com/hyperspy/hyperspy,2016-11-29,7372.0,rank-1,128
Python,https://github.com/hyperspy/hyperspy,2016-11-30,7391.0,rank-1,128
Python,https://github.com/hyperspy/hyperspy,2016-12-02,7409.0,rank-1,128
Python,https://github.com/hyperspy/hyperspy,2016-12-05,7425.0,rank-1,128
Python,https://github.com/hyperspy/hyperspy,2016-12-06,7426.0,rank-1,128
Python,https://github.com/hyperspy/hyperspy,2016-12-07,7427.0,rank-1,128
Python,https://github.com/hyperspy/hyperspy,2016-12-08,7430.0,rank-1,128
Python,https://github.com/hyperspy/hyperspy,2016-12-09,7431.0,rank-1,128
Python,https://github.com/hyperspy/hyperspy,2016-12-12,7432.0,rank-1,128
Python,https://github.com/hyperspy/hyperspy,2016-12-13,7442.0,rank-1,128
Python,https://github.com/hyperspy/hyperspy,2016-12-14,7453.0,rank-1,128
Python,https://github.com/hyperspy/hyperspy,2016-12-15,7455.0,rank-1,128
Python,https://github.com/hyperspy/hyperspy,2016-12-16,7458.0,rank-1,128
Python,https://github.com/hyperspy/hyperspy,2016-12-19,7460.0,rank-1,128
Python,https://github.com/hyperspy/hyperspy,2016-12-20,7465.0,rank-1,128
Python,https://github.com/hyperspy/hyperspy,2016-12-21,7472.0,rank-1,129
Python,https://github.com/hyperspy/hyperspy,2016-12-22,7492.0,rank-1,129
Python,https://github.com/hyperspy/hyperspy,2016-12-23,7504.0,rank-1,130
Python,https://github.com/hyperspy/hyperspy,2016-12-24,7506.0,rank-1,130
Python,https://github.com/hyperspy/hyperspy,2016-12-25,7507.0,rank-1,131
Python,https://github.com/hyperspy/hyperspy,2016-12-26,7512.0,rank-1,132
Python,https://github.com/hyperspy/hyperspy,2016-12-27,7517.0,rank-1,133
Python,https://github.com/hyperspy/hyperspy,2016-12-28,7523.0,rank-1,134
Python,https://github.com/hyperspy/hyperspy,2017-01-02,7524.0,rank-1,135
Python,https://github.com/hyperspy/hyperspy,2017-01-03,7528.0,rank-1,135
Python,https://github.com/hyperspy/hyperspy,2017-01-04,7529.0,rank-1,135
Python,https://github.com/hyperspy/hyperspy,2017-01-05,7539.0,rank-1,135
Python,https://github.com/hyperspy/hyperspy,2017-01-06,7540.0,rank-1,135
Python,https://github.com/hyperspy/hyperspy,2017-01-07,7546.0,rank-1,137
Python,https://github.com/hyperspy/hyperspy,2017-01-08,7549.0,rank-1,140
Python,https://github.com/hyperspy/hyperspy,2017-01-09,7564.0,rank-1,140
Python,https://github.com/hyperspy/hyperspy,2017-01-10,7582.0,rank-1,142
Python,https://github.com/hyperspy/hyperspy,2017-01-11,7602.0,rank-1,145
Python,https://github.com/hyperspy/hyperspy,2017-01-12,7616.0,rank-1,145
Python,https://github.com/hyperspy/hyperspy,2017-01-13,7634.0,rank-1,145
Python,https://github.com/hyperspy/hyperspy,2017-01-14,7640.0,rank-1,146
Python,https://github.com/hyperspy/hyperspy,2017-01-16,7646.0,rank-1,146
Python,https://github.com/hyperspy/hyperspy,2017-01-17,7649.0,rank-1,146
Python,https://github.com/hyperspy/hyperspy,2017-01-18,7652.0,rank-1,146
Python,https://github.com/hyperspy/hyperspy,2017-01-19,7658.0,rank-1,146
Python,https://github.com/hyperspy/hyperspy,2017-01-20,7661.0,rank-1,146
Python,https://github.com/hyperspy/hyperspy,2017-01-21,7669.0,rank-1,147
Python,https://github.com/hyperspy/hyperspy,2017-01-22,7670.0,rank-1,148
Python,https://github.com/hyperspy/hyperspy,2017-01-23,7671.0,rank-1,149
Python,https://github.com/hyperspy/hyperspy,2017-01-26,7672.0,rank-1,149
Python,https://github.com/hyperspy/hyperspy,2017-01-27,7677.0,rank-1,149
Python,https://github.com/hyperspy/hyperspy,2017-01-28,7697.0,rank-1,150
Python,https://github.com/hyperspy/hyperspy,2017-01-29,7701.0,rank-1,152
Python,https://github.com/hyperspy/hyperspy,2017-01-30,7703.0,rank-1,152
Python,https://github.com/hyperspy/hyperspy,2017-01-31,7712.0,rank-1,152
Python,https://github.com/hyperspy/hyperspy,2017-02-01,7734.0,rank-1,152
Python,https://github.com/hyperspy/hyperspy,2017-02-02,7745.0,rank-1,152
Python,https://github.com/hyperspy/hyperspy,2017-02-03,7757.0,rank-1,152
Python,https://github.com/hyperspy/hyperspy,2017-02-04,7761.0,rank-1,153
Python,https://github.com/hyperspy/hyperspy,2017-02-05,7783.0,rank-1,153
Python,https://github.com/hyperspy/hyperspy,2017-02-06,7805.0,rank-1,160
Python,https://github.com/hyperspy/hyperspy,2017-02-07,7821.0,rank-1,162
Python,https://github.com/hyperspy/hyperspy,2017-02-08,7847.0,rank-1,165
Python,https://github.com/hyperspy/hyperspy,2017-02-09,7871.0,rank-1,171
Python,https://github.com/hyperspy/hyperspy,2017-02-10,7887.0,rank-1,173
Python,https://github.com/hyperspy/hyperspy,2017-02-11,7892.0,rank-1,173
Python,https://github.com/hyperspy/hyperspy,2017-02-12,7897.0,rank-1,173
Python,https://github.com/hyperspy/hyperspy,2017-02-13,7911.0,rank-1,173
Python,https://github.com/hyperspy/hyperspy,2017-02-14,7917.0,rank-1,173
Python,https://github.com/hyperspy/hyperspy,2017-02-15,7920.0,rank-1,173
Python,https://github.com/hyperspy/hyperspy,2017-02-16,7934.0,rank-1,173
Python,https://github.com/hyperspy/hyperspy,2017-02-17,7948.0,rank-1,175
Python,https://github.com/hyperspy/hyperspy,2017-02-18,7970.0,rank-1,177
Python,https://github.com/hyperspy/hyperspy,2017-02-19,8003.0,rank-1,183
Python,https://github.com/hyperspy/hyperspy,2017-02-20,8027.0,rank-1,185
Python,https://github.com/hyperspy/hyperspy,2017-02-21,8043.0,rank-1,187
Python,https://github.com/hyperspy/hyperspy,2017-02-22,8063.0,rank-1,187
Python,https://github.com/hyperspy/hyperspy,2017-02-23,8076.0,rank-1,195
Python,https://github.com/hyperspy/hyperspy,2017-02-24,8098.0,rank-1,195
Python,https://github.com/hyperspy/hyperspy,2017-02-25,8109.0,rank-1,195
Python,https://github.com/hyperspy/hyperspy,2017-02-26,8112.0,rank-1,195
Python,https://github.com/hyperspy/hyperspy,2017-02-27,8119.0,rank-1,195
Python,https://github.com/hyperspy/hyperspy,2017-02-28,8152.0,rank-1,195
Python,https://github.com/hyperspy/hyperspy,2017-03-01,8175.0,rank-1,195
Python,https://github.com/hyperspy/hyperspy,2017-03-02,8186.0,rank-1,195
Python,https://github.com/hyperspy/hyperspy,2017-03-03,8191.0,rank-1,197
Python,https://github.com/hyperspy/hyperspy,2017-03-04,8203.0,rank-1,205
Python,https://github.com/hyperspy/hyperspy,2017-03-05,8208.0,rank-1,208
Python,https://github.com/hyperspy/hyperspy,2017-03-06,8215.0,rank-1,208
Python,https://github.com/hyperspy/hyperspy,2017-03-07,8216.0,rank-1,208
Python,https://github.com/hyperspy/hyperspy,2017-03-09,8225.0,rank-1,213
Python,https://github.com/hyperspy/hyperspy,2017-03-10,8228.0,rank-1,214
Python,https://github.com/hyperspy/hyperspy,2017-03-11,8229.0,rank-1,214
Python,https://github.com/hyperspy/hyperspy,2017-03-13,8231.0,rank-1,214
Python,https://github.com/hyperspy/hyperspy,2017-03-14,8234.0,rank-1,214
Python,https://github.com/hyperspy/hyperspy,2017-03-15,8245.0,rank-1,214
Python,https://github.com/hyperspy/hyperspy,2017-03-16,8249.0,rank-1,215
Python,https://github.com/hyperspy/hyperspy,2017-03-17,8260.0,rank-1,215
Python,https://github.com/hyperspy/hyperspy,2017-03-18,8262.0,rank-1,217
Python,https://github.com/hyperspy/hyperspy,2017-03-19,8266.0,rank-1,217
Python,https://github.com/hyperspy/hyperspy,2017-03-20,8272.0,rank-1,218
Python,https://github.com/hyperspy/hyperspy,2017-03-21,8275.0,rank-1,218
Python,https://github.com/hyperspy/hyperspy,2017-03-22,8297.0,rank-1,218
Python,https://github.com/hyperspy/hyperspy,2017-03-23,8316.0,rank-1,218
Python,https://github.com/hyperspy/hyperspy,2017-03-24,8320.0,rank-1,218
Python,https://github.com/hyperspy/hyperspy,2017-03-25,8321.0,rank-1,218
Python,https://github.com/hyperspy/hyperspy,2017-03-27,8342.0,rank-1,218
Python,https://github.com/hyperspy/hyperspy,2017-03-28,8350.0,rank-1,218
Python,https://github.com/hyperspy/hyperspy,2017-03-31,8367.0,rank-1,220
Python,https://github.com/hyperspy/hyperspy,2017-04-02,8387.0,rank-1,223
Python,https://github.com/hyperspy/hyperspy,2017-04-03,8400.0,rank-1,224
Python,https://github.com/hyperspy/hyperspy,2017-04-04,8410.0,rank-1,226
Python,https://github.com/hyperspy/hyperspy,2017-04-05,8419.0,rank-1,227
Python,https://github.com/hyperspy/hyperspy,2017-04-06,8432.0,rank-1,227
Python,https://github.com/hyperspy/hyperspy,2017-04-07,8448.0,rank-1,227
Python,https://github.com/hyperspy/hyperspy,2017-04-08,8480.0,rank-1,230
Python,https://github.com/hyperspy/hyperspy,2017-04-09,8519.0,rank-1,235
Python,https://github.com/hyperspy/hyperspy,2017-04-10,8533.0,rank-1,235
Python,https://github.com/hyperspy/hyperspy,2017-04-11,8560.0,rank-1,241
Python,https://github.com/hyperspy/hyperspy,2017-04-12,8577.0,rank-1,250
Python,https://github.com/hyperspy/hyperspy,2017-04-13,8583.0,rank-1,252
Python,https://github.com/hyperspy/hyperspy,2017-04-14,8597.0,rank-1,252
Python,https://github.com/hyperspy/hyperspy,2017-04-15,8601.0,rank-1,252
Python,https://github.com/hyperspy/hyperspy,2017-04-16,8602.0,rank-1,252
Python,https://github.com/hyperspy/hyperspy,2017-04-18,8603.0,rank-1,252
Python,https://github.com/hyperspy/hyperspy,2017-04-20,8604.0,rank-1,252
Python,https://github.com/hyperspy/hyperspy,2017-04-21,8605.0,rank-1,253
Python,https://github.com/hyperspy/hyperspy,2017-04-24,8610.0,rank-1,258
Python,https://github.com/hyperspy/hyperspy,2017-04-25,8614.0,rank-1,258
Python,https://github.com/hyperspy/hyperspy,2017-04-26,8615.0,rank-1,258
Python,https://github.com/hyperspy/hyperspy,2017-04-27,8616.0,rank-1,258
Python,https://github.com/hyperspy/hyperspy,2017-04-28,8626.0,rank-1,258
Python,https://github.com/hyperspy/hyperspy,2017-04-29,8628.0,rank-1,260
Python,https://github.com/hyperspy/hyperspy,2017-04-30,8632.0,rank-1,263
Python,https://github.com/hyperspy/hyperspy,2017-05-01,8634.0,rank-1,265
Python,https://github.com/hyperspy/hyperspy,2017-05-02,8637.0,rank-1,268
Python,https://github.com/hyperspy/hyperspy,2017-05-03,8640.0,rank-1,268
Python,https://github.com/hyperspy/hyperspy,2017-05-04,8644.0,rank-1,269
Python,https://github.com/hyperspy/hyperspy,2017-05-07,8645.0,rank-1,269
Python,https://github.com/hyperspy/hyperspy,2017-05-08,8648.0,rank-1,270
Python,https://github.com/hyperspy/hyperspy,2017-05-09,8653.0,rank-1,272
Python,https://github.com/hyperspy/hyperspy,2017-05-10,8659.0,rank-1,277
Python,https://github.com/hyperspy/hyperspy,2017-05-11,8673.0,rank-1,279
Python,https://github.com/hyperspy/hyperspy,2017-05-12,8691.0,rank-1,279
Python,https://github.com/hyperspy/hyperspy,2017-05-15,8692.0,rank-1,279
Python,https://github.com/hyperspy/hyperspy,2017-05-16,8711.0,rank-1,279
Python,https://github.com/hyperspy/hyperspy,2017-05-17,8720.0,rank-1,279
Python,https://github.com/hyperspy/hyperspy,2017-05-18,8721.0,rank-1,279
Python,https://github.com/hyperspy/hyperspy,2017-05-22,8729.0,rank-1,279
Python,https://github.com/hyperspy/hyperspy,2017-05-23,8755.0,rank-1,279
Python,https://github.com/hyperspy/hyperspy,2017-05-24,8813.0,rank-1,279
Python,https://github.com/hyperspy/hyperspy,2017-05-25,8851.0,rank-1,279
Python,https://github.com/hyperspy/hyperspy,2017-05-26,8882.0,rank-1,285
Python,https://github.com/hyperspy/hyperspy,2017-05-27,8914.0,rank-1,285
Python,https://github.com/hyperspy/hyperspy,2017-05-28,8918.0,rank-1,285
Python,https://github.com/hyperspy/hyperspy,2017-05-30,8922.0,rank-1,285
Python,https://github.com/hyperspy/hyperspy,2017-05-31,8923.0,rank-1,285
Python,https://github.com/hyperspy/hyperspy,2017-06-02,8924.0,rank-1,286
Python,https://github.com/hyperspy/hyperspy,2017-06-03,8925.0,rank-1,287
Python,https://github.com/hyperspy/hyperspy,2017-06-05,8929.0,rank-1,291
Python,https://github.com/hyperspy/hyperspy,2017-06-06,8934.0,rank-1,296
Python,https://github.com/hyperspy/hyperspy,2017-06-14,8938.0,rank-1,296
Python,https://github.com/hyperspy/hyperspy,2017-06-15,8939.0,rank-1,296
Python,https://github.com/hyperspy/hyperspy,2017-06-16,8940.0,rank-1,296
Python,https://github.com/hyperspy/hyperspy,2017-06-17,8942.0,rank-1,298
Python,https://github.com/hyperspy/hyperspy,2017-06-21,8945.0,rank-1,299
Python,https://github.com/hyperspy/hyperspy,2017-06-22,8948.0,rank-1,300
Python,https://github.com/hyperspy/hyperspy,2017-06-23,8952.0,rank-1,304
Python,https://github.com/hyperspy/hyperspy,2017-06-24,8954.0,rank-1,306
Python,https://github.com/hyperspy/hyperspy,2017-06-30,8955.0,rank-1,306
Python,https://github.com/hyperspy/hyperspy,2017-07-06,8956.0,rank-1,306
Python,https://github.com/hyperspy/hyperspy,2017-07-07,8957.0,rank-1,306
Python,https://github.com/hyperspy/hyperspy,2017-07-09,8958.0,rank-1,307
Python,https://github.com/hyperspy/hyperspy,2017-07-10,8959.0,rank-1,308
Python,https://github.com/hyperspy/hyperspy,2017-07-12,8966.0,rank-1,310
Python,https://github.com/hyperspy/hyperspy,2017-07-13,8968.0,rank-1,311
Python,https://github.com/hyperspy/hyperspy,2017-07-18,8969.0,rank-1,311
Python,https://github.com/hyperspy/hyperspy,2017-07-19,8971.0,rank-1,311
Python,https://github.com/hyperspy/hyperspy,2017-07-20,8973.0,rank-1,312
Python,https://github.com/hyperspy/hyperspy,2017-07-21,8978.0,rank-1,314
Python,https://github.com/hyperspy/hyperspy,2017-07-22,8979.0,rank-1,315
Python,https://github.com/hyperspy/hyperspy,2017-07-24,8982.0,rank-1,318
Python,https://github.com/hyperspy/hyperspy,2017-07-25,8985.0,rank-1,320
Python,https://github.com/hyperspy/hyperspy,2017-07-26,8988.0,rank-1,320
Python,https://github.com/hyperspy/hyperspy,2017-07-27,8989.0,rank-1,320
Python,https://github.com/hyperspy/hyperspy,2017-08-02,8992.0,rank-1,323
Python,https://github.com/hyperspy/hyperspy,2017-08-04,8993.0,rank-1,323
Python,https://github.com/hyperspy/hyperspy,2017-08-05,8995.0,rank-1,325
Python,https://github.com/hyperspy/hyperspy,2017-08-06,8996.0,rank-1,326
Python,https://github.com/hyperspy/hyperspy,2017-08-07,8998.0,rank-1,328
Python,https://github.com/hyperspy/hyperspy,2017-08-08,9000.0,rank-1,330
Python,https://github.com/hyperspy/hyperspy,2017-08-11,9002.0,rank-1,332
Python,https://github.com/hyperspy/hyperspy,2017-08-13,9003.0,rank-1,333
Python,https://github.com/hyperspy/hyperspy,2017-08-15,9013.0,rank-1,336
Python,https://github.com/hyperspy/hyperspy,2017-08-16,9017.0,rank-1,336
Python,https://github.com/hyperspy/hyperspy,2017-08-17,9018.0,rank-1,336
Python,https://github.com/hyperspy/hyperspy,2017-08-18,9019.0,rank-1,336
Python,https://github.com/hyperspy/hyperspy,2017-08-19,9023.0,rank-1,336
Python,https://github.com/hyperspy/hyperspy,2017-08-20,9026.0,rank-1,336
Python,https://github.com/hyperspy/hyperspy,2017-08-21,9027.0,rank-1,337
Python,https://github.com/hyperspy/hyperspy,2017-08-23,9031.0,rank-1,337
Python,https://github.com/hyperspy/hyperspy,2017-08-24,9033.0,rank-1,339
Python,https://github.com/hyperspy/hyperspy,2017-08-25,9035.0,rank-1,341
Python,https://github.com/hyperspy/hyperspy,2017-08-27,9036.0,rank-1,342
Python,https://github.com/hyperspy/hyperspy,2017-08-28,9038.0,rank-1,344
Python,https://github.com/hyperspy/hyperspy,2017-08-29,9041.0,rank-1,345
Python,https://github.com/hyperspy/hyperspy,2017-08-31,9044.0,rank-1,345
Python,https://github.com/hyperspy/hyperspy,2017-09-01,9048.0,rank-1,345
Python,https://github.com/hyperspy/hyperspy,2017-09-03,9049.0,rank-1,346
Python,https://github.com/hyperspy/hyperspy,2017-09-04,9050.0,rank-1,347
Python,https://github.com/hyperspy/hyperspy,2017-09-05,9052.0,rank-1,348
Python,https://github.com/hyperspy/hyperspy,2017-09-07,9054.0,rank-1,348
Python,https://github.com/hyperspy/hyperspy,2017-09-08,9055.0,rank-1,349
Python,https://github.com/hyperspy/hyperspy,2017-09-09,9058.0,rank-1,352
Python,https://github.com/hyperspy/hyperspy,2017-09-10,9059.0,rank-1,353
Python,https://github.com/hyperspy/hyperspy,2017-09-11,9060.0,rank-1,354
Python,https://github.com/hyperspy/hyperspy,2017-09-13,9065.0,rank-1,358
Python,https://github.com/hyperspy/hyperspy,2017-09-14,9067.0,rank-1,358
Python,https://github.com/hyperspy/hyperspy,2017-09-15,9068.0,rank-1,359
Python,https://github.com/hyperspy/hyperspy,2017-09-17,9070.0,rank-1,361
Python,https://github.com/hyperspy/hyperspy,2017-09-18,9071.0,rank-1,362
Python,https://github.com/hyperspy/hyperspy,2017-09-19,9076.0,rank-1,367
Python,https://github.com/hyperspy/hyperspy,2017-09-20,9082.0,rank-1,372
Python,https://github.com/hyperspy/hyperspy,2017-09-25,9083.0,rank-1,373
Python,https://github.com/hyperspy/hyperspy,2017-09-26,9088.0,rank-1,374
Python,https://github.com/hyperspy/hyperspy,2017-09-27,9089.0,rank-1,374
Python,https://github.com/hyperspy/hyperspy,2017-09-28,9095.0,rank-1,374
Python,https://github.com/hyperspy/hyperspy,2017-09-29,9099.0,rank-1,378
Python,https://github.com/hyperspy/hyperspy,2017-09-30,9103.0,rank-1,382
Python,https://github.com/hyperspy/hyperspy,2017-10-02,9104.0,rank-1,383
Python,https://github.com/hyperspy/hyperspy,2017-10-03,9106.0,rank-1,383
Python,https://github.com/hyperspy/hyperspy,2017-10-04,9111.0,rank-1,383
Python,https://github.com/hyperspy/hyperspy,2017-10-05,9125.0,rank-1,383
Python,https://github.com/hyperspy/hyperspy,2017-10-06,9130.0,rank-1,383
Python,https://github.com/hyperspy/hyperspy,2017-10-08,9131.0,rank-1,383
Python,https://github.com/hyperspy/hyperspy,2017-10-09,9134.0,rank-1,384
Python,https://github.com/hyperspy/hyperspy,2017-10-10,9139.0,rank-1,387
Python,https://github.com/hyperspy/hyperspy,2017-10-11,9144.0,rank-1,388
Python,https://github.com/hyperspy/hyperspy,2017-10-12,9148.0,rank-1,392
Python,https://github.com/hyperspy/hyperspy,2017-10-13,9152.0,rank-1,395
Python,https://github.com/hyperspy/hyperspy,2017-10-14,9155.0,rank-1,397
Python,https://github.com/hyperspy/hyperspy,2017-10-15,9157.0,rank-1,398
Python,https://github.com/hyperspy/hyperspy,2017-10-16,9158.0,rank-1,398
Python,https://github.com/hyperspy/hyperspy,2017-10-17,9159.0,rank-1,399
Python,https://github.com/hyperspy/hyperspy,2017-10-20,9161.0,rank-1,399
Python,https://github.com/hyperspy/hyperspy,2017-10-24,9162.0,rank-1,399
Python,https://github.com/hyperspy/hyperspy,2017-10-25,9163.0,rank-1,400
Python,https://github.com/hyperspy/hyperspy,2017-10-26,9164.0,rank-1,401
Python,https://github.com/hyperspy/hyperspy,2017-10-29,9165.0,rank-1,401
Python,https://github.com/hyperspy/hyperspy,2017-11-11,9166.0,rank-1,402
Python,https://github.com/hyperspy/hyperspy,2017-11-16,9167.0,rank-1,402
Python,https://github.com/hyperspy/hyperspy,2017-11-22,9170.0,rank-1,402
Python,https://github.com/hyperspy/hyperspy,2017-11-28,9174.0,rank-1,405
Python,https://github.com/hyperspy/hyperspy,2017-11-30,9175.0,rank-1,405
Python,https://github.com/hyperspy/hyperspy,2017-12-05,9178.0,rank-1,405
Python,https://github.com/hyperspy/hyperspy,2017-12-10,9180.0,rank-1,407
Python,https://github.com/hyperspy/hyperspy,2017-12-11,9181.0,rank-1,407
Python,https://github.com/hyperspy/hyperspy,2017-12-14,9185.0,rank-1,408
Python,https://github.com/hyperspy/hyperspy,2017-12-15,9186.0,rank-1,408
Python,https://github.com/hyperspy/hyperspy,2017-12-16,9188.0,rank-1,408
Python,https://github.com/hyperspy/hyperspy,2017-12-17,9190.0,rank-1,408
Python,https://github.com/hyperspy/hyperspy,2017-12-20,9191.0,rank-1,408
Python,https://github.com/hyperspy/hyperspy,2018-01-05,9197.0,rank-1,412
Python,https://github.com/hyperspy/hyperspy,2018-01-09,9200.0,rank-1,412
Python,https://github.com/hyperspy/hyperspy,2018-01-11,9205.0,rank-1,413
Python,https://github.com/hyperspy/hyperspy,2018-01-12,9211.0,rank-1,417
Python,https://github.com/hyperspy/hyperspy,2018-01-13,9212.0,rank-1,418
Python,https://github.com/hyperspy/hyperspy,2018-01-14,9215.0,rank-1,418
Python,https://github.com/hyperspy/hyperspy,2018-01-15,9217.0,rank-1,418
Python,https://github.com/hyperspy/hyperspy,2018-01-17,9219.0,rank-1,418
Python,https://github.com/hyperspy/hyperspy,2018-01-18,9225.0,rank-1,422
Python,https://github.com/hyperspy/hyperspy,2018-01-19,9228.0,rank-1,422
Python,https://github.com/hyperspy/hyperspy,2018-01-20,9231.0,rank-1,423
Python,https://github.com/hyperspy/hyperspy,2018-01-21,9236.0,rank-1,423
Python,https://github.com/hyperspy/hyperspy,2018-01-22,9255.0,rank-1,428
Python,https://github.com/hyperspy/hyperspy,2018-01-23,9278.0,rank-1,429
Python,https://github.com/hyperspy/hyperspy,2018-01-24,9279.0,rank-1,429
Python,https://github.com/hyperspy/hyperspy,2018-01-25,9281.0,rank-1,429
Python,https://github.com/hyperspy/hyperspy,2018-01-26,9284.0,rank-1,432
Python,https://github.com/hyperspy/hyperspy,2018-01-27,9291.0,rank-1,438
Python,https://github.com/hyperspy/hyperspy,2018-01-28,9293.0,rank-1,440
Python,https://github.com/hyperspy/hyperspy,2018-01-29,9294.0,rank-1,441
Python,https://github.com/hyperspy/hyperspy,2018-01-30,9297.0,rank-1,444
Python,https://github.com/hyperspy/hyperspy,2018-01-31,9303.0,rank-1,446
Python,https://github.com/hyperspy/hyperspy,2018-02-02,9307.0,rank-1,446
Python,https://github.com/hyperspy/hyperspy,2018-02-03,9308.0,rank-1,447
Python,https://github.com/hyperspy/hyperspy,2018-02-04,9309.0,rank-1,447
Python,https://github.com/hyperspy/hyperspy,2018-02-05,9320.0,rank-1,449
Python,https://github.com/hyperspy/hyperspy,2018-02-06,9335.0,rank-1,457
Python,https://github.com/hyperspy/hyperspy,2018-02-07,9340.0,rank-1,458
Python,https://github.com/hyperspy/hyperspy,2018-02-08,9346.0,rank-1,463
Python,https://github.com/hyperspy/hyperspy,2018-02-09,9350.0,rank-1,466
Python,https://github.com/hyperspy/hyperspy,2018-02-10,9354.0,rank-1,470
Python,https://github.com/hyperspy/hyperspy,2018-02-12,9357.0,rank-1,473
Python,https://github.com/hyperspy/hyperspy,2018-02-13,9362.0,rank-1,474
Python,https://github.com/hyperspy/hyperspy,2018-02-14,9366.0,rank-1,477
Python,https://github.com/hyperspy/hyperspy,2018-02-16,9367.0,rank-1,478
Python,https://github.com/hyperspy/hyperspy,2018-02-17,9368.0,rank-1,478
Python,https://github.com/hyperspy/hyperspy,2018-02-18,9370.0,rank-1,479
Python,https://github.com/hyperspy/hyperspy,2018-02-19,9374.0,rank-1,483
Python,https://github.com/hyperspy/hyperspy,2018-02-20,9378.0,rank-1,486
Python,https://github.com/hyperspy/hyperspy,2018-02-21,9379.0,rank-1,486
Python,https://github.com/hyperspy/hyperspy,2018-02-22,9380.0,rank-1,487
Python,https://github.com/hyperspy/hyperspy,2018-02-23,9381.0,rank-1,488
Python,https://github.com/hyperspy/hyperspy,2018-02-25,9382.0,rank-1,489
Python,https://github.com/hyperspy/hyperspy,2018-02-26,9392.0,rank-1,492
Python,https://github.com/hyperspy/hyperspy,2018-02-27,9401.0,rank-1,493
Python,https://github.com/hyperspy/hyperspy,2018-02-28,9405.0,rank-1,497
Python,https://github.com/hyperspy/hyperspy,2018-03-01,9422.0,rank-1,497
Python,https://github.com/hyperspy/hyperspy,2018-03-02,9436.0,rank-1,498
Python,https://github.com/hyperspy/hyperspy,2018-03-03,9437.0,rank-1,499
Python,https://github.com/hyperspy/hyperspy,2018-03-04,9444.0,rank-1,500
Python,https://github.com/hyperspy/hyperspy,2018-03-05,9456.0,rank-1,500
Python,https://github.com/hyperspy/hyperspy,2018-03-06,9458.0,rank-1,500
Python,https://github.com/hyperspy/hyperspy,2018-03-07,9461.0,rank-1,500
Python,https://github.com/hyperspy/hyperspy,2018-03-08,9465.0,rank-1,502
Python,https://github.com/hyperspy/hyperspy,2018-03-09,9467.0,rank-1,502
Python,https://github.com/hyperspy/hyperspy,2018-03-11,9468.0,rank-1,503
Python,https://github.com/hyperspy/hyperspy,2018-03-13,9469.0,rank-1,503
Python,https://github.com/hyperspy/hyperspy,2018-03-14,9471.0,rank-1,503
Python,https://github.com/hyperspy/hyperspy,2018-03-15,9492.0,rank-1,503
Python,https://github.com/hyperspy/hyperspy,2018-03-16,9501.0,rank-1,505
Python,https://github.com/hyperspy/hyperspy,2018-03-17,9502.0,rank-1,506
Python,https://github.com/hyperspy/hyperspy,2018-03-18,9504.0,rank-1,507
Python,https://github.com/hyperspy/hyperspy,2018-03-19,9507.0,rank-1,507
Python,https://github.com/hyperspy/hyperspy,2018-03-20,9520.0,rank-1,510
Python,https://github.com/hyperspy/hyperspy,2018-03-21,9530.0,rank-1,512
Python,https://github.com/hyperspy/hyperspy,2018-03-22,9538.0,rank-1,513
Python,https://github.com/hyperspy/hyperspy,2018-03-23,9539.0,rank-1,514
Python,https://github.com/hyperspy/hyperspy,2018-03-26,9540.0,rank-1,514
Python,https://github.com/hyperspy/hyperspy,2018-03-28,9542.0,rank-1,514
Python,https://github.com/hyperspy/hyperspy,2018-03-29,9543.0,rank-1,514
Python,https://github.com/hyperspy/hyperspy,2018-03-31,9544.0,rank-1,515
Python,https://github.com/hyperspy/hyperspy,2018-04-01,9546.0,rank-1,517
Python,https://github.com/hyperspy/hyperspy,2018-04-03,9549.0,rank-1,517
Python,https://github.com/hyperspy/hyperspy,2018-04-04,9555.0,rank-1,517
Python,https://github.com/hyperspy/hyperspy,2018-04-05,9568.0,rank-1,519
Python,https://github.com/hyperspy/hyperspy,2018-04-06,9586.0,rank-1,526
Python,https://github.com/hyperspy/hyperspy,2018-04-07,9590.0,rank-1,530
Python,https://github.com/hyperspy/hyperspy,2018-04-08,9593.0,rank-1,533
Python,https://github.com/hyperspy/hyperspy,2018-04-09,9604.0,rank-1,539
Python,https://github.com/hyperspy/hyperspy,2018-04-10,9616.0,rank-1,541
Python,https://github.com/hyperspy/hyperspy,2018-04-11,9631.0,rank-1,547
Python,https://github.com/hyperspy/hyperspy,2018-04-12,9647.0,rank-1,555
Python,https://github.com/hyperspy/hyperspy,2018-04-13,9657.0,rank-1,557
Python,https://github.com/hyperspy/hyperspy,2018-04-14,9659.0,rank-1,559
Python,https://github.com/hyperspy/hyperspy,2018-04-15,9661.0,rank-1,560
Python,https://github.com/hyperspy/hyperspy,2018-04-16,9669.0,rank-1,564
Python,https://github.com/hyperspy/hyperspy,2018-04-17,9681.0,rank-1,569
Python,https://github.com/hyperspy/hyperspy,2018-04-18,9684.0,rank-1,571
Python,https://github.com/hyperspy/hyperspy,2018-04-19,9714.0,rank-1,575
Python,https://github.com/hyperspy/hyperspy,2018-04-20,9715.0,rank-1,576
Python,https://github.com/hyperspy/hyperspy,2018-04-21,9716.0,rank-1,576
Python,https://github.com/hyperspy/hyperspy,2018-04-22,9717.0,rank-1,576
Python,https://github.com/hyperspy/hyperspy,2018-04-23,9718.0,rank-1,577
Python,https://github.com/hyperspy/hyperspy,2018-04-24,9721.0,rank-1,580
Python,https://github.com/hyperspy/hyperspy,2018-04-25,9725.0,rank-1,584
Python,https://github.com/hyperspy/hyperspy,2018-04-26,9728.0,rank-1,586
Python,https://github.com/hyperspy/hyperspy,2018-04-27,9732.0,rank-1,587
Python,https://github.com/hyperspy/hyperspy,2018-04-28,9736.0,rank-1,590
Python,https://github.com/hyperspy/hyperspy,2018-04-29,9741.0,rank-1,593
Python,https://github.com/hyperspy/hyperspy,2018-05-01,9742.0,rank-1,594
Python,https://github.com/hyperspy/hyperspy,2018-05-02,9744.0,rank-1,595
Python,https://github.com/hyperspy/hyperspy,2018-05-03,9747.0,rank-1,596
Python,https://github.com/hyperspy/hyperspy,2018-05-08,9752.0,rank-1,600
Python,https://github.com/hyperspy/hyperspy,2018-05-09,9755.0,rank-1,602
Python,https://github.com/hyperspy/hyperspy,2018-05-12,9757.0,rank-1,603
Python,https://github.com/hyperspy/hyperspy,2018-05-13,9759.0,rank-1,603
Python,https://github.com/hyperspy/hyperspy,2018-05-14,9763.0,rank-1,604
Python,https://github.com/hyperspy/hyperspy,2018-05-15,9767.0,rank-1,605
Python,https://github.com/hyperspy/hyperspy,2018-05-16,9771.0,rank-1,606
Python,https://github.com/hyperspy/hyperspy,2018-05-17,9773.0,rank-1,606
Python,https://github.com/hyperspy/hyperspy,2018-05-20,9774.0,rank-1,607
Python,https://github.com/hyperspy/hyperspy,2018-05-21,9776.0,rank-1,609
Python,https://github.com/hyperspy/hyperspy,2018-05-23,9784.0,rank-1,609
Python,https://github.com/hyperspy/hyperspy,2018-05-24,9786.0,rank-1,609
Python,https://github.com/hyperspy/hyperspy,2018-05-25,9789.0,rank-1,609
Python,https://github.com/hyperspy/hyperspy,2018-05-26,9791.0,rank-1,609
Python,https://github.com/hyperspy/hyperspy,2018-05-27,9792.0,rank-1,610
Python,https://github.com/hyperspy/hyperspy,2018-05-29,9794.0,rank-1,611
Python,https://github.com/hyperspy/hyperspy,2018-05-30,9798.0,rank-1,611
Python,https://github.com/hyperspy/hyperspy,2018-05-31,9805.0,rank-1,617
Python,https://github.com/hyperspy/hyperspy,2018-06-01,9808.0,rank-1,617
Python,https://github.com/hyperspy/hyperspy,2018-06-04,9809.0,rank-1,617
Python,https://github.com/hyperspy/hyperspy,2018-06-05,9812.0,rank-1,617
Python,https://github.com/hyperspy/hyperspy,2018-06-07,9816.0,rank-1,620
Python,https://github.com/hyperspy/hyperspy,2018-06-11,9820.0,rank-1,620
Python,https://github.com/hyperspy/hyperspy,2018-06-12,9824.0,rank-1,620
Python,https://github.com/hyperspy/hyperspy,2018-06-13,9825.0,rank-1,620
Python,https://github.com/hyperspy/hyperspy,2018-06-18,9829.0,rank-1,620
Python,https://github.com/hyperspy/hyperspy,2018-06-20,9831.0,rank-1,620
Python,https://github.com/hyperspy/hyperspy,2018-06-21,9833.0,rank-1,620
Python,https://github.com/hyperspy/hyperspy,2018-06-25,9835.0,rank-1,620
Python,https://github.com/hyperspy/hyperspy,2018-06-27,9842.0,rank-1,625
Python,https://github.com/hyperspy/hyperspy,2018-06-29,9844.0,rank-1,625
Python,https://github.com/hyperspy/hyperspy,2018-06-30,9849.0,rank-1,625
Python,https://github.com/hyperspy/hyperspy,2018-07-02,9882.0,rank-1,626
Python,https://github.com/hyperspy/hyperspy,2018-07-03,9918.0,rank-1,629
Python,https://github.com/hyperspy/hyperspy,2018-07-04,9920.0,rank-1,629
Python,https://github.com/hyperspy/hyperspy,2018-07-06,9923.0,rank-1,629
Python,https://github.com/hyperspy/hyperspy,2018-07-10,9927.0,rank-1,631
Python,https://github.com/hyperspy/hyperspy,2018-07-11,9932.0,rank-1,634
Python,https://github.com/hyperspy/hyperspy,2018-07-12,9935.0,rank-1,637
Python,https://github.com/hyperspy/hyperspy,2018-07-13,9937.0,rank-1,637
Python,https://github.com/hyperspy/hyperspy,2018-07-16,9940.0,rank-1,640
Python,https://github.com/hyperspy/hyperspy,2018-07-17,9944.0,rank-1,642
Python,https://github.com/hyperspy/hyperspy,2018-07-18,9961.0,rank-1,643
Python,https://github.com/hyperspy/hyperspy,2018-07-19,9967.0,rank-1,645
Python,https://github.com/hyperspy/hyperspy,2018-07-20,9972.0,rank-1,647
Python,https://github.com/hyperspy/hyperspy,2018-07-25,9975.0,rank-1,650
Python,https://github.com/hyperspy/hyperspy,2018-07-26,9991.0,rank-1,653
Python,https://github.com/hyperspy/hyperspy,2018-07-27,9995.0,rank-1,653
Python,https://github.com/hyperspy/hyperspy,2018-07-30,9996.0,rank-1,654
Python,https://github.com/hyperspy/hyperspy,2018-07-31,9999.0,rank-1,657
Python,https://github.com/hyperspy/hyperspy,2018-08-01,10000.0,rank-1,658
Python,https://github.com/hyperspy/hyperspy,2018-08-02,10001.0,rank-1,659
Python,https://github.com/hyperspy/hyperspy,2018-08-07,10002.0,rank-1,659
Python,https://github.com/hyperspy/hyperspy,2018-08-08,10009.0,rank-1,659
Python,https://github.com/hyperspy/hyperspy,2018-08-09,10010.0,rank-1,660
Python,https://github.com/hyperspy/hyperspy,2018-08-13,10014.0,rank-1,664
Python,https://github.com/hyperspy/hyperspy,2018-08-15,10016.0,rank-1,665
Python,https://github.com/hyperspy/hyperspy,2018-08-16,10018.0,rank-1,667
Python,https://github.com/hyperspy/hyperspy,2018-08-17,10019.0,rank-1,668
Python,https://github.com/hyperspy/hyperspy,2018-08-18,10024.0,rank-1,668
Python,https://github.com/hyperspy/hyperspy,2018-08-19,10027.0,rank-1,668
Python,https://github.com/hyperspy/hyperspy,2018-08-20,10028.0,rank-1,669
Python,https://github.com/hyperspy/hyperspy,2018-08-22,10035.0,rank-1,673
Python,https://github.com/hyperspy/hyperspy,2018-08-23,10054.0,rank-1,682
Python,https://github.com/hyperspy/hyperspy,2018-08-24,10071.0,rank-1,691
Python,https://github.com/hyperspy/hyperspy,2018-08-27,10076.0,rank-1,693
Python,https://github.com/hyperspy/hyperspy,2018-08-28,10102.0,rank-1,706
Python,https://github.com/hyperspy/hyperspy,2018-08-29,10116.0,rank-1,709
Python,https://github.com/hyperspy/hyperspy,2018-08-30,10128.0,rank-1,709
Python,https://github.com/hyperspy/hyperspy,2018-08-31,10148.0,rank-1,710
Python,https://github.com/hyperspy/hyperspy,2018-09-01,10153.0,rank-1,710
Python,https://github.com/hyperspy/hyperspy,2018-09-03,10166.0,rank-1,710
Python,https://github.com/hyperspy/hyperspy,2018-09-04,10171.0,rank-1,710
Python,https://github.com/hyperspy/hyperspy,2018-09-10,10172.0,rank-1,710
Python,https://github.com/hyperspy/hyperspy,2018-09-14,10177.0,rank-1,710
Python,https://github.com/hyperspy/hyperspy,2018-09-18,10180.0,rank-1,710
Python,https://github.com/hyperspy/hyperspy,2018-09-21,10181.0,rank-1,710
Python,https://github.com/hyperspy/hyperspy,2018-09-23,10185.0,rank-1,712
Python,https://github.com/hyperspy/hyperspy,2018-09-24,10186.0,rank-1,713
Python,https://github.com/hyperspy/hyperspy,2018-09-25,10191.0,rank-1,713
Python,https://github.com/hyperspy/hyperspy,2018-09-26,10194.0,rank-1,713
Python,https://github.com/hyperspy/hyperspy,2018-09-27,10195.0,rank-1,713
Python,https://github.com/hyperspy/hyperspy,2018-09-28,10198.0,rank-1,713
Python,https://github.com/hyperspy/hyperspy,2018-09-29,10202.0,rank-1,717
Python,https://github.com/hyperspy/hyperspy,2018-10-01,10205.0,rank-1,717
Python,https://github.com/hyperspy/hyperspy,2018-10-04,10208.0,rank-1,718
Python,https://github.com/hyperspy/hyperspy,2018-10-15,10212.0,rank-1,722
Python,https://github.com/hyperspy/hyperspy,2018-10-17,10214.0,rank-1,724
Python,https://github.com/hyperspy/hyperspy,2018-10-18,10219.0,rank-1,727
Python,https://github.com/hyperspy/hyperspy,2018-10-19,10224.0,rank-1,728
Python,https://github.com/hyperspy/hyperspy,2018-10-20,10236.0,rank-1,729
Python,https://github.com/hyperspy/hyperspy,2018-10-22,10239.0,rank-1,730
Python,https://github.com/hyperspy/hyperspy,2018-10-23,10246.0,rank-1,730
Python,https://github.com/hyperspy/hyperspy,2018-10-29,10247.0,rank-1,730
Python,https://github.com/hyperspy/hyperspy,2018-10-30,10248.0,rank-1,731
Python,https://github.com/hyperspy/hyperspy,2018-11-03,10250.0,rank-1,733
Python,https://github.com/hyperspy/hyperspy,2018-11-06,10251.0,rank-1,734
Python,https://github.com/hyperspy/hyperspy,2018-11-11,10253.0,rank-1,735
Python,https://github.com/hyperspy/hyperspy,2018-11-15,10259.0,rank-1,739
Python,https://github.com/hyperspy/hyperspy,2018-11-16,10264.0,rank-1,739
Python,https://github.com/hyperspy/hyperspy,2018-11-19,10268.0,rank-1,739
Python,https://github.com/hyperspy/hyperspy,2018-11-20,10269.0,rank-1,739
Python,https://github.com/hyperspy/hyperspy,2018-11-23,10271.0,rank-1,739
Python,https://github.com/hyperspy/hyperspy,2018-11-26,10273.0,rank-1,739
Python,https://github.com/hyperspy/hyperspy,2018-11-27,10275.0,rank-1,741
Python,https://github.com/hyperspy/hyperspy,2018-11-28,10277.0,rank-1,741
Python,https://github.com/hyperspy/hyperspy,2018-11-29,10278.0,rank-1,741
Python,https://github.com/hyperspy/hyperspy,2018-11-30,10280.0,rank-1,741
Python,https://github.com/hyperspy/hyperspy,2018-12-01,10288.0,rank-1,748
Python,https://github.com/hyperspy/hyperspy,2018-12-02,10291.0,rank-1,751
Python,https://github.com/hyperspy/hyperspy,2018-12-05,10296.0,rank-1,754
Python,https://github.com/hyperspy/hyperspy,2018-12-06,10303.0,rank-1,759
Python,https://github.com/hyperspy/hyperspy,2018-12-07,10308.0,rank-1,759
Python,https://github.com/hyperspy/hyperspy,2018-12-09,10309.0,rank-1,759
Python,https://github.com/hyperspy/hyperspy,2018-12-14,10312.0,rank-1,762
Python,https://github.com/hyperspy/hyperspy,2018-12-15,10315.0,rank-1,762
Python,https://github.com/hyperspy/hyperspy,2019-01-10,10320.0,rank-1,762
Python,https://github.com/hyperspy/hyperspy,2019-01-13,10323.0,rank-1,764
Python,https://github.com/hyperspy/hyperspy,2019-01-14,10324.0,rank-1,765
Python,https://github.com/hyperspy/hyperspy,2019-01-24,10333.0,rank-1,772
Python,https://github.com/hyperspy/hyperspy,2019-01-25,10335.0,rank-1,773
Python,https://github.com/hyperspy/hyperspy,2019-01-29,10336.0,rank-1,773
Python,https://github.com/hyperspy/hyperspy,2019-02-03,10341.0,rank-1,778
Python,https://github.com/hyperspy/hyperspy,2019-02-05,10345.0,rank-1,782
Python,https://github.com/hyperspy/hyperspy,2019-02-06,10346.0,rank-1,783
Python,https://github.com/hyperspy/hyperspy,2019-02-12,10347.0,rank-1,784
Python,https://github.com/hyperspy/hyperspy,2019-02-28,10348.0,rank-1,784
Python,https://github.com/hyperspy/hyperspy,2019-03-05,10351.0,rank-1,784
Python,https://github.com/hyperspy/hyperspy,2019-03-06,10358.0,rank-1,784
Python,https://github.com/hyperspy/hyperspy,2019-03-16,10360.0,rank-1,784
Python,https://github.com/hyperspy/hyperspy,2019-03-21,10363.0,rank-1,786
Python,https://github.com/hyperspy/hyperspy,2019-03-23,10367.0,rank-1,790
Python,https://github.com/hyperspy/hyperspy,2019-03-25,10371.0,rank-1,794
Python,https://github.com/hyperspy/hyperspy,2019-03-26,10377.0,rank-1,797
Python,https://github.com/hyperspy/hyperspy,2019-03-27,10406.0,rank-1,799
Python,https://github.com/hyperspy/hyperspy,2019-03-28,10408.0,rank-1,801
Python,https://github.com/hyperspy/hyperspy,2019-03-29,10414.0,rank-1,807
Python,https://github.com/hyperspy/hyperspy,2019-04-01,10416.0,rank-1,807
Python,https://github.com/hyperspy/hyperspy,2019-04-02,10421.0,rank-1,812
Python,https://github.com/hyperspy/hyperspy,2019-04-03,10426.0,rank-1,812
Python,https://github.com/hyperspy/hyperspy,2019-04-04,10428.0,rank-1,812
Python,https://github.com/hyperspy/hyperspy,2019-04-08,10429.0,rank-1,813
Python,https://github.com/hyperspy/hyperspy,2019-04-12,10430.0,rank-1,813
Python,https://github.com/hyperspy/hyperspy,2019-04-15,10434.0,rank-1,814
Python,https://github.com/hyperspy/hyperspy,2019-04-16,10447.0,rank-1,814
Python,https://github.com/hyperspy/hyperspy,2019-04-17,10468.0,rank-1,818
Python,https://github.com/hyperspy/hyperspy,2019-04-18,10492.0,rank-1,822
Python,https://github.com/hyperspy/hyperspy,2019-04-19,10508.0,rank-1,822
Python,https://github.com/hyperspy/hyperspy,2019-04-20,10519.0,rank-1,825
Python,https://github.com/hyperspy/hyperspy,2019-04-21,10527.0,rank-1,825
Python,https://github.com/hyperspy/hyperspy,2019-04-24,10534.0,rank-1,828
Python,https://github.com/hyperspy/hyperspy,2019-04-25,10536.0,rank-1,828
Python,https://github.com/hyperspy/hyperspy,2019-04-26,10540.0,rank-1,832
Python,https://github.com/hyperspy/hyperspy,2019-04-28,10541.0,rank-1,833
Python,https://github.com/hyperspy/hyperspy,2019-04-29,10548.0,rank-1,835
Python,https://github.com/hyperspy/hyperspy,2019-04-30,10549.0,rank-1,836
Python,https://github.com/hyperspy/hyperspy,2019-05-01,10559.0,rank-1,836
Python,https://github.com/hyperspy/hyperspy,2019-05-03,10571.0,rank-1,839
Python,https://github.com/hyperspy/hyperspy,2019-05-07,10573.0,rank-1,841
Python,https://github.com/hyperspy/hyperspy,2019-05-09,10581.0,rank-1,841
Python,https://github.com/hyperspy/hyperspy,2019-05-10,10582.0,rank-1,842
Python,https://github.com/hyperspy/hyperspy,2019-05-13,10593.0,rank-1,844
Python,https://github.com/hyperspy/hyperspy,2019-05-14,10609.0,rank-1,846
Python,https://github.com/hyperspy/hyperspy,2019-05-15,10617.0,rank-1,852
Python,https://github.com/hyperspy/hyperspy,2019-05-16,10632.0,rank-1,860
Python,https://github.com/hyperspy/hyperspy,2019-05-17,10650.0,rank-1,870
Python,https://github.com/hyperspy/hyperspy,2019-05-18,10654.0,rank-1,870
Python,https://github.com/hyperspy/hyperspy,2019-05-20,10672.0,rank-1,870
Python,https://github.com/hyperspy/hyperspy,2019-05-21,10681.0,rank-1,873
Python,https://github.com/hyperspy/hyperspy,2019-05-22,10689.0,rank-1,876
Python,https://github.com/hyperspy/hyperspy,2019-05-23,10701.0,rank-1,876
Python,https://github.com/hyperspy/hyperspy,2019-05-24,10710.0,rank-1,882
Python,https://github.com/hyperspy/hyperspy,2019-05-27,10714.0,rank-1,883
Python,https://github.com/hyperspy/hyperspy,2019-05-28,10715.0,rank-1,883
Python,https://github.com/hyperspy/hyperspy,2019-05-31,10720.0,rank-1,888
Python,https://github.com/hyperspy/hyperspy,2019-06-02,10722.0,rank-1,890
Python,https://github.com/hyperspy/hyperspy,2019-06-03,10731.0,rank-1,899
Python,https://github.com/hyperspy/hyperspy,2019-06-05,10747.0,rank-1,904
Python,https://github.com/hyperspy/hyperspy,2019-06-14,10751.0,rank-1,908
Python,https://github.com/hyperspy/hyperspy,2019-06-17,10766.0,rank-1,919
Python,https://github.com/hyperspy/hyperspy,2019-06-18,10781.0,rank-1,922
Python,https://github.com/hyperspy/hyperspy,2019-06-19,10786.0,rank-1,922
Python,https://github.com/hyperspy/hyperspy,2019-06-20,10789.0,rank-1,925
Python,https://github.com/hyperspy/hyperspy,2019-06-21,10799.0,rank-1,929
Python,https://github.com/hyperspy/hyperspy,2019-06-22,10804.0,rank-1,929
Python,https://github.com/hyperspy/hyperspy,2019-06-24,10805.0,rank-1,929
Python,https://github.com/hyperspy/hyperspy,2019-06-25,10810.0,rank-1,931
Python,https://github.com/hyperspy/hyperspy,2019-06-26,10815.0,rank-1,933
Python,https://github.com/hyperspy/hyperspy,2019-06-27,10818.0,rank-1,936
Python,https://github.com/hyperspy/hyperspy,2019-06-28,10819.0,rank-1,936
Python,https://github.com/hyperspy/hyperspy,2019-07-01,10824.0,rank-1,936
Python,https://github.com/hyperspy/hyperspy,2019-07-02,10828.0,rank-1,938
Python,https://github.com/hyperspy/hyperspy,2019-07-04,10834.0,rank-1,940
Python,https://github.com/hyperspy/hyperspy,2019-07-05,10837.0,rank-1,943
Python,https://github.com/hyperspy/hyperspy,2019-07-09,10839.0,rank-1,944
Python,https://github.com/hyperspy/hyperspy,2019-07-10,10840.0,rank-1,945
Python,https://github.com/hyperspy/hyperspy,2019-07-11,10852.0,rank-1,950
Python,https://github.com/hyperspy/hyperspy,2019-07-12,10860.0,rank-1,953
Python,https://github.com/hyperspy/hyperspy,2019-07-15,10878.0,rank-1,955
Python,https://github.com/hyperspy/hyperspy,2019-07-16,10900.0,rank-1,961
Python,https://github.com/hyperspy/hyperspy,2019-07-17,10902.0,rank-1,963
Python,https://github.com/hyperspy/hyperspy,2019-07-18,10916.0,rank-1,971
Python,https://github.com/hyperspy/hyperspy,2019-07-19,10937.0,rank-1,975
Python,https://github.com/hyperspy/hyperspy,2019-07-22,10942.0,rank-1,978
Python,https://github.com/hyperspy/hyperspy,2019-07-24,10945.0,rank-1,979
Python,https://github.com/hyperspy/hyperspy,2019-07-25,10970.0,rank-1,981
Python,https://github.com/hyperspy/hyperspy,2019-07-26,10983.0,rank-1,983
Python,https://github.com/hyperspy/hyperspy,2019-07-27,10999.0,rank-1,987
Python,https://github.com/hyperspy/hyperspy,2019-07-28,11008.0,rank-1,987
Python,https://github.com/hyperspy/hyperspy,2019-07-29,11009.0,rank-1,987
Python,https://github.com/hyperspy/hyperspy,2019-08-02,11011.0,rank-1,987
Python,https://github.com/hyperspy/hyperspy,2019-08-06,11015.0,rank-1,987
Python,https://github.com/hyperspy/hyperspy,2019-08-09,11016.0,rank-1,987
Python,https://github.com/hyperspy/hyperspy,2019-08-30,11017.0,rank-1,987
Python,https://github.com/hyperspy/hyperspy,2019-09-02,11028.0,rank-1,998
Python,https://github.com/hyperspy/hyperspy,2019-09-03,11036.0,rank-1,1003
Python,https://github.com/hyperspy/hyperspy,2019-09-04,11041.0,rank-1,1004
Python,https://github.com/hyperspy/hyperspy,2019-09-05,11049.0,rank-1,1009
Python,https://github.com/hyperspy/hyperspy,2019-09-06,11056.0,rank-1,1009
Python,https://github.com/hyperspy/hyperspy,2019-09-07,11060.0,rank-1,1012
Python,https://github.com/hyperspy/hyperspy,2019-09-08,11062.0,rank-1,1014
Python,https://github.com/hyperspy/hyperspy,2019-09-10,11066.0,rank-1,1017
Python,https://github.com/hyperspy/hyperspy,2019-09-11,11068.0,rank-1,1018
Python,https://github.com/hyperspy/hyperspy,2019-09-14,11069.0,rank-1,1018
Python,https://github.com/hyperspy/hyperspy,2019-09-16,11073.0,rank-1,1018
Python,https://github.com/hyperspy/hyperspy,2019-09-23,11078.0,rank-1,1018
Python,https://github.com/hyperspy/hyperspy,2019-09-24,11079.0,rank-1,1018
Python,https://github.com/hyperspy/hyperspy,2019-09-27,11083.0,rank-1,1021
Python,https://github.com/hyperspy/hyperspy,2019-09-28,11085.0,rank-1,1023
Python,https://github.com/hyperspy/hyperspy,2019-10-01,11088.0,rank-1,1026
Python,https://github.com/hyperspy/hyperspy,2019-10-02,11089.0,rank-1,1026
Python,https://github.com/hyperspy/hyperspy,2019-10-07,11091.0,rank-1,1026
Python,https://github.com/hyperspy/hyperspy,2019-10-08,11095.0,rank-1,1026
Python,https://github.com/hyperspy/hyperspy,2019-10-11,11098.0,rank-1,1026
Python,https://github.com/hyperspy/hyperspy,2019-10-14,11099.0,rank-1,1027
Python,https://github.com/hyperspy/hyperspy,2019-10-17,11105.0,rank-1,1033
Python,https://github.com/hyperspy/hyperspy,2019-10-18,11109.0,rank-1,1034
Python,https://github.com/hyperspy/hyperspy,2019-10-21,11111.0,rank-1,1034
Python,https://github.com/hyperspy/hyperspy,2019-10-22,11112.0,rank-1,1034
Python,https://github.com/hyperspy/hyperspy,2019-10-24,11113.0,rank-1,1034
Python,https://github.com/hyperspy/hyperspy,2019-10-28,11119.0,rank-1,1035
Python,https://github.com/hyperspy/hyperspy,2019-10-30,11120.0,rank-1,1035
Python,https://github.com/hyperspy/hyperspy,2019-10-31,11122.0,rank-1,1035
Python,https://github.com/hyperspy/hyperspy,2019-11-02,11124.0,rank-1,1035
Python,https://github.com/hyperspy/hyperspy,2019-11-05,11128.0,rank-1,1038
Python,https://github.com/hyperspy/hyperspy,2019-11-08,11130.0,rank-1,1038
Python,https://github.com/hyperspy/hyperspy,2019-11-10,11131.0,rank-1,1038
Python,https://github.com/hyperspy/hyperspy,2019-11-11,11134.0,rank-1,1038
Python,https://github.com/hyperspy/hyperspy,2019-11-12,11140.0,rank-1,1038
Python,https://github.com/hyperspy/hyperspy,2019-11-13,11154.0,rank-1,1042
Python,https://github.com/hyperspy/hyperspy,2019-11-14,11157.0,rank-1,1044
Python,https://github.com/hyperspy/hyperspy,2019-11-15,11166.0,rank-1,1047
Python,https://github.com/hyperspy/hyperspy,2019-11-17,11168.0,rank-1,1047
Python,https://github.com/hyperspy/hyperspy,2019-11-18,11169.0,rank-1,1047
Python,https://github.com/hyperspy/hyperspy,2019-11-20,11171.0,rank-1,1049
Python,https://github.com/hyperspy/hyperspy,2019-11-21,11172.0,rank-1,1050
Python,https://github.com/hyperspy/hyperspy,2019-11-22,11173.0,rank-1,1051
Python,https://github.com/hyperspy/hyperspy,2019-11-23,11174.0,rank-1,1052
Python,https://github.com/hyperspy/hyperspy,2019-11-25,11176.0,rank-1,1054
Python,https://github.com/hyperspy/hyperspy,2019-11-26,11180.0,rank-1,1054
Python,https://github.com/hyperspy/hyperspy,2019-11-27,11184.0,rank-1,1056
Python,https://github.com/hyperspy/hyperspy,2019-11-28,11185.0,rank-1,1056
Python,https://github.com/hyperspy/hyperspy,2019-11-29,11191.0,rank-1,1057
Python,https://github.com/hyperspy/hyperspy,2019-11-30,11192.0,rank-1,1057
Python,https://github.com/hyperspy/hyperspy,2019-12-01,11193.0,rank-1,1057
Python,https://github.com/hyperspy/hyperspy,2019-12-02,11194.0,rank-1,1057
Python,https://github.com/hyperspy/hyperspy,2019-12-04,11200.0,rank-1,1057
Python,https://github.com/hyperspy/hyperspy,2019-12-06,11209.0,rank-1,1058
Python,https://github.com/hyperspy/hyperspy,2019-12-07,11210.0,rank-1,1059
Python,https://github.com/hyperspy/hyperspy,2019-12-08,11211.0,rank-1,1059
Python,https://github.com/hyperspy/hyperspy,2019-12-09,11218.0,rank-1,1060
Python,https://github.com/hyperspy/hyperspy,2019-12-10,11220.0,rank-1,1060
Python,https://github.com/hyperspy/hyperspy,2019-12-12,11230.0,rank-1,1060
Python,https://github.com/hyperspy/hyperspy,2019-12-13,11233.0,rank-1,1060
Python,https://github.com/hyperspy/hyperspy,2019-12-15,11234.0,rank-1,1061
Python,https://github.com/hyperspy/hyperspy,2019-12-18,11237.0,rank-1,1063
Python,https://github.com/hyperspy/hyperspy,2019-12-19,11239.0,rank-1,1063
Python,https://github.com/hyperspy/hyperspy,2019-12-20,11241.0,rank-1,1065
Python,https://github.com/hyperspy/hyperspy,2019-12-21,11243.0,rank-1,1065
Python,https://github.com/hyperspy/hyperspy,2020-01-02,11255.0,rank-1,1077
Python,https://github.com/hyperspy/hyperspy,2020-01-03,11265.0,rank-1,1079
Python,https://github.com/hyperspy/hyperspy,2020-01-04,11266.0,rank-1,1079
Python,https://github.com/hyperspy/hyperspy,2020-01-05,11268.0,rank-1,1081
Python,https://github.com/hyperspy/hyperspy,2020-01-06,11273.0,rank-1,1081
Python,https://github.com/hyperspy/hyperspy,2020-01-07,11282.0,rank-1,1085
Python,https://github.com/hyperspy/hyperspy,2020-01-08,11297.0,rank-1,1088
Python,https://github.com/hyperspy/hyperspy,2020-01-09,11306.0,rank-1,1097
Python,https://github.com/hyperspy/hyperspy,2020-01-11,11307.0,rank-1,1097
Python,https://github.com/hyperspy/hyperspy,2020-01-12,11309.0,rank-1,1099
Python,https://github.com/hyperspy/hyperspy,2020-01-13,11314.0,rank-1,1102
Python,https://github.com/hyperspy/hyperspy,2020-01-14,11317.0,rank-1,1105
Python,https://github.com/hyperspy/hyperspy,2020-01-15,11323.0,rank-1,1109
Python,https://github.com/hyperspy/hyperspy,2020-01-16,11343.0,rank-1,1120
Python,https://github.com/hyperspy/hyperspy,2020-01-17,11348.0,rank-1,1120
Python,https://github.com/hyperspy/hyperspy,2020-01-18,11349.0,rank-1,1120
Python,https://github.com/hyperspy/hyperspy,2020-01-19,11361.0,rank-1,1120
Python,https://github.com/hyperspy/hyperspy,2020-01-20,11367.0,rank-1,1120
Python,https://github.com/hyperspy/hyperspy,2020-01-21,11370.0,rank-1,1120
Python,https://github.com/hyperspy/hyperspy,2020-01-23,11374.0,rank-1,1120
Python,https://github.com/hyperspy/hyperspy,2020-01-24,11378.0,rank-1,1122
Python,https://github.com/hyperspy/hyperspy,2020-01-25,11389.0,rank-1,1123
Python,https://github.com/hyperspy/hyperspy,2020-01-27,11398.0,rank-1,1127
Python,https://github.com/hyperspy/hyperspy,2020-01-28,11401.0,rank-1,1130
Python,https://github.com/hyperspy/hyperspy,2020-01-29,11407.0,rank-1,1131
Python,https://github.com/hyperspy/hyperspy,2020-02-01,11408.0,rank-1,1132
Python,https://github.com/hyperspy/hyperspy,2020-02-02,11415.0,rank-1,1132
Python,https://github.com/hyperspy/hyperspy,2020-02-03,11419.0,rank-1,1132
Python,https://github.com/hyperspy/hyperspy,2020-02-04,11425.0,rank-1,1132
Python,https://github.com/hyperspy/hyperspy,2020-02-05,11431.0,rank-1,1132
Python,https://github.com/hyperspy/hyperspy,2020-02-06,11436.0,rank-1,1132
Python,https://github.com/hyperspy/hyperspy,2020-02-08,11438.0,rank-1,1132
Python,https://github.com/hyperspy/hyperspy,2020-02-13,11440.0,rank-1,1132
Python,https://github.com/hyperspy/hyperspy,2020-02-14,11441.0,rank-1,1132
Python,https://github.com/hyperspy/hyperspy,2020-02-17,11442.0,rank-1,1132
Python,https://github.com/hyperspy/hyperspy,2020-02-21,11444.0,rank-1,1132
Python,https://github.com/hyperspy/hyperspy,2020-02-22,11446.0,rank-1,1134
Python,https://github.com/hyperspy/hyperspy,2020-02-23,11449.0,rank-1,1137
Python,https://github.com/hyperspy/hyperspy,2020-02-25,11453.0,rank-1,1141
Python,https://github.com/hyperspy/hyperspy,2020-02-26,11455.0,rank-1,1142
Python,https://github.com/hyperspy/hyperspy,2020-02-27,11462.0,rank-1,1146
Python,https://github.com/hyperspy/hyperspy,2020-02-29,11465.0,rank-1,1147
Python,https://github.com/hyperspy/hyperspy,2020-03-02,11468.0,rank-1,1150
Python,https://github.com/hyperspy/hyperspy,2020-03-03,11471.0,rank-1,1150
Python,https://github.com/hyperspy/hyperspy,2020-03-04,11477.0,rank-1,1153
Python,https://github.com/hyperspy/hyperspy,2020-03-05,11479.0,rank-1,1155
Python,https://github.com/hyperspy/hyperspy,2020-03-07,11480.0,rank-1,1156
Python,https://github.com/hyperspy/hyperspy,2020-03-09,11481.0,rank-1,1156
Python,https://github.com/hyperspy/hyperspy,2020-03-12,11484.0,rank-1,1159
Python,https://github.com/hyperspy/hyperspy,2020-03-13,11485.0,rank-1,1159
Python,https://github.com/hyperspy/hyperspy,2020-03-16,11487.0,rank-1,1159
Python,https://github.com/hyperspy/hyperspy,2020-03-17,11488.0,rank-1,1160
Python,https://github.com/hyperspy/hyperspy,2020-03-18,11492.0,rank-1,1160
Python,https://github.com/hyperspy/hyperspy,2020-03-20,11493.0,rank-1,1161
Python,https://github.com/hyperspy/hyperspy,2020-03-22,11495.0,rank-1,1161
Python,https://github.com/hyperspy/hyperspy,2020-03-23,11497.0,rank-1,1161
Python,https://github.com/hyperspy/hyperspy,2020-03-24,11499.0,rank-1,1161
Python,https://github.com/hyperspy/hyperspy,2020-03-31,11504.0,rank-1,1161
Python,https://github.com/hyperspy/hyperspy,2020-04-01,11523.0,rank-1,1162
Python,https://github.com/hyperspy/hyperspy,2020-04-02,11544.0,rank-1,1171
Python,https://github.com/hyperspy/hyperspy,2020-04-03,11558.0,rank-1,1177
Python,https://github.com/hyperspy/hyperspy,2020-04-04,11561.0,rank-1,1177
Python,https://github.com/hyperspy/hyperspy,2020-04-05,11564.0,rank-1,1177
Python,https://github.com/hyperspy/hyperspy,2020-04-06,11574.0,rank-1,1179
Python,https://github.com/hyperspy/hyperspy,2020-04-07,11579.0,rank-1,1184
Python,https://github.com/hyperspy/hyperspy,2020-04-08,11593.0,rank-1,1191
Python,https://github.com/hyperspy/hyperspy,2020-04-09,11603.0,rank-1,1194
Python,https://github.com/hyperspy/hyperspy,2020-04-10,11604.0,rank-1,1194
Python,https://github.com/hyperspy/hyperspy,2020-04-13,11611.0,rank-1,1195
Python,https://github.com/hyperspy/hyperspy,2020-04-14,11619.0,rank-1,1195
Python,https://github.com/hyperspy/hyperspy,2020-04-15,11638.0,rank-1,1196
Python,https://github.com/hyperspy/hyperspy,2020-04-16,11645.0,rank-1,1201
Python,https://github.com/hyperspy/hyperspy,2020-04-18,11650.0,rank-1,1206
Python,https://github.com/hyperspy/hyperspy,2020-04-19,11653.0,rank-1,1206
Python,https://github.com/hyperspy/hyperspy,2020-04-20,11678.0,rank-1,1215
Python,https://github.com/hyperspy/hyperspy,2020-04-21,11694.0,rank-1,1218
Python,https://github.com/hyperspy/hyperspy,2020-04-22,11699.0,rank-1,1218
Python,https://github.com/hyperspy/hyperspy,2020-04-23,11703.0,rank-1,1220
Python,https://github.com/hyperspy/hyperspy,2020-04-24,11734.0,rank-1,1226
Python,https://github.com/hyperspy/hyperspy,2020-04-25,11736.0,rank-1,1226
Python,https://github.com/hyperspy/hyperspy,2020-04-26,11745.0,rank-1,1228
Python,https://github.com/hyperspy/hyperspy,2020-04-27,11757.0,rank-1,1229
Python,https://github.com/hyperspy/hyperspy,2020-04-28,11766.0,rank-1,1229
Python,https://github.com/hyperspy/hyperspy,2020-04-29,11772.0,rank-1,1229
Python,https://github.com/hyperspy/hyperspy,2020-04-30,11783.0,rank-1,1229
Python,https://github.com/hyperspy/hyperspy,2020-05-01,11786.0,rank-1,1229
Python,https://github.com/hyperspy/hyperspy,2020-05-02,11787.0,rank-1,1229
Python,https://github.com/hyperspy/hyperspy,2020-05-04,11788.0,rank-1,1229
Python,https://github.com/hyperspy/hyperspy,2020-05-05,11799.0,rank-1,1231
Python,https://github.com/hyperspy/hyperspy,2020-05-06,11814.0,rank-1,1236
Python,https://github.com/hyperspy/hyperspy,2020-05-07,11816.0,rank-1,1236
Python,https://github.com/hyperspy/hyperspy,2020-05-08,11823.0,rank-1,1239
Python,https://github.com/hyperspy/hyperspy,2020-05-09,11825.0,rank-1,1239
Python,https://github.com/hyperspy/hyperspy,2020-05-11,11828.0,rank-1,1241
Python,https://github.com/hyperspy/hyperspy,2020-05-12,11841.0,rank-1,1242
Python,https://github.com/hyperspy/hyperspy,2020-05-13,11846.0,rank-1,1243
Python,https://github.com/hyperspy/hyperspy,2020-05-14,11856.0,rank-1,1251
Python,https://github.com/hyperspy/hyperspy,2020-05-15,11866.0,rank-1,1253
Python,https://github.com/hyperspy/hyperspy,2020-05-16,11872.0,rank-1,1257
Python,https://github.com/hyperspy/hyperspy,2020-05-17,11881.0,rank-1,1259
Python,https://github.com/hyperspy/hyperspy,2020-05-18,11891.0,rank-1,1261
Python,https://github.com/hyperspy/hyperspy,2020-05-19,11898.0,rank-1,1263
Python,https://github.com/hyperspy/hyperspy,2020-05-20,11900.0,rank-1,1264
Python,https://github.com/hyperspy/hyperspy,2020-05-21,11901.0,rank-1,1264
Python,https://github.com/hyperspy/hyperspy,2020-05-22,11902.0,rank-1,1264
Python,https://github.com/hyperspy/hyperspy,2020-05-24,11911.0,rank-1,1264
Python,https://github.com/hyperspy/hyperspy,2020-05-25,11921.0,rank-1,1264
Python,https://github.com/hyperspy/hyperspy,2020-05-26,11928.0,rank-1,1269
Python,https://github.com/hyperspy/hyperspy,2020-05-27,11939.0,rank-1,1270
Python,https://github.com/hyperspy/hyperspy,2020-05-28,11952.0,rank-1,1271
Python,https://github.com/hyperspy/hyperspy,2020-05-29,11960.0,rank-1,1271
Python,https://github.com/hyperspy/hyperspy,2020-05-30,11961.0,rank-1,1271
Python,https://github.com/hyperspy/hyperspy,2020-05-31,11975.0,rank-1,1271
Python,https://github.com/hyperspy/hyperspy,2020-06-01,11978.0,rank-1,1271
Python,https://github.com/hyperspy/hyperspy,2020-06-02,11984.0,rank-1,1271
Python,https://github.com/hyperspy/hyperspy,2020-06-03,11987.0,rank-1,1271
Python,https://github.com/hyperspy/hyperspy,2020-06-04,11990.0,rank-1,1271
Python,https://github.com/hyperspy/hyperspy,2020-06-05,12002.0,rank-1,1271
Python,https://github.com/hyperspy/hyperspy,2020-06-06,12007.0,rank-1,1272
Python,https://github.com/hyperspy/hyperspy,2020-06-07,12013.0,rank-1,1272
Python,https://github.com/hyperspy/hyperspy,2020-06-08,12025.0,rank-1,1280
Python,https://github.com/hyperspy/hyperspy,2020-06-09,12031.0,rank-1,1283
Python,https://github.com/hyperspy/hyperspy,2020-06-10,12037.0,rank-1,1285
Python,https://github.com/hyperspy/hyperspy,2020-06-11,12045.0,rank-1,1287
Python,https://github.com/hyperspy/hyperspy,2020-06-12,12049.0,rank-1,1288
Python,https://github.com/hyperspy/hyperspy,2020-06-13,12052.0,rank-1,1288
Python,https://github.com/hyperspy/hyperspy,2020-06-14,12054.0,rank-1,1288
Python,https://github.com/hyperspy/hyperspy,2020-06-15,12057.0,rank-1,1288
Python,https://github.com/hyperspy/hyperspy,2020-06-16,12060.0,rank-1,1289
Python,https://github.com/hyperspy/hyperspy,2020-06-17,12062.0,rank-1,1289
Python,https://github.com/hyperspy/hyperspy,2020-06-18,12067.0,rank-1,1290
Python,https://github.com/hyperspy/hyperspy,2020-06-19,12074.0,rank-1,1291
Python,https://github.com/hyperspy/hyperspy,2020-06-20,12075.0,rank-1,1291
Python,https://github.com/hyperspy/hyperspy,2020-06-22,12083.0,rank-1,1296
Python,https://github.com/hyperspy/hyperspy,2020-06-23,12090.0,rank-1,1296
Python,https://github.com/hyperspy/hyperspy,2020-06-24,12092.0,rank-1,1296
Python,https://github.com/hyperspy/hyperspy,2020-06-25,12101.0,rank-1,1296
Python,https://github.com/hyperspy/hyperspy,2020-06-26,12102.0,rank-1,1296
Python,https://github.com/hyperspy/hyperspy,2020-06-29,12108.0,rank-1,1296
Python,https://github.com/hyperspy/hyperspy,2020-06-30,12109.0,rank-1,1296
Python,https://github.com/hyperspy/hyperspy,2020-07-01,12117.0,rank-1,1303
Python,https://github.com/hyperspy/hyperspy,2020-07-02,12120.0,rank-1,1304
Python,https://github.com/hyperspy/hyperspy,2020-07-05,12127.0,rank-1,1311
Python,https://github.com/hyperspy/hyperspy,2020-07-06,12131.0,rank-1,1314
Python,https://github.com/hyperspy/hyperspy,2020-07-07,12132.0,rank-1,1315
Python,https://github.com/hyperspy/hyperspy,2020-07-10,12145.0,rank-1,1319
Python,https://github.com/hyperspy/hyperspy,2020-07-11,12148.0,rank-1,1319
Python,https://github.com/hyperspy/hyperspy,2020-07-13,12152.0,rank-1,1319
Python,https://github.com/hyperspy/hyperspy,2020-07-15,12155.0,rank-1,1322
Python,https://github.com/hyperspy/hyperspy,2020-07-16,12156.0,rank-1,1323
Python,https://github.com/hyperspy/hyperspy,2020-07-17,12157.0,rank-1,1323
Python,https://github.com/hyperspy/hyperspy,2020-07-18,12165.0,rank-1,1327
Python,https://github.com/hyperspy/hyperspy,2020-07-19,12167.0,rank-1,1329
Python,https://github.com/hyperspy/hyperspy,2020-07-21,12180.0,rank-1,1331
Python,https://github.com/hyperspy/hyperspy,2020-07-22,12186.0,rank-1,1331
Python,https://github.com/hyperspy/hyperspy,2020-07-23,12192.0,rank-1,1332
Python,https://github.com/hyperspy/hyperspy,2020-07-24,12193.0,rank-1,1332
Python,https://github.com/hyperspy/hyperspy,2020-07-25,12196.0,rank-1,1334
Python,https://github.com/hyperspy/hyperspy,2020-07-26,12197.0,rank-1,1334
Python,https://github.com/hyperspy/hyperspy,2020-07-27,12213.0,rank-1,1337
Python,https://github.com/hyperspy/hyperspy,2020-07-28,12229.0,rank-1,1341
Python,https://github.com/hyperspy/hyperspy,2020-07-29,12237.0,rank-1,1344
Python,https://github.com/hyperspy/hyperspy,2020-07-30,12266.0,rank-1,1344
Python,https://github.com/hyperspy/hyperspy,2020-07-31,12292.0,rank-1,1348
Python,https://github.com/hyperspy/hyperspy,2020-08-01,12298.0,rank-1,1354
Python,https://github.com/hyperspy/hyperspy,2020-08-02,12309.0,rank-1,1361
Python,https://github.com/hyperspy/hyperspy,2020-08-03,12345.0,rank-1,1371
Python,https://github.com/hyperspy/hyperspy,2020-08-04,12400.0,rank-1,1380
Python,https://github.com/hyperspy/hyperspy,2020-08-05,12427.0,rank-1,1392
Python,https://github.com/hyperspy/hyperspy,2020-08-06,12444.0,rank-1,1402
Python,https://github.com/hyperspy/hyperspy,2020-08-10,12447.0,rank-1,1402
Python,https://github.com/hyperspy/hyperspy,2020-08-11,12448.0,rank-1,1402
Python,https://github.com/hyperspy/hyperspy,2020-08-13,12451.0,rank-1,1402
Python,https://github.com/hyperspy/hyperspy,2020-08-14,12452.0,rank-1,1403
Python,https://github.com/hyperspy/hyperspy,2020-08-15,12455.0,rank-1,1406
Python,https://github.com/hyperspy/hyperspy,2020-08-16,12459.0,rank-1,1409
Python,https://github.com/hyperspy/hyperspy,2020-08-18,12461.0,rank-1,1409
Python,https://github.com/hyperspy/hyperspy,2020-08-19,12465.0,rank-1,1409
Python,https://github.com/hyperspy/hyperspy,2020-08-21,12472.0,rank-1,1412
Python,https://github.com/hyperspy/hyperspy,2020-08-22,12476.0,rank-1,1414
Python,https://github.com/hyperspy/hyperspy,2020-08-23,12481.0,rank-1,1418
Python,https://github.com/hyperspy/hyperspy,2020-08-24,12495.0,rank-1,1421
Python,https://github.com/hyperspy/hyperspy,2020-08-25,12510.0,rank-1,1425
Python,https://github.com/hyperspy/hyperspy,2020-08-26,12525.0,rank-1,1428
Python,https://github.com/hyperspy/hyperspy,2020-08-27,12528.0,rank-1,1428
Python,https://github.com/hyperspy/hyperspy,2020-08-29,12531.0,rank-1,1431
Python,https://github.com/hyperspy/hyperspy,2020-08-30,12542.0,rank-1,1438
Python,https://github.com/hyperspy/hyperspy,2020-08-31,12562.0,rank-1,1443
Python,https://github.com/hyperspy/hyperspy,2020-09-01,12581.0,rank-1,1453
Python,https://github.com/hyperspy/hyperspy,2020-09-02,12599.0,rank-1,1455
Python,https://github.com/hyperspy/hyperspy,2020-09-03,12604.0,rank-1,1455
Python,https://github.com/hyperspy/hyperspy,2020-09-04,12607.0,rank-1,1456
Python,https://github.com/hyperspy/hyperspy,2020-09-07,12610.0,rank-1,1458
Python,https://github.com/hyperspy/hyperspy,2020-09-08,12636.0,rank-1,1469
Python,https://github.com/hyperspy/hyperspy,2020-09-09,12650.0,rank-1,1477
Python,https://github.com/hyperspy/hyperspy,2020-09-10,12660.0,rank-1,1483
Python,https://github.com/hyperspy/hyperspy,2020-09-11,12667.0,rank-1,1486
Python,https://github.com/hyperspy/hyperspy,2020-09-12,12669.0,rank-1,1486
Python,https://github.com/hyperspy/hyperspy,2020-09-13,12671.0,rank-1,1486
Python,https://github.com/hyperspy/hyperspy,2020-09-19,12674.0,rank-1,1489
Python,https://github.com/hyperspy/hyperspy,2020-09-20,12680.0,rank-1,1492
Python,https://github.com/hyperspy/hyperspy,2020-09-22,12682.0,rank-1,1492
Python,https://github.com/hyperspy/hyperspy,2020-09-23,12683.0,rank-1,1493
Python,https://github.com/hyperspy/hyperspy,2020-09-24,12687.0,rank-1,1496
Python,https://github.com/hyperspy/hyperspy,2020-09-26,12688.0,rank-1,1497
Python,https://github.com/hyperspy/hyperspy,2020-09-27,12690.0,rank-1,1497
Python,https://github.com/hyperspy/hyperspy,2020-09-28,12691.0,rank-1,1497
Python,https://github.com/hyperspy/hyperspy,2020-09-30,12693.0,rank-1,1498
Python,https://github.com/hyperspy/hyperspy,2020-10-01,12695.0,rank-1,1499
Python,https://github.com/hyperspy/hyperspy,2020-10-02,12696.0,rank-1,1499
Python,https://github.com/hyperspy/hyperspy,2020-10-04,12699.0,rank-1,1499
Python,https://github.com/hyperspy/hyperspy,2020-10-14,12703.0,rank-1,1500
Python,https://github.com/hyperspy/hyperspy,2020-10-15,12705.0,rank-1,1500
Python,https://github.com/hyperspy/hyperspy,2020-10-16,12710.0,rank-1,1505
Python,https://github.com/hyperspy/hyperspy,2020-10-17,12713.0,rank-1,1508
Python,https://github.com/hyperspy/hyperspy,2020-10-18,12718.0,rank-1,1513
Python,https://github.com/hyperspy/hyperspy,2020-10-19,12722.0,rank-1,1514
Python,https://github.com/hyperspy/hyperspy,2020-10-23,12723.0,rank-1,1515
Python,https://github.com/hyperspy/hyperspy,2020-10-24,12724.0,rank-1,1515
Python,https://github.com/hyperspy/hyperspy,2020-10-25,12728.0,rank-1,1517
Python,https://github.com/hyperspy/hyperspy,2020-10-26,12730.0,rank-1,1518
Python,https://github.com/hyperspy/hyperspy,2020-10-27,12732.0,rank-1,1518
Python,https://github.com/hyperspy/hyperspy,2020-10-29,12735.0,rank-1,1518
Python,https://github.com/hyperspy/hyperspy,2020-10-30,12738.0,rank-1,1519
Python,https://github.com/hyperspy/hyperspy,2020-10-31,12746.0,rank-1,1526
Python,https://github.com/hyperspy/hyperspy,2020-11-01,12748.0,rank-1,1526
Python,https://github.com/hyperspy/hyperspy,2020-11-02,12752.0,rank-1,1527
Python,https://github.com/hyperspy/hyperspy,2020-11-03,12758.0,rank-1,1528
Python,https://github.com/hyperspy/hyperspy,2020-11-04,12761.0,rank-1,1528
Python,https://github.com/hyperspy/hyperspy,2020-11-05,12771.0,rank-1,1529
Python,https://github.com/hyperspy/hyperspy,2020-11-06,12774.0,rank-1,1530
Python,https://github.com/hyperspy/hyperspy,2020-11-07,12780.0,rank-1,1535
Python,https://github.com/hyperspy/hyperspy,2020-11-08,12787.0,rank-1,1541
Python,https://github.com/hyperspy/hyperspy,2020-11-09,12791.0,rank-1,1544
Python,https://github.com/hyperspy/hyperspy,2020-11-11,12794.0,rank-1,1545
Python,https://github.com/hyperspy/hyperspy,2020-11-12,12796.0,rank-1,1546
Python,https://github.com/hyperspy/hyperspy,2020-11-13,12800.0,rank-1,1549
Python,https://github.com/hyperspy/hyperspy,2020-11-14,12802.0,rank-1,1551
Python,https://github.com/hyperspy/hyperspy,2020-11-16,12807.0,rank-1,1551
Python,https://github.com/hyperspy/hyperspy,2020-11-19,12808.0,rank-1,1551
Python,https://github.com/hyperspy/hyperspy,2020-11-20,12817.0,rank-1,1556
Python,https://github.com/hyperspy/hyperspy,2020-11-22,12818.0,rank-1,1557
Python,https://github.com/hyperspy/hyperspy,2020-11-23,12820.0,rank-1,1557
Python,https://github.com/hyperspy/hyperspy,2020-11-24,12829.0,rank-1,1565
Python,https://github.com/hyperspy/hyperspy,2020-11-25,12836.0,rank-1,1566
Python,https://github.com/hyperspy/hyperspy,2020-11-26,12838.0,rank-1,1568
Python,https://github.com/hyperspy/hyperspy,2020-11-27,12841.0,rank-1,1570
Python,https://github.com/hyperspy/hyperspy,2020-11-28,12861.0,rank-1,1590
Python,https://github.com/hyperspy/hyperspy,2020-11-29,12862.0,rank-1,1591
Python,https://github.com/hyperspy/hyperspy,2020-11-30,12870.0,rank-1,1599
Python,https://github.com/hyperspy/hyperspy,2020-12-01,12877.0,rank-1,1604
Python,https://github.com/hyperspy/hyperspy,2020-12-02,12879.0,rank-1,1605
Python,https://github.com/hyperspy/hyperspy,2020-12-03,12884.0,rank-1,1608
Python,https://github.com/hyperspy/hyperspy,2020-12-04,12885.0,rank-1,1608
Python,https://github.com/hyperspy/hyperspy,2020-12-06,12888.0,rank-1,1611
Python,https://github.com/hyperspy/hyperspy,2020-12-14,12889.0,rank-1,1611
Python,https://github.com/hyperspy/hyperspy,2020-12-15,12894.0,rank-1,1614
Python,https://github.com/hyperspy/hyperspy,2020-12-16,12897.0,rank-1,1614
Python,https://github.com/hyperspy/hyperspy,2020-12-17,12904.0,rank-1,1615
Python,https://github.com/hyperspy/hyperspy,2020-12-18,12906.0,rank-1,1615
Python,https://github.com/hyperspy/hyperspy,2020-12-19,12907.0,rank-1,1616
Python,https://github.com/hyperspy/hyperspy,2020-12-21,12912.0,rank-1,1620
Python,https://github.com/hyperspy/hyperspy,2020-12-22,12913.0,rank-1,1621
Python,https://github.com/hyperspy/hyperspy,2020-12-23,12918.0,rank-1,1626
Python,https://github.com/hyperspy/hyperspy,2020-12-24,12921.0,rank-1,1629
Python,https://github.com/hyperspy/hyperspy,2020-12-26,12924.0,rank-1,1632
Python,https://github.com/hyperspy/hyperspy,2020-12-27,12933.0,rank-1,1640
Python,https://github.com/hyperspy/hyperspy,2020-12-28,12938.0,rank-1,1644
Python,https://github.com/hyperspy/hyperspy,2020-12-30,12939.0,rank-1,1645
Python,https://github.com/hyperspy/hyperspy,2020-12-31,12940.0,rank-1,1645
Python,https://github.com/hyperspy/hyperspy,2021-01-03,12941.0,rank-1,1646
Python,https://github.com/hyperspy/hyperspy,2021-01-04,12944.0,rank-1,1649
Python,https://github.com/hyperspy/hyperspy,2021-01-05,12947.0,rank-1,1652
Python,https://github.com/hyperspy/hyperspy,2021-01-06,12950.0,rank-1,1655
Python,https://github.com/hyperspy/hyperspy,2021-01-09,12952.0,rank-1,1655
Python,https://github.com/hyperspy/hyperspy,2021-01-11,12953.0,rank-1,1656
Python,https://github.com/hyperspy/hyperspy,2021-01-12,12955.0,rank-1,1657
Python,https://github.com/hyperspy/hyperspy,2021-01-13,12956.0,rank-1,1657
Python,https://github.com/hyperspy/hyperspy,2021-01-14,12964.0,rank-1,1659
Python,https://github.com/hyperspy/hyperspy,2021-01-15,12974.0,rank-1,1665
Python,https://github.com/hyperspy/hyperspy,2021-01-16,12975.0,rank-1,1665
Python,https://github.com/hyperspy/hyperspy,2021-01-17,12977.0,rank-1,1667
Python,https://github.com/hyperspy/hyperspy,2021-01-18,12981.0,rank-1,1671
Python,https://github.com/hyperspy/hyperspy,2021-01-19,12986.0,rank-1,1676
Python,https://github.com/hyperspy/hyperspy,2021-01-20,12987.0,rank-1,1677
Python,https://github.com/hyperspy/hyperspy,2021-01-21,12988.0,rank-1,1677
Python,https://github.com/hyperspy/hyperspy,2021-01-22,12990.0,rank-1,1677
Python,https://github.com/hyperspy/hyperspy,2021-01-24,12998.0,rank-1,1681
Python,https://github.com/hyperspy/hyperspy,2021-01-25,12999.0,rank-1,1682
Python,https://github.com/hyperspy/hyperspy,2021-01-26,13004.0,rank-1,1683
Python,https://github.com/hyperspy/hyperspy,2021-01-27,13010.0,rank-1,1688
Python,https://github.com/hyperspy/hyperspy,2021-01-28,13013.0,rank-1,1691
Python,https://github.com/hyperspy/hyperspy,2021-01-29,13029.0,rank-1,1694
Python,https://github.com/hyperspy/hyperspy,2021-01-30,13041.0,rank-1,1699
Python,https://github.com/hyperspy/hyperspy,2021-01-31,13061.0,rank-1,1708
Python,https://github.com/hyperspy/hyperspy,2021-02-01,13071.0,rank-1,1713
Python,https://github.com/hyperspy/hyperspy,2021-02-02,13084.0,rank-1,1723
Python,https://github.com/hyperspy/hyperspy,2021-02-03,13087.0,rank-1,1724
Python,https://github.com/hyperspy/hyperspy,2021-02-04,13089.0,rank-1,1726
Python,https://github.com/hyperspy/hyperspy,2021-02-05,13092.0,rank-1,1729
Python,https://github.com/hyperspy/hyperspy,2021-02-09,13098.0,rank-1,1735
Python,https://github.com/hyperspy/hyperspy,2021-02-10,13100.0,rank-1,1737
Python,https://github.com/hyperspy/hyperspy,2021-02-11,13104.0,rank-1,1741
Python,https://github.com/hyperspy/hyperspy,2021-02-12,13105.0,rank-1,1742
Python,https://github.com/hyperspy/hyperspy,2021-02-13,13112.0,rank-1,1748
Python,https://github.com/hyperspy/hyperspy,2021-02-14,13119.0,rank-1,1753
Python,https://github.com/hyperspy/hyperspy,2021-02-15,13120.0,rank-1,1754
Python,https://github.com/hyperspy/hyperspy,2021-02-16,13128.0,rank-1,1759
Python,https://github.com/hyperspy/hyperspy,2021-02-17,13132.0,rank-1,1760
Python,https://github.com/hyperspy/hyperspy,2021-02-21,13133.0,rank-1,1760
Python,https://github.com/hyperspy/hyperspy,2021-02-25,13136.0,rank-1,1760
Python,https://github.com/hyperspy/hyperspy,2021-02-27,13144.0,rank-1,1767
Python,https://github.com/hyperspy/hyperspy,2021-02-28,13145.0,rank-1,1767
Python,https://github.com/hyperspy/hyperspy,2021-03-01,13150.0,rank-1,1768
Python,https://github.com/hyperspy/hyperspy,2021-03-02,13155.0,rank-1,1770
Python,https://github.com/hyperspy/hyperspy,2021-03-03,13164.0,rank-1,1770
Python,https://github.com/hyperspy/hyperspy,2021-03-04,13172.0,rank-1,1778
Python,https://github.com/hyperspy/hyperspy,2021-03-05,13175.0,rank-1,1781
Python,https://github.com/hyperspy/hyperspy,2021-03-06,13178.0,rank-1,1784
Python,https://github.com/hyperspy/hyperspy,2021-03-07,13190.0,rank-1,1795
Python,https://github.com/hyperspy/hyperspy,2021-03-08,13198.0,rank-1,1802
Python,https://github.com/hyperspy/hyperspy,2021-03-09,13225.0,rank-1,1810
Python,https://github.com/hyperspy/hyperspy,2021-03-10,13233.0,rank-1,1813
Python,https://github.com/hyperspy/hyperspy,2021-03-11,13237.0,rank-1,1814
Python,https://github.com/hyperspy/hyperspy,2021-03-12,13243.0,rank-1,1819
Python,https://github.com/hyperspy/hyperspy,2021-03-13,13252.0,rank-1,1827
Python,https://github.com/hyperspy/hyperspy,2021-03-14,13255.0,rank-1,1829
Python,https://github.com/hyperspy/hyperspy,2021-03-15,13264.0,rank-1,1829
Python,https://github.com/hyperspy/hyperspy,2021-03-16,13281.0,rank-1,1834
Python,https://github.com/hyperspy/hyperspy,2021-03-17,13295.0,rank-1,1840
Python,https://github.com/hyperspy/hyperspy,2021-03-18,13303.0,rank-1,1845
Python,https://github.com/hyperspy/hyperspy,2021-03-20,13307.0,rank-1,1849
Python,https://github.com/hyperspy/hyperspy,2021-03-22,13321.0,rank-1,1854
Python,https://github.com/hyperspy/hyperspy,2021-03-23,13322.0,rank-1,1854
Python,https://github.com/hyperspy/hyperspy,2021-03-24,13326.0,rank-1,1855
Python,https://github.com/hyperspy/hyperspy,2021-03-25,13328.0,rank-1,1855
Python,https://github.com/hyperspy/hyperspy,2021-03-26,13333.0,rank-1,1855
Python,https://github.com/hyperspy/hyperspy,2021-03-27,13337.0,rank-1,1857
Python,https://github.com/hyperspy/hyperspy,2021-03-28,13346.0,rank-1,1863
Python,https://github.com/hyperspy/hyperspy,2021-03-29,13351.0,rank-1,1866
Python,https://github.com/hyperspy/hyperspy,2021-03-30,13352.0,rank-1,1867
Python,https://github.com/hyperspy/hyperspy,2021-03-31,13354.0,rank-1,1869
Python,https://github.com/hyperspy/hyperspy,2021-04-01,13363.0,rank-1,1873
Python,https://github.com/hyperspy/hyperspy,2021-04-02,13365.0,rank-1,1874
Python,https://github.com/hyperspy/hyperspy,2021-04-05,13368.0,rank-1,1874
Python,https://github.com/hyperspy/hyperspy,2021-04-06,13370.0,rank-1,1874
Python,https://github.com/hyperspy/hyperspy,2021-04-07,13381.0,rank-1,1884
Python,https://github.com/hyperspy/hyperspy,2021-04-08,13388.0,rank-1,1889
Python,https://github.com/hyperspy/hyperspy,2021-04-09,13406.0,rank-1,1902
Python,https://github.com/hyperspy/hyperspy,2021-04-11,13411.0,rank-1,1907
Python,https://github.com/hyperspy/hyperspy,2021-04-12,13417.0,rank-1,1909
Python,https://github.com/hyperspy/hyperspy,2021-04-13,13426.0,rank-1,1917
Python,https://github.com/hyperspy/hyperspy,2021-04-14,13429.0,rank-1,1918
Python,https://github.com/hyperspy/hyperspy,2021-04-15,13433.0,rank-1,1919
Python,https://github.com/hyperspy/hyperspy,2021-04-20,13437.0,rank-1,1923
Python,https://github.com/hyperspy/hyperspy,2021-04-21,13445.0,rank-1,1930
Python,https://github.com/hyperspy/hyperspy,2021-04-23,13446.0,rank-1,1931
Python,https://github.com/hyperspy/hyperspy,2021-04-24,13448.0,rank-1,1931
Python,https://github.com/hyperspy/hyperspy,2021-04-26,13451.0,rank-1,1934
Python,https://github.com/hyperspy/hyperspy,2021-04-27,13465.0,rank-1,1937
Python,https://github.com/hyperspy/hyperspy,2021-04-28,13467.0,rank-1,1937
Python,https://github.com/hyperspy/hyperspy,2021-04-29,13471.0,rank-1,1937
Python,https://github.com/hyperspy/hyperspy,2021-04-30,13474.0,rank-1,1937
Python,https://github.com/hyperspy/hyperspy,2021-05-02,13480.0,rank-1,1937
Python,https://github.com/hyperspy/hyperspy,2021-05-03,13488.0,rank-1,1937
Python,https://github.com/hyperspy/hyperspy,2021-05-04,13494.0,rank-1,1940
Python,https://github.com/hyperspy/hyperspy,2021-05-05,13504.0,rank-1,1940
Python,https://github.com/hyperspy/hyperspy,2021-05-06,13508.0,rank-1,1941
Python,https://github.com/hyperspy/hyperspy,2021-05-07,13511.0,rank-1,1943
Python,https://github.com/hyperspy/hyperspy,2021-05-09,13514.0,rank-1,1944
Python,https://github.com/hyperspy/hyperspy,2021-05-10,13517.0,rank-1,1945
Python,https://github.com/hyperspy/hyperspy,2021-05-11,13521.0,rank-1,1946
Python,https://github.com/hyperspy/hyperspy,2021-05-12,13522.0,rank-1,1946
Python,https://github.com/hyperspy/hyperspy,2021-05-16,13529.0,rank-1,1949
Python,https://github.com/hyperspy/hyperspy,2021-05-17,13531.0,rank-1,1951
Python,https://github.com/hyperspy/hyperspy,2021-05-18,13536.0,rank-1,1954
Python,https://github.com/hyperspy/hyperspy,2021-05-19,13548.0,rank-1,1963
Python,https://github.com/hyperspy/hyperspy,2021-05-20,13557.0,rank-1,1970
Python,https://github.com/hyperspy/hyperspy,2021-05-21,13558.0,rank-1,1970
Python,https://github.com/hyperspy/hyperspy,2021-05-24,13559.0,rank-1,1970
Python,https://github.com/hyperspy/hyperspy,2021-05-25,13566.0,rank-1,1970
Python,https://github.com/hyperspy/hyperspy,2021-05-26,13569.0,rank-1,1972
Python,https://github.com/hyperspy/hyperspy,2021-05-27,13576.0,rank-1,1972
Python,https://github.com/hyperspy/hyperspy,2021-05-28,13577.0,rank-1,1972
Python,https://github.com/hyperspy/hyperspy,2021-05-31,13579.0,rank-1,1974
Python,https://github.com/hyperspy/hyperspy,2021-06-01,13588.0,rank-1,1982
Python,https://github.com/hyperspy/hyperspy,2021-06-02,13597.0,rank-1,1990
Python,https://github.com/hyperspy/hyperspy,2021-06-03,13621.0,rank-1,2001
Python,https://github.com/hyperspy/hyperspy,2021-06-04,13623.0,rank-1,2003
Python,https://github.com/hyperspy/hyperspy,2021-06-05,13624.0,rank-1,2004
Python,https://github.com/hyperspy/hyperspy,2021-06-06,13631.0,rank-1,2010
Python,https://github.com/hyperspy/hyperspy,2021-06-07,13633.0,rank-1,2012
Python,https://github.com/hyperspy/hyperspy,2021-06-08,13637.0,rank-1,2012
Python,https://github.com/hyperspy/hyperspy,2021-06-10,13648.0,rank-1,2019
Python,https://github.com/hyperspy/hyperspy,2021-06-11,13651.0,rank-1,2021
Python,https://github.com/hyperspy/hyperspy,2021-06-14,13653.0,rank-1,2021
Python,https://github.com/hyperspy/hyperspy,2021-06-15,13654.0,rank-1,2021
Python,https://github.com/hyperspy/hyperspy,2021-06-17,13656.0,rank-1,2023
Python,https://github.com/hyperspy/hyperspy,2021-06-18,13659.0,rank-1,2023
Python,https://github.com/hyperspy/hyperspy,2021-06-19,13660.0,rank-1,2023
Python,https://github.com/hyperspy/hyperspy,2021-06-22,13661.0,rank-1,2023
Python,https://github.com/hyperspy/hyperspy,2021-06-23,13663.0,rank-1,2023
Python,https://github.com/hyperspy/hyperspy,2021-06-24,13672.0,rank-1,2027
Python,https://github.com/hyperspy/hyperspy,2021-06-25,13677.0,rank-1,2027
Python,https://github.com/hyperspy/hyperspy,2021-06-26,13678.0,rank-1,2027
Python,https://github.com/hyperspy/hyperspy,2021-06-27,13679.0,rank-1,2028
Python,https://github.com/hyperspy/hyperspy,2021-06-28,13684.0,rank-1,2028
Python,https://github.com/hyperspy/hyperspy,2021-06-29,13689.0,rank-1,2031
Python,https://github.com/hyperspy/hyperspy,2021-06-30,13694.0,rank-1,2034
Python,https://github.com/hyperspy/hyperspy,2021-07-01,13699.0,rank-1,2037
Python,https://github.com/hyperspy/hyperspy,2021-07-05,13702.0,rank-1,2039
Python,https://github.com/hyperspy/hyperspy,2021-07-06,13707.0,rank-1,2040
Python,https://github.com/hyperspy/hyperspy,2021-07-07,13712.0,rank-1,2045
Python,https://github.com/hyperspy/hyperspy,2021-07-08,13728.0,rank-1,2058
Python,https://github.com/hyperspy/hyperspy,2021-07-09,13729.0,rank-1,2058
Python,https://github.com/hyperspy/hyperspy,2021-07-12,13733.0,rank-1,2062
Python,https://github.com/hyperspy/hyperspy,2021-07-26,13734.0,rank-1,2063
Python,https://github.com/hyperspy/hyperspy,2021-07-27,13741.0,rank-1,2065
Python,https://github.com/hyperspy/hyperspy,2021-07-28,13746.0,rank-1,2070
Python,https://github.com/hyperspy/hyperspy,2021-08-04,13747.0,rank-1,2071
Python,https://github.com/hyperspy/hyperspy,2021-08-05,13749.0,rank-1,2071
Python,https://github.com/hyperspy/hyperspy,2021-08-06,13755.0,rank-1,2072
Python,https://github.com/hyperspy/hyperspy,2021-08-09,13756.0,rank-1,2072
Python,https://github.com/hyperspy/hyperspy,2021-08-15,13759.0,rank-1,2075
Python,https://github.com/hyperspy/hyperspy,2021-08-19,13761.0,rank-1,2075
Python,https://github.com/hyperspy/hyperspy,2021-08-20,13762.0,rank-1,2076
Python,https://github.com/hyperspy/hyperspy,2021-08-22,13764.0,rank-1,2076
Python,https://github.com/hyperspy/hyperspy,2021-08-23,13767.0,rank-1,2079
Python,https://github.com/hyperspy/hyperspy,2021-08-24,13770.0,rank-1,2082
Python,https://github.com/hyperspy/hyperspy,2021-08-25,13776.0,rank-1,2085
Python,https://github.com/hyperspy/hyperspy,2021-08-26,13777.0,rank-1,2086
Python,https://github.com/hyperspy/hyperspy,2021-08-27,13778.0,rank-1,2087
Python,https://github.com/hyperspy/hyperspy,2021-08-31,13779.0,rank-1,2087
Python,https://github.com/hyperspy/hyperspy,2021-09-01,13781.0,rank-1,2088
Python,https://github.com/hyperspy/hyperspy,2021-09-03,13785.0,rank-1,2088
Python,https://github.com/hyperspy/hyperspy,2021-09-04,13789.0,rank-1,2092
Python,https://github.com/hyperspy/hyperspy,2021-09-05,13795.0,rank-1,2094
Python,https://github.com/hyperspy/hyperspy,2021-09-08,13800.0,rank-1,2097
Python,https://github.com/hyperspy/hyperspy,2021-09-09,13808.0,rank-1,2105
Python,https://github.com/hyperspy/hyperspy,2021-09-16,13817.0,rank-1,2105
Python,https://github.com/hyperspy/hyperspy,2021-09-20,13818.0,rank-1,2105
Python,https://github.com/hyperspy/hyperspy,2021-09-22,13821.0,rank-1,2105
Python,https://github.com/hyperspy/hyperspy,2021-09-27,13826.0,rank-1,2105
Python,https://github.com/hyperspy/hyperspy,2021-09-30,13827.0,rank-1,2105
Python,https://github.com/hyperspy/hyperspy,2021-10-04,13835.0,rank-1,2112
Python,https://github.com/hyperspy/hyperspy,2021-10-05,13845.0,rank-1,2112
Python,https://github.com/hyperspy/hyperspy,2021-10-06,13851.0,rank-1,2117
Python,https://github.com/hyperspy/hyperspy,2021-10-07,13865.0,rank-1,2121
Python,https://github.com/hyperspy/hyperspy,2021-10-08,13866.0,rank-1,2121
Python,https://github.com/hyperspy/hyperspy,2021-10-10,13869.0,rank-1,2122
Python,https://github.com/hyperspy/hyperspy,2021-10-11,13871.0,rank-1,2123
Python,https://github.com/hyperspy/hyperspy,2021-10-12,13873.0,rank-1,2123
Python,https://github.com/hyperspy/hyperspy,2021-10-13,13875.0,rank-1,2123
Python,https://github.com/hyperspy/hyperspy,2021-10-14,13877.0,rank-1,2124
Python,https://github.com/hyperspy/hyperspy,2021-10-17,13879.0,rank-1,2125
Python,https://github.com/hyperspy/hyperspy,2021-10-18,13880.0,rank-1,2125
Python,https://github.com/hyperspy/hyperspy,2021-10-19,13883.0,rank-1,2125
Python,https://github.com/hyperspy/hyperspy,2021-10-20,13895.0,rank-1,2135
Python,https://github.com/hyperspy/hyperspy,2021-10-21,13908.0,rank-1,2143
Python,https://github.com/hyperspy/hyperspy,2021-10-22,13912.0,rank-1,2146
Python,https://github.com/hyperspy/hyperspy,2021-10-23,13913.0,rank-1,2146
Python,https://github.com/hyperspy/hyperspy,2021-10-24,13923.0,rank-1,2154
Python,https://github.com/hyperspy/hyperspy,2021-10-25,13929.0,rank-1,2155
Python,https://github.com/hyperspy/hyperspy,2021-10-26,13930.0,rank-1,2156
Python,https://github.com/hyperspy/hyperspy,2021-10-27,13936.0,rank-1,2156
Python,https://github.com/hyperspy/hyperspy,2021-10-28,13942.0,rank-1,2160
Python,https://github.com/hyperspy/hyperspy,2021-10-29,13946.0,rank-1,2163
Python,https://github.com/hyperspy/hyperspy,2021-10-30,13953.0,rank-1,2170
Python,https://github.com/hyperspy/hyperspy,2021-10-31,13959.0,rank-1,2176
Python,https://github.com/hyperspy/hyperspy,2021-11-01,13963.0,rank-1,2180
Python,https://github.com/hyperspy/hyperspy,2021-11-02,13965.0,rank-1,2181
Python,https://github.com/hyperspy/hyperspy,2021-11-03,13968.0,rank-1,2184
Python,https://github.com/hyperspy/hyperspy,2021-11-04,13969.0,rank-1,2185
Python,https://github.com/hyperspy/hyperspy,2021-11-05,13970.0,rank-1,2185
Python,https://github.com/hyperspy/hyperspy,2021-11-07,13974.0,rank-1,2186
Python,https://github.com/hyperspy/hyperspy,2021-11-08,13977.0,rank-1,2189
Python,https://github.com/hyperspy/hyperspy,2021-11-09,13981.0,rank-1,2193
Python,https://github.com/hyperspy/hyperspy,2021-11-10,13986.0,rank-1,2196
Python,https://github.com/hyperspy/hyperspy,2021-11-11,13989.0,rank-1,2197
Python,https://github.com/hyperspy/hyperspy,2021-11-12,13992.0,rank-1,2200
Python,https://github.com/hyperspy/hyperspy,2021-11-14,13993.0,rank-1,2200
Python,https://github.com/hyperspy/hyperspy,2021-11-16,13995.0,rank-1,2201
Python,https://github.com/hyperspy/hyperspy,2021-11-17,13998.0,rank-1,2201
Python,https://github.com/hyperspy/hyperspy,2021-11-21,14003.0,rank-1,2203
Python,https://github.com/hyperspy/hyperspy,2021-11-22,14004.0,rank-1,2204
Python,https://github.com/hyperspy/hyperspy,2021-11-23,14006.0,rank-1,2204
Python,https://github.com/hyperspy/hyperspy,2021-11-24,14008.0,rank-1,2204
Python,https://github.com/hyperspy/hyperspy,2021-11-25,14009.0,rank-1,2205
Python,https://github.com/hyperspy/hyperspy,2021-11-26,14011.0,rank-1,2205
Python,https://github.com/hyperspy/hyperspy,2021-11-28,14020.0,rank-1,2205
Python,https://github.com/hyperspy/hyperspy,2021-12-07,14021.0,rank-1,2206
Python,https://github.com/hyperspy/hyperspy,2021-12-08,14023.0,rank-1,2208
Python,https://github.com/hyperspy/hyperspy,2021-12-09,14024.0,rank-1,2208
Python,https://github.com/hyperspy/hyperspy,2021-12-10,14026.0,rank-1,2208
Python,https://github.com/hyperspy/hyperspy,2021-12-13,14032.0,rank-1,2208
Python,https://github.com/hyperspy/hyperspy,2021-12-14,14033.0,rank-1,2208
Python,https://github.com/hyperspy/hyperspy,2021-12-15,14040.0,rank-1,2211
Python,https://github.com/hyperspy/hyperspy,2021-12-16,14043.0,rank-1,2211
Python,https://github.com/hyperspy/hyperspy,2021-12-17,14046.0,rank-1,2211
Python,https://github.com/hyperspy/hyperspy,2021-12-18,14047.0,rank-1,2212
Python,https://github.com/hyperspy/hyperspy,2021-12-20,14048.0,rank-1,2212
Python,https://github.com/hyperspy/hyperspy,2021-12-21,14051.0,rank-1,2213
Python,https://github.com/hyperspy/hyperspy,2021-12-22,14058.0,rank-1,2213
Python,https://github.com/hyperspy/hyperspy,2021-12-23,14059.0,rank-1,2214
Python,https://github.com/hyperspy/hyperspy,2021-12-24,14061.0,rank-1,2215
Python,https://github.com/hyperspy/hyperspy,2022-01-02,14064.0,rank-1,2218
Python,https://github.com/hyperspy/hyperspy,2022-01-03,14069.0,rank-1,2223
Python,https://github.com/hyperspy/hyperspy,2022-01-04,14072.0,rank-1,2223
Python,https://github.com/hyperspy/hyperspy,2022-01-05,14079.0,rank-1,2224
Python,https://github.com/hyperspy/hyperspy,2022-01-12,14080.0,rank-1,2225
Python,https://github.com/hyperspy/hyperspy,2022-01-15,14081.0,rank-1,2226
Python,https://github.com/hyperspy/hyperspy,2022-01-16,14083.0,rank-1,2228
Python,https://github.com/hyperspy/hyperspy,2022-01-17,14093.0,rank-1,2230
Python,https://github.com/hyperspy/hyperspy,2022-01-18,14100.0,rank-1,2232
Python,https://github.com/hyperspy/hyperspy,2022-01-19,14110.0,rank-1,2234
Python,https://github.com/hyperspy/hyperspy,2022-01-20,14112.0,rank-1,2235
Python,https://github.com/hyperspy/hyperspy,2022-01-21,14113.0,rank-1,2235
Python,https://github.com/hyperspy/hyperspy,2022-01-24,14120.0,rank-1,2240
Python,https://github.com/hyperspy/hyperspy,2022-01-25,14123.0,rank-1,2240
Python,https://github.com/hyperspy/hyperspy,2022-01-26,14127.0,rank-1,2240
Python,https://github.com/hyperspy/hyperspy,2022-01-27,14128.0,rank-1,2240
Python,https://github.com/hyperspy/hyperspy,2022-01-28,14130.0,rank-1,2240
Python,https://github.com/hyperspy/hyperspy,2022-02-07,14132.0,rank-1,2240
Python,https://github.com/hyperspy/hyperspy,2022-02-09,14133.0,rank-1,2240
Python,https://github.com/hyperspy/hyperspy,2022-02-10,14134.0,rank-1,2240
Python,https://github.com/hyperspy/hyperspy,2022-02-16,14146.0,rank-1,2247
Python,https://github.com/hyperspy/hyperspy,2022-02-17,14151.0,rank-1,2248
Python,https://github.com/hyperspy/hyperspy,2022-02-18,14156.0,rank-1,2251
Python,https://github.com/hyperspy/hyperspy,2022-02-21,14161.0,rank-1,2251
Python,https://github.com/hyperspy/hyperspy,2022-02-22,14166.0,rank-1,2252
Python,https://github.com/hyperspy/hyperspy,2022-02-23,14173.0,rank-1,2254
Python,https://github.com/hyperspy/hyperspy,2022-02-24,14176.0,rank-1,2255
Python,https://github.com/hyperspy/hyperspy,2022-02-26,14177.0,rank-1,2255
Python,https://github.com/hyperspy/hyperspy,2022-02-28,14179.0,rank-1,2255
Python,https://github.com/hyperspy/hyperspy,2022-03-01,14183.0,rank-1,2256
Python,https://github.com/hyperspy/hyperspy,2022-03-03,14190.0,rank-1,2256
Python,https://github.com/hyperspy/hyperspy,2022-03-06,14191.0,rank-1,2257
Python,https://github.com/hyperspy/hyperspy,2022-03-08,14195.0,rank-1,2258
Python,https://github.com/hyperspy/hyperspy,2022-03-09,14199.0,rank-1,2258
Python,https://github.com/hyperspy/hyperspy,2022-03-10,14201.0,rank-1,2258
Python,https://github.com/hyperspy/hyperspy,2022-03-12,14204.0,rank-1,2261
Python,https://github.com/hyperspy/hyperspy,2022-03-13,14210.0,rank-1,2265
Python,https://github.com/hyperspy/hyperspy,2022-03-14,14213.0,rank-1,2265
Python,https://github.com/hyperspy/hyperspy,2022-03-15,14217.0,rank-1,2266
Python,https://github.com/hyperspy/hyperspy,2022-03-16,14219.0,rank-1,2267
Python,https://github.com/hyperspy/hyperspy,2022-03-17,14226.0,rank-1,2267
Python,https://github.com/hyperspy/hyperspy,2022-03-18,14227.0,rank-1,2267
Python,https://github.com/hyperspy/hyperspy,2022-03-19,14228.0,rank-1,2268
Python,https://github.com/hyperspy/hyperspy,2022-03-20,14230.0,rank-1,2268
Python,https://github.com/hyperspy/hyperspy,2022-03-22,14235.0,rank-1,2268
Python,https://github.com/hyperspy/hyperspy,2022-03-23,14239.0,rank-1,2268
Python,https://github.com/hyperspy/hyperspy,2022-03-24,14245.0,rank-1,2268
Python,https://github.com/hyperspy/hyperspy,2022-03-25,14260.0,rank-1,2268
Python,https://github.com/hyperspy/hyperspy,2022-03-26,14264.0,rank-1,2272
Python,https://github.com/hyperspy/hyperspy,2022-03-27,14265.0,rank-1,2273
Python,https://github.com/hyperspy/hyperspy,2022-03-28,14266.0,rank-1,2274
Python,https://github.com/hyperspy/hyperspy,2022-03-29,14274.0,rank-1,2276
Python,https://github.com/hyperspy/hyperspy,2022-03-30,14288.0,rank-1,2285
Python,https://github.com/hyperspy/hyperspy,2022-03-31,14293.0,rank-1,2290
Python,https://github.com/hyperspy/hyperspy,2022-04-01,14295.0,rank-1,2290
Python,https://github.com/hyperspy/hyperspy,2022-04-02,14301.0,rank-1,2294
Python,https://github.com/hyperspy/hyperspy,2022-04-03,14308.0,rank-1,2295
Python,https://github.com/hyperspy/hyperspy,2022-04-05,14309.0,rank-1,2296
Python,https://github.com/hyperspy/hyperspy,2022-04-06,14312.0,rank-1,2296
Python,https://github.com/hyperspy/hyperspy,2022-04-07,14321.0,rank-1,2299
Python,https://github.com/hyperspy/hyperspy,2022-04-08,14324.0,rank-1,2300
Python,https://github.com/hyperspy/hyperspy,2022-04-09,14328.0,rank-1,2303
Python,https://github.com/hyperspy/hyperspy,2022-04-10,14330.0,rank-1,2305
Python,https://github.com/hyperspy/hyperspy,2022-04-12,14331.0,rank-1,2306
Python,https://github.com/hyperspy/hyperspy,2022-04-14,14345.0,rank-1,2317
Python,https://github.com/hyperspy/hyperspy,2022-04-15,14353.0,rank-1,2317
Python,https://github.com/hyperspy/hyperspy,2022-04-16,14354.0,rank-1,2317
Python,https://github.com/hyperspy/hyperspy,2022-04-18,14355.0,rank-1,2318
Python,https://github.com/hyperspy/hyperspy,2022-04-19,14358.0,rank-1,2321
Python,https://github.com/hyperspy/hyperspy,2022-04-20,14361.0,rank-1,2324
Python,https://github.com/hyperspy/hyperspy,2022-04-21,14364.0,rank-1,2324
Python,https://github.com/hyperspy/hyperspy,2022-04-24,14365.0,rank-1,2324
Python,https://github.com/hyperspy/hyperspy,2022-04-25,14376.0,rank-1,2335
Python,https://github.com/hyperspy/hyperspy,2022-04-26,14380.0,rank-1,2339
Python,https://github.com/hyperspy/hyperspy,2022-05-03,14385.0,rank-1,2344
Python,https://github.com/hyperspy/hyperspy,2022-05-12,14386.0,rank-1,2344
Python,https://github.com/hyperspy/hyperspy,2022-05-18,14388.0,rank-1,2344
Python,https://github.com/hyperspy/hyperspy,2022-05-19,14391.0,rank-1,2344
Python,https://github.com/hyperspy/hyperspy,2022-05-20,14396.0,rank-1,2344
Python,https://github.com/hyperspy/hyperspy,2022-05-23,14403.0,rank-1,2345
Python,https://github.com/hyperspy/hyperspy,2022-05-24,14406.0,rank-1,2345
Python,https://github.com/hyperspy/hyperspy,2022-05-26,14409.0,rank-1,2348
Python,https://github.com/hyperspy/hyperspy,2022-05-29,14410.0,rank-1,2348
Python,https://github.com/hyperspy/hyperspy,2022-06-02,14412.0,rank-1,2350
Python,https://github.com/hyperspy/hyperspy,2022-06-03,14414.0,rank-1,2352
Python,https://github.com/hyperspy/hyperspy,2022-06-04,14415.0,rank-1,2353
Python,https://github.com/hyperspy/hyperspy,2022-06-05,14416.0,rank-1,2354
Python,https://github.com/hyperspy/hyperspy,2022-06-08,14422.0,rank-1,2354
Python,https://github.com/hyperspy/hyperspy,2022-06-11,14425.0,rank-1,2355
Python,https://github.com/hyperspy/hyperspy,2022-06-15,14426.0,rank-1,2356
Python,https://github.com/hyperspy/hyperspy,2022-06-16,14431.0,rank-1,2360
Python,https://github.com/hyperspy/hyperspy,2022-06-17,14446.0,rank-1,2362
Python,https://github.com/hyperspy/hyperspy,2022-06-18,14452.0,rank-1,2368
Python,https://github.com/hyperspy/hyperspy,2022-07-18,14454.0,rank-1,2370
Python,https://github.com/hyperspy/hyperspy,2022-07-20,14474.0,rank-1,2371
Python,https://github.com/hyperspy/hyperspy,2022-07-21,14478.0,rank-1,2372
Python,https://github.com/hyperspy/hyperspy,2022-07-23,14480.0,rank-1,2374
Python,https://github.com/hyperspy/hyperspy,2022-07-24,14484.0,rank-1,2376
Python,https://github.com/hyperspy/hyperspy,2022-07-25,14488.0,rank-1,2379
Python,https://github.com/hyperspy/hyperspy,2022-07-26,14489.0,rank-1,2380
Python,https://github.com/hyperspy/hyperspy,2022-08-03,14495.0,rank-1,2386
Python,https://github.com/hyperspy/hyperspy,2022-08-14,14496.0,rank-1,2386
Python,https://github.com/hyperspy/hyperspy,2022-08-15,14497.0,rank-1,2387
Python,https://github.com/hyperspy/hyperspy,2022-08-24,14502.0,rank-1,2389
Python,https://github.com/hyperspy/hyperspy,2022-08-27,14506.0,rank-1,2389
Python,https://github.com/hyperspy/hyperspy,2022-08-28,14507.0,rank-1,2390
Python,https://github.com/hyperspy/hyperspy,2022-08-29,14512.0,rank-1,2395
Python,https://github.com/hyperspy/hyperspy,2022-08-30,14516.0,rank-1,2397
Python,https://github.com/hyperspy/hyperspy,2022-08-31,14519.0,rank-1,2400
Python,https://github.com/hyperspy/hyperspy,2022-09-02,14520.0,rank-1,2400
Python,https://github.com/hyperspy/hyperspy,2022-09-05,14522.0,rank-1,2402
Python,https://github.com/hyperspy/hyperspy,2022-09-16,14528.0,rank-1,2406
Python,https://github.com/hyperspy/hyperspy,2022-09-17,14532.0,rank-1,2409
Python,https://github.com/hyperspy/hyperspy,2022-09-18,14535.0,rank-1,2412
Python,https://github.com/hyperspy/hyperspy,2022-09-19,14545.0,rank-1,2419
Python,https://github.com/hyperspy/hyperspy,2022-09-20,14548.0,rank-1,2422
Python,https://github.com/hyperspy/hyperspy,2022-09-24,14554.0,rank-1,2426
Python,https://github.com/hyperspy/hyperspy,2022-09-26,14558.0,rank-1,2428
Python,https://github.com/hyperspy/hyperspy,2022-09-27,14562.0,rank-1,2431
Python,https://github.com/hyperspy/hyperspy,2022-10-01,14563.0,rank-1,2431
Python,https://github.com/hyperspy/hyperspy,2022-10-02,14564.0,rank-1,2431
Python,https://github.com/hyperspy/hyperspy,2022-10-03,14566.0,rank-1,2432
Python,https://github.com/hyperspy/hyperspy,2022-10-09,14568.0,rank-1,2434
Python,https://github.com/hyperspy/hyperspy,2022-10-10,14570.0,rank-1,2435
Python,https://github.com/hyperspy/hyperspy,2022-10-15,14572.0,rank-1,2437
Python,https://github.com/hyperspy/hyperspy,2022-10-17,14574.0,rank-1,2438
Python,https://github.com/hyperspy/hyperspy,2022-10-25,14575.0,rank-1,2438
Python,https://github.com/hyperspy/hyperspy,2022-10-28,14576.0,rank-1,2438
Python,https://github.com/hyperspy/hyperspy,2022-10-29,14583.0,rank-1,2445
Python,https://github.com/hyperspy/hyperspy,2022-11-03,14584.0,rank-1,2445
Python,https://github.com/hyperspy/hyperspy,2022-11-10,14585.0,rank-1,2445
Python,https://github.com/hyperspy/hyperspy,2022-11-12,14586.0,rank-1,2445
Python,https://github.com/hyperspy/hyperspy,2022-11-14,14587.0,rank-1,2445
Python,https://github.com/hyperspy/hyperspy,2022-11-15,14589.0,rank-1,2445
Python,https://github.com/hyperspy/hyperspy,2022-11-16,14590.0,rank-1,2446
Python,https://github.com/hyperspy/hyperspy,2022-11-17,14593.0,rank-1,2446
Python,https://github.com/hyperspy/hyperspy,2022-11-28,14595.0,rank-1,2447
Python,https://github.com/hyperspy/hyperspy,2022-11-29,14596.0,rank-1,2447
Python,https://github.com/hyperspy/hyperspy,2022-12-05,14598.0,rank-1,2447
Python,https://github.com/hyperspy/hyperspy,2022-12-06,14599.0,rank-1,2448
Python,https://github.com/hyperspy/hyperspy,2023-01-05,14603.0,rank-1,2452
Python,https://github.com/hyperspy/hyperspy,2023-01-06,14605.0,rank-1,2454
Python,https://github.com/hyperspy/hyperspy,2023-01-07,14607.0,rank-1,2456
Python,https://github.com/hyperspy/hyperspy,2023-01-13,14609.0,rank-1,2456
Python,https://github.com/hyperspy/hyperspy,2023-01-14,14610.0,rank-1,2457
Python,https://github.com/hyperspy/hyperspy,2023-01-18,14612.0,rank-1,2457
Python,https://github.com/hyperspy/hyperspy,2023-02-14,14613.0,rank-1,2458
Python,https://github.com/hyperspy/hyperspy,2023-02-17,14615.0,rank-1,2460
Python,https://github.com/hyperspy/hyperspy,2023-02-19,14623.0,rank-1,2468
Python,https://github.com/hyperspy/hyperspy,2023-02-20,14624.0,rank-1,2468
Python,https://github.com/hyperspy/hyperspy,2023-02-21,14625.0,rank-1,2469
Python,https://github.com/hyperspy/hyperspy,2023-02-25,14629.0,rank-1,2473
Python,https://github.com/hyperspy/hyperspy,2023-03-08,14631.0,rank-1,2474
Python,https://github.com/hyperspy/hyperspy,2023-03-11,14634.0,rank-1,2477
Python,https://github.com/hyperspy/hyperspy,2023-03-12,14638.0,rank-1,2481
Python,https://github.com/hyperspy/hyperspy,2023-03-13,14639.0,rank-1,2482
Python,https://github.com/hyperspy/hyperspy,2023-03-15,14640.0,rank-1,2482
Python,https://github.com/hyperspy/hyperspy,2023-03-16,14645.0,rank-1,2486
Python,https://github.com/hyperspy/hyperspy,2023-03-17,14648.0,rank-1,2489
Python,https://github.com/hyperspy/hyperspy,2023-03-20,14656.0,rank-1,2493
Python,https://github.com/hyperspy/hyperspy,2023-03-21,14658.0,rank-1,2494
Python,https://github.com/hyperspy/hyperspy,2023-03-22,14662.0,rank-1,2498
Python,https://github.com/hyperspy/hyperspy,2023-03-24,14664.0,rank-1,2500
Python,https://github.com/hyperspy/hyperspy,2023-03-25,14666.0,rank-1,2502
Python,https://github.com/hyperspy/hyperspy,2023-03-27,14667.0,rank-1,2502
Python,https://github.com/hyperspy/hyperspy,2023-04-09,14669.0,rank-1,2504
Python,https://github.com/hyperspy/hyperspy,2023-04-10,14670.0,rank-1,2505
Python,https://github.com/hyperspy/hyperspy,2023-04-11,14674.0,rank-1,2509
Python,https://github.com/hyperspy/hyperspy,2023-04-12,14675.0,rank-1,2509
Python,https://github.com/hyperspy/hyperspy,2023-04-14,14676.0,rank-1,2509
Python,https://github.com/hyperspy/hyperspy,2023-04-22,14677.0,rank-1,2510
Python,https://github.com/hyperspy/hyperspy,2023-04-23,14679.0,rank-1,2512
Python,https://github.com/hyperspy/hyperspy,2023-04-27,14685.0,rank-1,2516
Python,https://github.com/hyperspy/hyperspy,2023-04-29,14686.0,rank-1,2517
Python,https://github.com/hyperspy/hyperspy,2023-05-03,14688.0,rank-1,2519
Python,https://github.com/hyperspy/hyperspy,2023-05-04,14691.0,rank-1,2522
Python,https://github.com/hyperspy/hyperspy,2023-05-05,14693.0,rank-1,2524
Python,https://github.com/hyperspy/hyperspy,2023-05-06,14696.0,rank-1,2527
Python,https://github.com/hyperspy/hyperspy,2010-11-15,8.0,rank-2,0
Python,https://github.com/hyperspy/hyperspy,2010-11-16,11.0,rank-2,0
Python,https://github.com/hyperspy/hyperspy,2010-11-17,18.0,rank-2,0
Python,https://github.com/hyperspy/hyperspy,2010-11-18,28.0,rank-2,0
Python,https://github.com/hyperspy/hyperspy,2010-11-19,34.0,rank-2,0
Python,https://github.com/hyperspy/hyperspy,2010-11-23,35.0,rank-2,0
Python,https://github.com/hyperspy/hyperspy,2010-11-29,37.0,rank-2,0
Python,https://github.com/hyperspy/hyperspy,2010-11-30,43.0,rank-2,0
Python,https://github.com/hyperspy/hyperspy,2010-12-01,46.0,rank-2,0
Python,https://github.com/hyperspy/hyperspy,2010-12-02,47.0,rank-2,0
Python,https://github.com/hyperspy/hyperspy,2010-12-03,48.0,rank-2,0
Python,https://github.com/hyperspy/hyperspy,2010-12-04,50.0,rank-2,0
Python,https://github.com/hyperspy/hyperspy,2010-12-05,51.0,rank-2,0
Python,https://github.com/hyperspy/hyperspy,2010-12-06,52.0,rank-2,0
Python,https://github.com/hyperspy/hyperspy,2010-12-07,54.0,rank-2,0
Python,https://github.com/hyperspy/hyperspy,2010-12-09,61.0,rank-2,0
Python,https://github.com/hyperspy/hyperspy,2010-12-12,62.0,rank-2,0
Python,https://github.com/hyperspy/hyperspy,2010-12-13,65.0,rank-2,0
Python,https://github.com/hyperspy/hyperspy,2010-12-14,70.0,rank-2,0
Python,https://github.com/hyperspy/hyperspy,2010-12-15,72.0,rank-2,0
Python,https://github.com/hyperspy/hyperspy,2010-12-16,73.0,rank-2,0
Python,https://github.com/hyperspy/hyperspy,2010-12-18,77.0,rank-2,0
Python,https://github.com/hyperspy/hyperspy,2011-01-08,79.0,rank-2,0
Python,https://github.com/hyperspy/hyperspy,2011-01-09,81.0,rank-2,0
Python,https://github.com/hyperspy/hyperspy,2011-01-18,82.0,rank-2,0
Python,https://github.com/hyperspy/hyperspy,2011-01-23,83.0,rank-2,0
Python,https://github.com/hyperspy/hyperspy,2011-01-25,85.0,rank-2,0
Python,https://github.com/hyperspy/hyperspy,2011-01-26,88.0,rank-2,0
Python,https://github.com/hyperspy/hyperspy,2011-01-28,93.0,rank-2,0
Python,https://github.com/hyperspy/hyperspy,2011-01-31,94.0,rank-2,0
Python,https://github.com/hyperspy/hyperspy,2011-02-01,97.0,rank-2,0
Python,https://github.com/hyperspy/hyperspy,2011-02-02,100.0,rank-2,0
Python,https://github.com/hyperspy/hyperspy,2011-02-03,104.0,rank-2,0
Python,https://github.com/hyperspy/hyperspy,2011-02-04,105.0,rank-2,0
Python,https://github.com/hyperspy/hyperspy,2011-02-15,106.0,rank-2,0
Python,https://github.com/hyperspy/hyperspy,2011-02-16,109.0,rank-2,0
Python,https://github.com/hyperspy/hyperspy,2011-02-18,111.0,rank-2,0
Python,https://github.com/hyperspy/hyperspy,2011-02-23,112.0,rank-2,0
Python,https://github.com/hyperspy/hyperspy,2011-03-01,117.0,rank-2,0
Python,https://github.com/hyperspy/hyperspy,2011-03-02,120.0,rank-2,0
Python,https://github.com/hyperspy/hyperspy,2011-03-03,123.0,rank-2,0
Python,https://github.com/hyperspy/hyperspy,2011-03-04,129.0,rank-2,0
Python,https://github.com/hyperspy/hyperspy,2011-03-08,130.0,rank-2,0
Python,https://github.com/hyperspy/hyperspy,2011-03-09,134.0,rank-2,0
Python,https://github.com/hyperspy/hyperspy,2011-03-10,135.0,rank-2,0
Python,https://github.com/hyperspy/hyperspy,2011-03-11,136.0,rank-2,0
Python,https://github.com/hyperspy/hyperspy,2011-03-12,139.0,rank-2,0
Python,https://github.com/hyperspy/hyperspy,2011-03-13,158.0,rank-2,0
Python,https://github.com/hyperspy/hyperspy,2011-03-14,161.0,rank-2,0
Python,https://github.com/hyperspy/hyperspy,2011-03-15,165.0,rank-2,0
Python,https://github.com/hyperspy/hyperspy,2011-03-18,169.0,rank-2,0
Python,https://github.com/hyperspy/hyperspy,2011-03-21,173.0,rank-2,0
Python,https://github.com/hyperspy/hyperspy,2011-03-22,193.0,rank-2,0
Python,https://github.com/hyperspy/hyperspy,2011-03-23,209.0,rank-2,0
Python,https://github.com/hyperspy/hyperspy,2011-03-28,217.0,rank-2,0
Python,https://github.com/hyperspy/hyperspy,2011-03-29,225.0,rank-2,0
Python,https://github.com/hyperspy/hyperspy,2011-03-30,232.0,rank-2,0
Python,https://github.com/hyperspy/hyperspy,2011-03-31,242.0,rank-2,0
Python,https://github.com/hyperspy/hyperspy,2011-04-01,251.0,rank-2,0
Python,https://github.com/hyperspy/hyperspy,2011-04-02,256.0,rank-2,0
Python,https://github.com/hyperspy/hyperspy,2011-04-04,260.0,rank-2,0
Python,https://github.com/hyperspy/hyperspy,2011-04-05,273.0,rank-2,0
Python,https://github.com/hyperspy/hyperspy,2011-04-06,278.0,rank-2,0
Python,https://github.com/hyperspy/hyperspy,2011-04-07,289.0,rank-2,0
Python,https://github.com/hyperspy/hyperspy,2011-04-08,306.0,rank-2,0
Python,https://github.com/hyperspy/hyperspy,2011-04-11,308.0,rank-2,0
Python,https://github.com/hyperspy/hyperspy,2011-04-13,320.0,rank-2,0
Python,https://github.com/hyperspy/hyperspy,2011-04-14,326.0,rank-2,0
Python,https://github.com/hyperspy/hyperspy,2011-04-15,332.0,rank-2,0
Python,https://github.com/hyperspy/hyperspy,2011-04-20,334.0,rank-2,0
Python,https://github.com/hyperspy/hyperspy,2011-04-21,337.0,rank-2,0
Python,https://github.com/hyperspy/hyperspy,2011-04-25,339.0,rank-2,0
Python,https://github.com/hyperspy/hyperspy,2011-04-26,341.0,rank-2,0
Python,https://github.com/hyperspy/hyperspy,2011-04-28,343.0,rank-2,0
Python,https://github.com/hyperspy/hyperspy,2011-04-29,345.0,rank-2,0
Python,https://github.com/hyperspy/hyperspy,2011-05-05,347.0,rank-2,0
Python,https://github.com/hyperspy/hyperspy,2011-05-13,354.0,rank-2,0
Python,https://github.com/hyperspy/hyperspy,2011-05-16,356.0,rank-2,0
Python,https://github.com/hyperspy/hyperspy,2011-05-17,358.0,rank-2,0
Python,https://github.com/hyperspy/hyperspy,2011-05-18,361.0,rank-2,0
Python,https://github.com/hyperspy/hyperspy,2011-05-19,363.0,rank-2,0
Python,https://github.com/hyperspy/hyperspy,2011-05-20,364.0,rank-2,0
Python,https://github.com/hyperspy/hyperspy,2011-05-27,365.0,rank-2,0
Python,https://github.com/hyperspy/hyperspy,2011-06-09,369.0,rank-2,0
Python,https://github.com/hyperspy/hyperspy,2011-06-15,372.0,rank-2,0
Python,https://github.com/hyperspy/hyperspy,2011-06-22,374.0,rank-2,0
Python,https://github.com/hyperspy/hyperspy,2011-06-24,375.0,rank-2,0
Python,https://github.com/hyperspy/hyperspy,2011-06-27,380.0,rank-2,0
Python,https://github.com/hyperspy/hyperspy,2011-06-28,383.0,rank-2,0
Python,https://github.com/hyperspy/hyperspy,2011-06-30,392.0,rank-2,0
Python,https://github.com/hyperspy/hyperspy,2011-07-01,395.0,rank-2,0
Python,https://github.com/hyperspy/hyperspy,2011-07-04,398.0,rank-2,0
Python,https://github.com/hyperspy/hyperspy,2011-07-07,405.0,rank-2,0
Python,https://github.com/hyperspy/hyperspy,2011-07-08,412.0,rank-2,0
Python,https://github.com/hyperspy/hyperspy,2011-07-09,416.0,rank-2,0
Python,https://github.com/hyperspy/hyperspy,2011-07-11,431.0,rank-2,0
Python,https://github.com/hyperspy/hyperspy,2011-07-15,432.0,rank-2,0
Python,https://github.com/hyperspy/hyperspy,2011-07-18,438.0,rank-2,0
Python,https://github.com/hyperspy/hyperspy,2011-07-19,442.0,rank-2,0
Python,https://github.com/hyperspy/hyperspy,2011-07-20,454.0,rank-2,0
Python,https://github.com/hyperspy/hyperspy,2011-07-21,456.0,rank-2,0
Python,https://github.com/hyperspy/hyperspy,2011-07-22,461.0,rank-2,0
Python,https://github.com/hyperspy/hyperspy,2011-07-25,475.0,rank-2,0
Python,https://github.com/hyperspy/hyperspy,2011-07-26,487.0,rank-2,0
Python,https://github.com/hyperspy/hyperspy,2011-07-27,489.0,rank-2,0
Python,https://github.com/hyperspy/hyperspy,2011-07-28,495.0,rank-2,0
Python,https://github.com/hyperspy/hyperspy,2011-07-29,503.0,rank-2,0
Python,https://github.com/hyperspy/hyperspy,2011-08-01,522.0,rank-2,0
Python,https://github.com/hyperspy/hyperspy,2011-08-02,526.0,rank-2,0
Python,https://github.com/hyperspy/hyperspy,2011-08-03,531.0,rank-2,0
Python,https://github.com/hyperspy/hyperspy,2011-08-07,537.0,rank-2,0
Python,https://github.com/hyperspy/hyperspy,2011-08-08,547.0,rank-2,0
Python,https://github.com/hyperspy/hyperspy,2011-08-10,548.0,rank-2,0
Python,https://github.com/hyperspy/hyperspy,2011-08-12,550.0,rank-2,0
Python,https://github.com/hyperspy/hyperspy,2011-08-15,555.0,rank-2,0
Python,https://github.com/hyperspy/hyperspy,2011-08-16,561.0,rank-2,0
Python,https://github.com/hyperspy/hyperspy,2011-08-17,577.0,rank-2,0
Python,https://github.com/hyperspy/hyperspy,2011-08-18,611.0,rank-2,0
Python,https://github.com/hyperspy/hyperspy,2011-08-19,622.0,rank-2,0
Python,https://github.com/hyperspy/hyperspy,2011-08-21,646.0,rank-2,0
Python,https://github.com/hyperspy/hyperspy,2011-08-22,659.0,rank-2,0
Python,https://github.com/hyperspy/hyperspy,2011-08-23,662.0,rank-2,0
Python,https://github.com/hyperspy/hyperspy,2011-08-26,665.0,rank-2,0
Python,https://github.com/hyperspy/hyperspy,2011-08-27,667.0,rank-2,0
Python,https://github.com/hyperspy/hyperspy,2011-08-28,675.0,rank-2,0
Python,https://github.com/hyperspy/hyperspy,2011-08-31,684.0,rank-2,0
Python,https://github.com/hyperspy/hyperspy,2011-09-01,689.0,rank-2,0
Python,https://github.com/hyperspy/hyperspy,2011-09-02,694.0,rank-2,0
Python,https://github.com/hyperspy/hyperspy,2011-09-04,698.0,rank-2,0
Python,https://github.com/hyperspy/hyperspy,2011-09-05,701.0,rank-2,0
Python,https://github.com/hyperspy/hyperspy,2011-09-06,707.0,rank-2,0
Python,https://github.com/hyperspy/hyperspy,2011-09-07,709.0,rank-2,0
Python,https://github.com/hyperspy/hyperspy,2011-09-08,711.0,rank-2,0
Python,https://github.com/hyperspy/hyperspy,2011-09-12,715.0,rank-2,0
Python,https://github.com/hyperspy/hyperspy,2011-09-13,718.0,rank-2,0
Python,https://github.com/hyperspy/hyperspy,2011-09-16,719.0,rank-2,0
Python,https://github.com/hyperspy/hyperspy,2011-09-19,724.0,rank-2,0
Python,https://github.com/hyperspy/hyperspy,2011-09-20,733.0,rank-2,0
Python,https://github.com/hyperspy/hyperspy,2011-09-21,747.0,rank-2,0
Python,https://github.com/hyperspy/hyperspy,2011-09-22,754.0,rank-2,0
Python,https://github.com/hyperspy/hyperspy,2011-09-23,766.0,rank-2,0
Python,https://github.com/hyperspy/hyperspy,2011-09-26,773.0,rank-2,0
Python,https://github.com/hyperspy/hyperspy,2011-09-27,777.0,rank-2,0
Python,https://github.com/hyperspy/hyperspy,2011-09-28,780.0,rank-2,0
Python,https://github.com/hyperspy/hyperspy,2011-09-29,790.0,rank-2,0
Python,https://github.com/hyperspy/hyperspy,2011-09-30,792.0,rank-2,0
Python,https://github.com/hyperspy/hyperspy,2011-10-04,793.0,rank-2,0
Python,https://github.com/hyperspy/hyperspy,2011-10-05,802.0,rank-2,0
Python,https://github.com/hyperspy/hyperspy,2011-10-06,806.0,rank-2,0
Python,https://github.com/hyperspy/hyperspy,2011-10-10,814.0,rank-2,0
Python,https://github.com/hyperspy/hyperspy,2011-10-13,823.0,rank-2,0
Python,https://github.com/hyperspy/hyperspy,2011-10-14,840.0,rank-2,0
Python,https://github.com/hyperspy/hyperspy,2011-10-17,854.0,rank-2,0
Python,https://github.com/hyperspy/hyperspy,2011-10-18,873.0,rank-2,0
Python,https://github.com/hyperspy/hyperspy,2011-10-19,893.0,rank-2,0
Python,https://github.com/hyperspy/hyperspy,2011-10-20,910.0,rank-2,0
Python,https://github.com/hyperspy/hyperspy,2011-10-21,927.0,rank-2,0
Python,https://github.com/hyperspy/hyperspy,2011-10-22,936.0,rank-2,0
Python,https://github.com/hyperspy/hyperspy,2011-10-23,954.0,rank-2,0
Python,https://github.com/hyperspy/hyperspy,2011-10-24,955.0,rank-2,0
Python,https://github.com/hyperspy/hyperspy,2011-10-25,956.0,rank-2,0
Python,https://github.com/hyperspy/hyperspy,2011-10-26,962.0,rank-2,0
Python,https://github.com/hyperspy/hyperspy,2011-10-27,970.0,rank-2,0
Python,https://github.com/hyperspy/hyperspy,2011-11-02,974.0,rank-2,0
Python,https://github.com/hyperspy/hyperspy,2011-11-03,978.0,rank-2,0
Python,https://github.com/hyperspy/hyperspy,2011-11-04,985.0,rank-2,0
Python,https://github.com/hyperspy/hyperspy,2011-11-05,986.0,rank-2,0
Python,https://github.com/hyperspy/hyperspy,2011-11-07,991.0,rank-2,0
Python,https://github.com/hyperspy/hyperspy,2011-11-10,993.0,rank-2,0
Python,https://github.com/hyperspy/hyperspy,2011-11-18,994.0,rank-2,0
Python,https://github.com/hyperspy/hyperspy,2011-11-21,997.0,rank-2,0
Python,https://github.com/hyperspy/hyperspy,2011-11-22,1000.0,rank-2,0
Python,https://github.com/hyperspy/hyperspy,2011-11-25,1003.0,rank-2,0
Python,https://github.com/hyperspy/hyperspy,2011-11-29,1012.0,rank-2,0
Python,https://github.com/hyperspy/hyperspy,2011-11-30,1013.0,rank-2,0
Python,https://github.com/hyperspy/hyperspy,2011-12-01,1015.0,rank-2,0
Python,https://github.com/hyperspy/hyperspy,2011-12-02,1025.0,rank-2,0
Python,https://github.com/hyperspy/hyperspy,2011-12-05,1029.0,rank-2,0
Python,https://github.com/hyperspy/hyperspy,2011-12-06,1035.0,rank-2,0
Python,https://github.com/hyperspy/hyperspy,2011-12-07,1042.0,rank-2,0
Python,https://github.com/hyperspy/hyperspy,2011-12-08,1043.0,rank-2,0
Python,https://github.com/hyperspy/hyperspy,2011-12-09,1047.0,rank-2,0
Python,https://github.com/hyperspy/hyperspy,2011-12-12,1051.0,rank-2,0
Python,https://github.com/hyperspy/hyperspy,2011-12-14,1053.0,rank-2,0
Python,https://github.com/hyperspy/hyperspy,2011-12-15,1056.0,rank-2,0
Python,https://github.com/hyperspy/hyperspy,2011-12-20,1059.0,rank-2,0
Python,https://github.com/hyperspy/hyperspy,2011-12-21,1060.0,rank-2,0
Python,https://github.com/hyperspy/hyperspy,2012-01-05,1061.0,rank-2,0
Python,https://github.com/hyperspy/hyperspy,2012-02-10,1062.0,rank-2,0
Python,https://github.com/hyperspy/hyperspy,2012-02-20,1066.0,rank-2,0
Python,https://github.com/hyperspy/hyperspy,2012-02-22,1069.0,rank-2,0
Python,https://github.com/hyperspy/hyperspy,2012-02-23,1070.0,rank-2,0
Python,https://github.com/hyperspy/hyperspy,2012-02-24,1074.0,rank-2,0
Python,https://github.com/hyperspy/hyperspy,2012-02-27,1078.0,rank-2,0
Python,https://github.com/hyperspy/hyperspy,2012-02-28,1088.0,rank-2,0
Python,https://github.com/hyperspy/hyperspy,2012-02-29,1099.0,rank-2,0
Python,https://github.com/hyperspy/hyperspy,2012-03-01,1100.0,rank-2,0
Python,https://github.com/hyperspy/hyperspy,2012-04-02,1102.0,rank-2,0
Python,https://github.com/hyperspy/hyperspy,2012-04-04,1104.0,rank-2,0
Python,https://github.com/hyperspy/hyperspy,2012-04-05,1114.0,rank-2,0
Python,https://github.com/hyperspy/hyperspy,2012-04-10,1118.0,rank-2,0
Python,https://github.com/hyperspy/hyperspy,2012-04-11,1122.0,rank-2,0
Python,https://github.com/hyperspy/hyperspy,2012-04-12,1126.0,rank-2,0
Python,https://github.com/hyperspy/hyperspy,2012-04-13,1137.0,rank-2,0
Python,https://github.com/hyperspy/hyperspy,2012-04-16,1149.0,rank-2,0
Python,https://github.com/hyperspy/hyperspy,2012-04-17,1150.0,rank-2,0
Python,https://github.com/hyperspy/hyperspy,2012-04-18,1154.0,rank-2,0
Python,https://github.com/hyperspy/hyperspy,2012-05-07,1155.0,rank-2,0
Python,https://github.com/hyperspy/hyperspy,2012-05-17,1156.0,rank-2,0
Python,https://github.com/hyperspy/hyperspy,2012-05-20,1157.0,rank-2,0
Python,https://github.com/hyperspy/hyperspy,2012-05-22,1159.0,rank-2,0
Python,https://github.com/hyperspy/hyperspy,2012-05-31,1163.0,rank-2,0
Python,https://github.com/hyperspy/hyperspy,2012-06-04,1164.0,rank-2,0
Python,https://github.com/hyperspy/hyperspy,2012-06-07,1167.0,rank-2,0
Python,https://github.com/hyperspy/hyperspy,2012-06-08,1168.0,rank-2,0
Python,https://github.com/hyperspy/hyperspy,2012-06-11,1174.0,rank-2,0
Python,https://github.com/hyperspy/hyperspy,2012-06-12,1177.0,rank-2,0
Python,https://github.com/hyperspy/hyperspy,2012-06-14,1178.0,rank-2,0
Python,https://github.com/hyperspy/hyperspy,2012-06-20,1179.0,rank-2,0
Python,https://github.com/hyperspy/hyperspy,2012-06-22,1180.0,rank-2,0
Python,https://github.com/hyperspy/hyperspy,2012-06-25,1184.0,rank-2,0
Python,https://github.com/hyperspy/hyperspy,2012-06-28,1185.0,rank-2,0
Python,https://github.com/hyperspy/hyperspy,2012-07-02,1188.0,rank-2,0
Python,https://github.com/hyperspy/hyperspy,2012-07-03,1192.0,rank-2,0
Python,https://github.com/hyperspy/hyperspy,2012-07-04,1193.0,rank-2,0
Python,https://github.com/hyperspy/hyperspy,2012-07-09,1198.0,rank-2,0
Python,https://github.com/hyperspy/hyperspy,2012-07-10,1202.0,rank-2,0
Python,https://github.com/hyperspy/hyperspy,2012-07-11,1206.0,rank-2,0
Python,https://github.com/hyperspy/hyperspy,2012-07-12,1208.0,rank-2,0
Python,https://github.com/hyperspy/hyperspy,2012-07-13,1212.0,rank-2,0
Python,https://github.com/hyperspy/hyperspy,2012-07-18,1214.0,rank-2,0
Python,https://github.com/hyperspy/hyperspy,2012-07-24,1217.0,rank-2,0
Python,https://github.com/hyperspy/hyperspy,2012-07-25,1218.0,rank-2,0
Python,https://github.com/hyperspy/hyperspy,2012-07-26,1220.0,rank-2,0
Python,https://github.com/hyperspy/hyperspy,2012-07-27,1221.0,rank-2,0
Python,https://github.com/hyperspy/hyperspy,2012-07-31,1227.0,rank-2,0
Python,https://github.com/hyperspy/hyperspy,2012-08-01,1228.0,rank-2,0
Python,https://github.com/hyperspy/hyperspy,2012-08-02,1230.0,rank-2,0
Python,https://github.com/hyperspy/hyperspy,2012-08-03,1231.0,rank-2,0
Python,https://github.com/hyperspy/hyperspy,2012-08-08,1233.0,rank-2,0
Python,https://github.com/hyperspy/hyperspy,2012-08-09,1235.0,rank-2,0
Python,https://github.com/hyperspy/hyperspy,2012-08-10,1237.0,rank-2,0
Python,https://github.com/hyperspy/hyperspy,2012-08-22,1238.0,rank-2,0
Python,https://github.com/hyperspy/hyperspy,2012-08-24,1240.0,rank-2,0
Python,https://github.com/hyperspy/hyperspy,2012-08-27,1256.0,rank-2,0
Python,https://github.com/hyperspy/hyperspy,2012-08-28,1262.0,rank-2,0
Python,https://github.com/hyperspy/hyperspy,2012-08-29,1268.0,rank-2,0
Python,https://github.com/hyperspy/hyperspy,2012-08-30,1269.0,rank-2,0
Python,https://github.com/hyperspy/hyperspy,2012-08-31,1273.0,rank-2,0
Python,https://github.com/hyperspy/hyperspy,2012-09-02,1274.0,rank-2,0
Python,https://github.com/hyperspy/hyperspy,2012-09-03,1282.0,rank-2,0
Python,https://github.com/hyperspy/hyperspy,2012-09-04,1293.0,rank-2,0
Python,https://github.com/hyperspy/hyperspy,2012-09-05,1303.0,rank-2,0
Python,https://github.com/hyperspy/hyperspy,2012-09-06,1314.0,rank-2,0
Python,https://github.com/hyperspy/hyperspy,2012-09-07,1323.0,rank-2,0
Python,https://github.com/hyperspy/hyperspy,2012-09-08,1325.0,rank-2,0
Python,https://github.com/hyperspy/hyperspy,2012-09-09,1326.0,rank-2,0
Python,https://github.com/hyperspy/hyperspy,2012-09-10,1328.0,rank-2,0
Python,https://github.com/hyperspy/hyperspy,2012-09-12,1332.0,rank-2,0
Python,https://github.com/hyperspy/hyperspy,2012-09-19,1333.0,rank-2,0
Python,https://github.com/hyperspy/hyperspy,2012-09-20,1334.0,rank-2,0
Python,https://github.com/hyperspy/hyperspy,2012-09-21,1335.0,rank-2,0
Python,https://github.com/hyperspy/hyperspy,2012-09-25,1343.0,rank-2,0
Python,https://github.com/hyperspy/hyperspy,2012-09-26,1346.0,rank-2,0
Python,https://github.com/hyperspy/hyperspy,2012-09-27,1349.0,rank-2,0
Python,https://github.com/hyperspy/hyperspy,2012-09-28,1354.0,rank-2,0
Python,https://github.com/hyperspy/hyperspy,2012-10-01,1355.0,rank-2,0
Python,https://github.com/hyperspy/hyperspy,2012-10-02,1357.0,rank-2,0
Python,https://github.com/hyperspy/hyperspy,2012-10-08,1361.0,rank-2,0
Python,https://github.com/hyperspy/hyperspy,2012-10-09,1365.0,rank-2,0
Python,https://github.com/hyperspy/hyperspy,2012-10-10,1368.0,rank-2,0
Python,https://github.com/hyperspy/hyperspy,2012-10-11,1370.0,rank-2,0
Python,https://github.com/hyperspy/hyperspy,2012-10-12,1372.0,rank-2,0
Python,https://github.com/hyperspy/hyperspy,2012-10-15,1373.0,rank-2,0
Python,https://github.com/hyperspy/hyperspy,2012-10-19,1374.0,rank-2,0
Python,https://github.com/hyperspy/hyperspy,2012-10-25,1377.0,rank-2,0
Python,https://github.com/hyperspy/hyperspy,2012-10-26,1381.0,rank-2,0
Python,https://github.com/hyperspy/hyperspy,2012-10-28,1385.0,rank-2,0
Python,https://github.com/hyperspy/hyperspy,2012-10-29,1392.0,rank-2,0
Python,https://github.com/hyperspy/hyperspy,2012-10-30,1405.0,rank-2,0
Python,https://github.com/hyperspy/hyperspy,2012-11-15,1406.0,rank-2,0
Python,https://github.com/hyperspy/hyperspy,2012-11-27,1408.0,rank-2,0
Python,https://github.com/hyperspy/hyperspy,2012-11-29,1409.0,rank-2,0
Python,https://github.com/hyperspy/hyperspy,2012-11-30,1410.0,rank-2,0
Python,https://github.com/hyperspy/hyperspy,2012-12-04,1413.0,rank-2,0
Python,https://github.com/hyperspy/hyperspy,2012-12-05,1414.0,rank-2,0
Python,https://github.com/hyperspy/hyperspy,2012-12-06,1419.0,rank-2,0
Python,https://github.com/hyperspy/hyperspy,2012-12-07,1427.0,rank-2,0
Python,https://github.com/hyperspy/hyperspy,2012-12-08,1429.0,rank-2,0
Python,https://github.com/hyperspy/hyperspy,2012-12-10,1430.0,rank-2,0
Python,https://github.com/hyperspy/hyperspy,2012-12-11,1437.0,rank-2,0
Python,https://github.com/hyperspy/hyperspy,2012-12-12,1439.0,rank-2,0
Python,https://github.com/hyperspy/hyperspy,2012-12-13,1446.0,rank-2,0
Python,https://github.com/hyperspy/hyperspy,2012-12-14,1450.0,rank-2,0
Python,https://github.com/hyperspy/hyperspy,2012-12-20,1451.0,rank-2,0
Python,https://github.com/hyperspy/hyperspy,2013-01-07,1453.0,rank-2,0
Python,https://github.com/hyperspy/hyperspy,2013-01-10,1454.0,rank-2,0
Python,https://github.com/hyperspy/hyperspy,2013-01-11,1455.0,rank-2,0
Python,https://github.com/hyperspy/hyperspy,2013-01-16,1462.0,rank-2,0
Python,https://github.com/hyperspy/hyperspy,2013-01-17,1471.0,rank-2,0
Python,https://github.com/hyperspy/hyperspy,2013-01-18,1476.0,rank-2,0
Python,https://github.com/hyperspy/hyperspy,2013-01-24,1483.0,rank-2,0
Python,https://github.com/hyperspy/hyperspy,2013-01-25,1493.0,rank-2,0
Python,https://github.com/hyperspy/hyperspy,2013-01-28,1502.0,rank-2,0
Python,https://github.com/hyperspy/hyperspy,2013-01-29,1508.0,rank-2,0
Python,https://github.com/hyperspy/hyperspy,2013-01-30,1512.0,rank-2,0
Python,https://github.com/hyperspy/hyperspy,2013-01-31,1521.0,rank-2,0
Python,https://github.com/hyperspy/hyperspy,2013-02-07,1523.0,rank-2,0
Python,https://github.com/hyperspy/hyperspy,2013-02-12,1530.0,rank-2,0
Python,https://github.com/hyperspy/hyperspy,2013-02-14,1538.0,rank-2,0
Python,https://github.com/hyperspy/hyperspy,2013-02-15,1540.0,rank-2,0
Python,https://github.com/hyperspy/hyperspy,2013-02-18,1542.0,rank-2,0
Python,https://github.com/hyperspy/hyperspy,2013-02-19,1549.0,rank-2,0
Python,https://github.com/hyperspy/hyperspy,2013-02-20,1554.0,rank-2,0
Python,https://github.com/hyperspy/hyperspy,2013-02-21,1556.0,rank-2,0
Python,https://github.com/hyperspy/hyperspy,2013-02-22,1558.0,rank-2,0
Python,https://github.com/hyperspy/hyperspy,2013-02-23,1559.0,rank-2,0
Python,https://github.com/hyperspy/hyperspy,2013-02-27,1562.0,rank-2,0
Python,https://github.com/hyperspy/hyperspy,2013-02-28,1564.0,rank-2,0
Python,https://github.com/hyperspy/hyperspy,2013-03-01,1568.0,rank-2,0
Python,https://github.com/hyperspy/hyperspy,2013-03-04,1569.0,rank-2,0
Python,https://github.com/hyperspy/hyperspy,2013-03-05,1571.0,rank-2,0
Python,https://github.com/hyperspy/hyperspy,2013-03-06,1575.0,rank-2,0
Python,https://github.com/hyperspy/hyperspy,2013-03-07,1581.0,rank-2,0
Python,https://github.com/hyperspy/hyperspy,2013-03-13,1582.0,rank-2,0
Python,https://github.com/hyperspy/hyperspy,2013-03-14,1588.0,rank-2,0
Python,https://github.com/hyperspy/hyperspy,2013-03-15,1598.0,rank-2,0
Python,https://github.com/hyperspy/hyperspy,2013-03-16,1601.0,rank-2,0
Python,https://github.com/hyperspy/hyperspy,2013-03-18,1610.0,rank-2,0
Python,https://github.com/hyperspy/hyperspy,2013-03-19,1624.0,rank-2,0
Python,https://github.com/hyperspy/hyperspy,2013-03-20,1627.0,rank-2,0
Python,https://github.com/hyperspy/hyperspy,2013-03-21,1631.0,rank-2,0
Python,https://github.com/hyperspy/hyperspy,2013-03-25,1638.0,rank-2,0
Python,https://github.com/hyperspy/hyperspy,2013-03-27,1642.0,rank-2,0
Python,https://github.com/hyperspy/hyperspy,2013-03-28,1647.0,rank-2,0
Python,https://github.com/hyperspy/hyperspy,2013-03-30,1651.0,rank-2,0
Python,https://github.com/hyperspy/hyperspy,2013-03-31,1653.0,rank-2,0
Python,https://github.com/hyperspy/hyperspy,2013-04-01,1660.0,rank-2,0
Python,https://github.com/hyperspy/hyperspy,2013-04-02,1665.0,rank-2,0
Python,https://github.com/hyperspy/hyperspy,2013-04-03,1666.0,rank-2,0
Python,https://github.com/hyperspy/hyperspy,2013-04-04,1668.0,rank-2,0
Python,https://github.com/hyperspy/hyperspy,2013-04-09,1673.0,rank-2,0
Python,https://github.com/hyperspy/hyperspy,2013-04-10,1677.0,rank-2,0
Python,https://github.com/hyperspy/hyperspy,2013-04-11,1678.0,rank-2,0
Python,https://github.com/hyperspy/hyperspy,2013-04-12,1679.0,rank-2,0
Python,https://github.com/hyperspy/hyperspy,2013-04-17,1686.0,rank-2,0
Python,https://github.com/hyperspy/hyperspy,2013-04-18,1689.0,rank-2,0
Python,https://github.com/hyperspy/hyperspy,2013-04-19,1691.0,rank-2,0
Python,https://github.com/hyperspy/hyperspy,2013-04-23,1693.0,rank-2,0
Python,https://github.com/hyperspy/hyperspy,2013-04-26,1694.0,rank-2,0
Python,https://github.com/hyperspy/hyperspy,2013-05-07,1697.0,rank-2,0
Python,https://github.com/hyperspy/hyperspy,2013-05-08,1701.0,rank-2,0
Python,https://github.com/hyperspy/hyperspy,2013-05-09,1704.0,rank-2,0
Python,https://github.com/hyperspy/hyperspy,2013-05-10,1710.0,rank-2,0
Python,https://github.com/hyperspy/hyperspy,2013-05-11,1716.0,rank-2,0
Python,https://github.com/hyperspy/hyperspy,2013-05-12,1720.0,rank-2,0
Python,https://github.com/hyperspy/hyperspy,2013-05-13,1730.0,rank-2,0
Python,https://github.com/hyperspy/hyperspy,2013-05-14,1736.0,rank-2,0
Python,https://github.com/hyperspy/hyperspy,2013-05-15,1738.0,rank-2,0
Python,https://github.com/hyperspy/hyperspy,2013-05-17,1743.0,rank-2,0
Python,https://github.com/hyperspy/hyperspy,2013-05-19,1751.0,rank-2,0
Python,https://github.com/hyperspy/hyperspy,2013-05-20,1773.0,rank-2,0
Python,https://github.com/hyperspy/hyperspy,2013-05-21,1783.0,rank-2,0
Python,https://github.com/hyperspy/hyperspy,2013-05-22,1803.0,rank-2,0
Python,https://github.com/hyperspy/hyperspy,2013-05-23,1829.0,rank-2,0
Python,https://github.com/hyperspy/hyperspy,2013-05-24,1835.0,rank-2,0
Python,https://github.com/hyperspy/hyperspy,2013-05-25,1845.0,rank-2,0
Python,https://github.com/hyperspy/hyperspy,2013-05-27,1846.0,rank-2,0
Python,https://github.com/hyperspy/hyperspy,2013-06-03,1852.0,rank-2,0
Python,https://github.com/hyperspy/hyperspy,2013-06-04,1859.0,rank-2,0
Python,https://github.com/hyperspy/hyperspy,2013-06-05,1868.0,rank-2,0
Python,https://github.com/hyperspy/hyperspy,2013-06-06,1876.0,rank-2,0
Python,https://github.com/hyperspy/hyperspy,2013-06-07,1882.0,rank-2,0
Python,https://github.com/hyperspy/hyperspy,2013-06-10,1883.0,rank-2,0
Python,https://github.com/hyperspy/hyperspy,2013-06-11,1884.0,rank-2,0
Python,https://github.com/hyperspy/hyperspy,2013-06-12,1887.0,rank-2,0
Python,https://github.com/hyperspy/hyperspy,2013-06-13,1894.0,rank-2,0
Python,https://github.com/hyperspy/hyperspy,2013-06-14,1896.0,rank-2,0
Python,https://github.com/hyperspy/hyperspy,2013-06-17,1897.0,rank-2,0
Python,https://github.com/hyperspy/hyperspy,2013-06-19,1898.0,rank-2,0
Python,https://github.com/hyperspy/hyperspy,2013-06-20,1899.0,rank-2,0
Python,https://github.com/hyperspy/hyperspy,2013-06-21,1900.0,rank-2,0
Python,https://github.com/hyperspy/hyperspy,2013-06-24,1909.0,rank-2,0
Python,https://github.com/hyperspy/hyperspy,2013-06-25,1925.0,rank-2,0
Python,https://github.com/hyperspy/hyperspy,2013-06-26,1933.0,rank-2,0
Python,https://github.com/hyperspy/hyperspy,2013-06-27,1942.0,rank-2,0
Python,https://github.com/hyperspy/hyperspy,2013-06-28,1962.0,rank-2,0
Python,https://github.com/hyperspy/hyperspy,2013-06-29,1965.0,rank-2,0
Python,https://github.com/hyperspy/hyperspy,2013-06-30,1979.0,rank-2,0
Python,https://github.com/hyperspy/hyperspy,2013-07-01,1983.0,rank-2,0
Python,https://github.com/hyperspy/hyperspy,2013-07-02,1984.0,rank-2,0
Python,https://github.com/hyperspy/hyperspy,2013-07-08,1985.0,rank-2,0
Python,https://github.com/hyperspy/hyperspy,2013-07-09,1989.0,rank-2,0
Python,https://github.com/hyperspy/hyperspy,2013-07-10,1999.0,rank-2,0
Python,https://github.com/hyperspy/hyperspy,2013-07-11,2005.0,rank-2,0
Python,https://github.com/hyperspy/hyperspy,2013-07-12,2009.0,rank-2,0
Python,https://github.com/hyperspy/hyperspy,2013-07-16,2011.0,rank-2,0
Python,https://github.com/hyperspy/hyperspy,2013-07-17,2019.0,rank-2,0
Python,https://github.com/hyperspy/hyperspy,2013-07-18,2027.0,rank-2,0
Python,https://github.com/hyperspy/hyperspy,2013-07-19,2030.0,rank-2,0
Python,https://github.com/hyperspy/hyperspy,2013-07-25,2032.0,rank-2,0
Python,https://github.com/hyperspy/hyperspy,2013-07-29,2034.0,rank-2,0
Python,https://github.com/hyperspy/hyperspy,2013-07-30,2035.0,rank-2,0
Python,https://github.com/hyperspy/hyperspy,2013-08-01,2044.0,rank-2,0
Python,https://github.com/hyperspy/hyperspy,2013-08-02,2054.0,rank-2,0
Python,https://github.com/hyperspy/hyperspy,2013-08-05,2062.0,rank-2,0
Python,https://github.com/hyperspy/hyperspy,2013-08-06,2074.0,rank-2,0
Python,https://github.com/hyperspy/hyperspy,2013-08-07,2078.0,rank-2,0
Python,https://github.com/hyperspy/hyperspy,2013-08-08,2081.0,rank-2,0
Python,https://github.com/hyperspy/hyperspy,2013-08-14,2084.0,rank-2,0
Python,https://github.com/hyperspy/hyperspy,2013-08-21,2087.0,rank-2,0
Python,https://github.com/hyperspy/hyperspy,2013-08-28,2089.0,rank-2,0
Python,https://github.com/hyperspy/hyperspy,2013-08-30,2093.0,rank-2,0
Python,https://github.com/hyperspy/hyperspy,2013-09-02,2100.0,rank-2,0
Python,https://github.com/hyperspy/hyperspy,2013-09-03,2112.0,rank-2,0
Python,https://github.com/hyperspy/hyperspy,2013-09-04,2119.0,rank-2,0
Python,https://github.com/hyperspy/hyperspy,2013-09-05,2125.0,rank-2,0
Python,https://github.com/hyperspy/hyperspy,2013-09-06,2130.0,rank-2,0
Python,https://github.com/hyperspy/hyperspy,2013-09-10,2132.0,rank-2,0
Python,https://github.com/hyperspy/hyperspy,2013-09-11,2133.0,rank-2,0
Python,https://github.com/hyperspy/hyperspy,2013-09-17,2136.0,rank-2,0
Python,https://github.com/hyperspy/hyperspy,2013-09-19,2137.0,rank-2,0
Python,https://github.com/hyperspy/hyperspy,2013-09-23,2138.0,rank-2,0
Python,https://github.com/hyperspy/hyperspy,2013-09-24,2139.0,rank-2,0
Python,https://github.com/hyperspy/hyperspy,2013-09-25,2144.0,rank-2,0
Python,https://github.com/hyperspy/hyperspy,2013-10-03,2150.0,rank-2,0
Python,https://github.com/hyperspy/hyperspy,2013-10-08,2152.0,rank-2,0
Python,https://github.com/hyperspy/hyperspy,2013-10-09,2157.0,rank-2,0
Python,https://github.com/hyperspy/hyperspy,2013-10-10,2163.0,rank-2,0
Python,https://github.com/hyperspy/hyperspy,2013-10-14,2164.0,rank-2,0
Python,https://github.com/hyperspy/hyperspy,2013-10-17,2165.0,rank-2,0
Python,https://github.com/hyperspy/hyperspy,2013-10-23,2168.0,rank-2,0
Python,https://github.com/hyperspy/hyperspy,2013-10-25,2172.0,rank-2,0
Python,https://github.com/hyperspy/hyperspy,2013-10-28,2173.0,rank-2,0
Python,https://github.com/hyperspy/hyperspy,2013-10-29,2175.0,rank-2,0
Python,https://github.com/hyperspy/hyperspy,2013-11-04,2178.0,rank-2,0
Python,https://github.com/hyperspy/hyperspy,2013-11-05,2181.0,rank-2,0
Python,https://github.com/hyperspy/hyperspy,2013-11-11,2184.0,rank-2,0
Python,https://github.com/hyperspy/hyperspy,2013-11-18,2190.0,rank-2,0
Python,https://github.com/hyperspy/hyperspy,2013-11-19,2191.0,rank-2,0
Python,https://github.com/hyperspy/hyperspy,2013-11-20,2195.0,rank-2,0
Python,https://github.com/hyperspy/hyperspy,2013-11-21,2196.0,rank-2,0
Python,https://github.com/hyperspy/hyperspy,2013-11-22,2208.0,rank-2,0
Python,https://github.com/hyperspy/hyperspy,2013-11-27,2210.0,rank-2,0
Python,https://github.com/hyperspy/hyperspy,2013-12-04,2213.0,rank-2,0
Python,https://github.com/hyperspy/hyperspy,2013-12-05,2215.0,rank-2,0
Python,https://github.com/hyperspy/hyperspy,2013-12-06,2218.0,rank-2,0
Python,https://github.com/hyperspy/hyperspy,2013-12-09,2221.0,rank-2,0
Python,https://github.com/hyperspy/hyperspy,2013-12-10,2222.0,rank-2,0
Python,https://github.com/hyperspy/hyperspy,2013-12-11,2228.0,rank-2,0
Python,https://github.com/hyperspy/hyperspy,2013-12-12,2235.0,rank-2,0
Python,https://github.com/hyperspy/hyperspy,2013-12-13,2244.0,rank-2,0
Python,https://github.com/hyperspy/hyperspy,2013-12-16,2255.0,rank-2,0
Python,https://github.com/hyperspy/hyperspy,2013-12-17,2256.0,rank-2,0
Python,https://github.com/hyperspy/hyperspy,2013-12-18,2263.0,rank-2,0
Python,https://github.com/hyperspy/hyperspy,2013-12-19,2265.0,rank-2,0
Python,https://github.com/hyperspy/hyperspy,2013-12-20,2268.0,rank-2,0
Python,https://github.com/hyperspy/hyperspy,2014-01-03,2272.0,rank-2,0
Python,https://github.com/hyperspy/hyperspy,2014-01-06,2276.0,rank-2,0
Python,https://github.com/hyperspy/hyperspy,2014-01-07,2287.0,rank-2,0
Python,https://github.com/hyperspy/hyperspy,2014-01-08,2297.0,rank-2,0
Python,https://github.com/hyperspy/hyperspy,2014-01-09,2311.0,rank-2,0
Python,https://github.com/hyperspy/hyperspy,2014-01-10,2313.0,rank-2,0
Python,https://github.com/hyperspy/hyperspy,2014-01-12,2314.0,rank-2,0
Python,https://github.com/hyperspy/hyperspy,2014-01-17,2318.0,rank-2,0
Python,https://github.com/hyperspy/hyperspy,2014-01-18,2319.0,rank-2,0
Python,https://github.com/hyperspy/hyperspy,2014-01-20,2320.0,rank-2,0
Python,https://github.com/hyperspy/hyperspy,2014-01-21,2325.0,rank-2,0
Python,https://github.com/hyperspy/hyperspy,2014-01-22,2330.0,rank-2,0
Python,https://github.com/hyperspy/hyperspy,2014-01-24,2343.0,rank-2,0
Python,https://github.com/hyperspy/hyperspy,2014-01-28,2350.0,rank-2,0
Python,https://github.com/hyperspy/hyperspy,2014-01-29,2356.0,rank-2,0
Python,https://github.com/hyperspy/hyperspy,2014-01-30,2358.0,rank-2,0
Python,https://github.com/hyperspy/hyperspy,2014-01-31,2367.0,rank-2,0
Python,https://github.com/hyperspy/hyperspy,2014-02-03,2370.0,rank-2,0
Python,https://github.com/hyperspy/hyperspy,2014-02-06,2380.0,rank-2,0
Python,https://github.com/hyperspy/hyperspy,2014-02-07,2385.0,rank-2,0
Python,https://github.com/hyperspy/hyperspy,2014-02-10,2393.0,rank-2,0
Python,https://github.com/hyperspy/hyperspy,2014-02-11,2403.0,rank-2,0
Python,https://github.com/hyperspy/hyperspy,2014-02-12,2415.0,rank-2,0
Python,https://github.com/hyperspy/hyperspy,2014-02-13,2440.0,rank-2,0
Python,https://github.com/hyperspy/hyperspy,2014-02-14,2455.0,rank-2,0
Python,https://github.com/hyperspy/hyperspy,2014-02-17,2470.0,rank-2,0
Python,https://github.com/hyperspy/hyperspy,2014-02-18,2513.0,rank-2,0
Python,https://github.com/hyperspy/hyperspy,2014-02-19,2545.0,rank-2,0
Python,https://github.com/hyperspy/hyperspy,2014-02-20,2598.0,rank-2,0
Python,https://github.com/hyperspy/hyperspy,2014-02-21,2649.0,rank-2,0
Python,https://github.com/hyperspy/hyperspy,2014-02-24,2654.0,rank-2,0
Python,https://github.com/hyperspy/hyperspy,2014-02-25,2672.0,rank-2,0
Python,https://github.com/hyperspy/hyperspy,2014-02-26,2683.0,rank-2,0
Python,https://github.com/hyperspy/hyperspy,2014-02-27,2685.0,rank-2,0
Python,https://github.com/hyperspy/hyperspy,2014-03-05,2688.0,rank-2,0
Python,https://github.com/hyperspy/hyperspy,2014-03-06,2690.0,rank-2,0
Python,https://github.com/hyperspy/hyperspy,2014-03-07,2697.0,rank-2,0
Python,https://github.com/hyperspy/hyperspy,2014-03-10,2718.0,rank-2,0
Python,https://github.com/hyperspy/hyperspy,2014-03-11,2730.0,rank-2,0
Python,https://github.com/hyperspy/hyperspy,2014-03-12,2755.0,rank-2,0
Python,https://github.com/hyperspy/hyperspy,2014-03-13,2767.0,rank-2,0
Python,https://github.com/hyperspy/hyperspy,2014-03-14,2774.0,rank-2,0
Python,https://github.com/hyperspy/hyperspy,2014-03-15,2780.0,rank-2,0
Python,https://github.com/hyperspy/hyperspy,2014-03-16,2785.0,rank-2,0
Python,https://github.com/hyperspy/hyperspy,2014-03-17,2796.0,rank-2,0
Python,https://github.com/hyperspy/hyperspy,2014-03-18,2805.0,rank-2,1
Python,https://github.com/hyperspy/hyperspy,2014-03-19,2822.0,rank-2,1
Python,https://github.com/hyperspy/hyperspy,2014-03-20,2840.0,rank-2,1
Python,https://github.com/hyperspy/hyperspy,2014-03-21,2845.0,rank-2,1
Python,https://github.com/hyperspy/hyperspy,2014-03-25,2848.0,rank-2,1
Python,https://github.com/hyperspy/hyperspy,2014-03-26,2858.0,rank-2,1
Python,https://github.com/hyperspy/hyperspy,2014-03-27,2867.0,rank-2,1
Python,https://github.com/hyperspy/hyperspy,2014-03-28,2869.0,rank-2,3
Python,https://github.com/hyperspy/hyperspy,2014-03-31,2899.0,rank-2,3
Python,https://github.com/hyperspy/hyperspy,2014-04-01,2928.0,rank-2,4
Python,https://github.com/hyperspy/hyperspy,2014-04-02,2936.0,rank-2,6
Python,https://github.com/hyperspy/hyperspy,2014-04-03,2961.0,rank-2,8
Python,https://github.com/hyperspy/hyperspy,2014-04-04,2964.0,rank-2,8
Python,https://github.com/hyperspy/hyperspy,2014-04-07,2970.0,rank-2,8
Python,https://github.com/hyperspy/hyperspy,2014-04-08,2977.0,rank-2,15
Python,https://github.com/hyperspy/hyperspy,2014-04-15,2987.0,rank-2,19
Python,https://github.com/hyperspy/hyperspy,2014-04-16,2997.0,rank-2,22
Python,https://github.com/hyperspy/hyperspy,2014-04-17,3005.0,rank-2,22
Python,https://github.com/hyperspy/hyperspy,2014-04-22,3016.0,rank-2,25
Python,https://github.com/hyperspy/hyperspy,2014-04-23,3034.0,rank-2,26
Python,https://github.com/hyperspy/hyperspy,2014-04-25,3038.0,rank-2,26
Python,https://github.com/hyperspy/hyperspy,2014-04-28,3056.0,rank-2,26
Python,https://github.com/hyperspy/hyperspy,2014-04-30,3070.0,rank-2,26
Python,https://github.com/hyperspy/hyperspy,2014-05-01,3082.0,rank-2,26
Python,https://github.com/hyperspy/hyperspy,2014-05-02,3108.0,rank-2,26
Python,https://github.com/hyperspy/hyperspy,2014-05-21,3110.0,rank-2,26
Python,https://github.com/hyperspy/hyperspy,2014-05-22,3112.0,rank-2,26
Python,https://github.com/hyperspy/hyperspy,2014-05-28,3119.0,rank-2,26
Python,https://github.com/hyperspy/hyperspy,2014-05-29,3120.0,rank-2,26
Python,https://github.com/hyperspy/hyperspy,2014-05-30,3124.0,rank-2,26
Python,https://github.com/hyperspy/hyperspy,2014-06-02,3126.0,rank-2,26
Python,https://github.com/hyperspy/hyperspy,2014-06-03,3127.0,rank-2,26
Python,https://github.com/hyperspy/hyperspy,2014-06-04,3128.0,rank-2,26
Python,https://github.com/hyperspy/hyperspy,2014-06-10,3136.0,rank-2,26
Python,https://github.com/hyperspy/hyperspy,2014-06-11,3152.0,rank-2,26
Python,https://github.com/hyperspy/hyperspy,2014-06-12,3159.0,rank-2,26
Python,https://github.com/hyperspy/hyperspy,2014-06-16,3168.0,rank-2,26
Python,https://github.com/hyperspy/hyperspy,2014-06-17,3176.0,rank-2,26
Python,https://github.com/hyperspy/hyperspy,2014-06-19,3179.0,rank-2,26
Python,https://github.com/hyperspy/hyperspy,2014-06-20,3180.0,rank-2,26
Python,https://github.com/hyperspy/hyperspy,2014-06-21,3182.0,rank-2,26
Python,https://github.com/hyperspy/hyperspy,2014-06-24,3184.0,rank-2,26
Python,https://github.com/hyperspy/hyperspy,2014-06-25,3185.0,rank-2,26
Python,https://github.com/hyperspy/hyperspy,2014-06-30,3189.0,rank-2,26
Python,https://github.com/hyperspy/hyperspy,2014-07-31,3193.0,rank-2,26
Python,https://github.com/hyperspy/hyperspy,2014-08-05,3199.0,rank-2,26
Python,https://github.com/hyperspy/hyperspy,2014-08-06,3202.0,rank-2,26
Python,https://github.com/hyperspy/hyperspy,2014-08-07,3209.0,rank-2,26
Python,https://github.com/hyperspy/hyperspy,2014-08-08,3211.0,rank-2,26
Python,https://github.com/hyperspy/hyperspy,2014-08-11,3212.0,rank-2,26
Python,https://github.com/hyperspy/hyperspy,2014-08-14,3213.0,rank-2,26
Python,https://github.com/hyperspy/hyperspy,2014-08-15,3215.0,rank-2,26
Python,https://github.com/hyperspy/hyperspy,2014-08-18,3226.0,rank-2,26
Python,https://github.com/hyperspy/hyperspy,2014-08-20,3235.0,rank-2,26
Python,https://github.com/hyperspy/hyperspy,2014-08-21,3259.0,rank-2,26
Python,https://github.com/hyperspy/hyperspy,2014-08-22,3278.0,rank-2,26
Python,https://github.com/hyperspy/hyperspy,2014-08-25,3280.0,rank-2,26
Python,https://github.com/hyperspy/hyperspy,2014-09-02,3290.0,rank-2,26
Python,https://github.com/hyperspy/hyperspy,2014-09-03,3292.0,rank-2,26
Python,https://github.com/hyperspy/hyperspy,2014-09-23,3293.0,rank-2,26
Python,https://github.com/hyperspy/hyperspy,2014-10-01,3295.0,rank-2,26
Python,https://github.com/hyperspy/hyperspy,2014-10-15,3298.0,rank-2,26
Python,https://github.com/hyperspy/hyperspy,2014-10-16,3308.0,rank-2,26
Python,https://github.com/hyperspy/hyperspy,2014-10-17,3311.0,rank-2,26
Python,https://github.com/hyperspy/hyperspy,2014-10-21,3315.0,rank-2,26
Python,https://github.com/hyperspy/hyperspy,2014-10-23,3317.0,rank-2,26
Python,https://github.com/hyperspy/hyperspy,2014-10-24,3325.0,rank-2,26
Python,https://github.com/hyperspy/hyperspy,2014-10-25,3330.0,rank-2,26
Python,https://github.com/hyperspy/hyperspy,2014-10-27,3338.0,rank-2,26
Python,https://github.com/hyperspy/hyperspy,2014-10-30,3343.0,rank-2,26
Python,https://github.com/hyperspy/hyperspy,2014-11-01,3348.0,rank-2,26
Python,https://github.com/hyperspy/hyperspy,2014-11-03,3352.0,rank-2,26
Python,https://github.com/hyperspy/hyperspy,2014-11-04,3359.0,rank-2,26
Python,https://github.com/hyperspy/hyperspy,2014-11-06,3360.0,rank-2,26
Python,https://github.com/hyperspy/hyperspy,2014-11-14,3367.0,rank-2,26
Python,https://github.com/hyperspy/hyperspy,2014-11-17,3378.0,rank-2,26
Python,https://github.com/hyperspy/hyperspy,2014-11-18,3390.0,rank-2,26
Python,https://github.com/hyperspy/hyperspy,2014-11-20,3391.0,rank-2,26
Python,https://github.com/hyperspy/hyperspy,2014-11-24,3393.0,rank-2,28
Python,https://github.com/hyperspy/hyperspy,2014-11-25,3394.0,rank-2,29
Python,https://github.com/hyperspy/hyperspy,2014-12-02,3396.0,rank-2,29
Python,https://github.com/hyperspy/hyperspy,2014-12-05,3399.0,rank-2,32
Python,https://github.com/hyperspy/hyperspy,2014-12-06,3401.0,rank-2,34
Python,https://github.com/hyperspy/hyperspy,2014-12-07,3403.0,rank-2,36
Python,https://github.com/hyperspy/hyperspy,2014-12-08,3404.0,rank-2,37
Python,https://github.com/hyperspy/hyperspy,2014-12-09,3405.0,rank-2,38
Python,https://github.com/hyperspy/hyperspy,2014-12-10,3410.0,rank-2,38
Python,https://github.com/hyperspy/hyperspy,2014-12-21,3411.0,rank-2,39
Python,https://github.com/hyperspy/hyperspy,2015-01-05,3413.0,rank-2,39
Python,https://github.com/hyperspy/hyperspy,2015-01-06,3415.0,rank-2,39
Python,https://github.com/hyperspy/hyperspy,2015-01-08,3416.0,rank-2,39
Python,https://github.com/hyperspy/hyperspy,2015-01-09,3417.0,rank-2,39
Python,https://github.com/hyperspy/hyperspy,2015-01-12,3421.0,rank-2,39
Python,https://github.com/hyperspy/hyperspy,2015-01-13,3424.0,rank-2,39
Python,https://github.com/hyperspy/hyperspy,2015-01-14,3428.0,rank-2,39
Python,https://github.com/hyperspy/hyperspy,2015-01-15,3446.0,rank-2,39
Python,https://github.com/hyperspy/hyperspy,2015-01-16,3465.0,rank-2,43
Python,https://github.com/hyperspy/hyperspy,2015-01-18,3466.0,rank-2,44
Python,https://github.com/hyperspy/hyperspy,2015-01-19,3469.0,rank-2,44
Python,https://github.com/hyperspy/hyperspy,2015-01-20,3470.0,rank-2,44
Python,https://github.com/hyperspy/hyperspy,2015-01-22,3477.0,rank-2,47
Python,https://github.com/hyperspy/hyperspy,2015-01-23,3482.0,rank-2,47
Python,https://github.com/hyperspy/hyperspy,2015-01-26,3488.0,rank-2,53
Python,https://github.com/hyperspy/hyperspy,2015-01-27,3500.0,rank-2,54
Python,https://github.com/hyperspy/hyperspy,2015-01-28,3505.0,rank-2,54
Python,https://github.com/hyperspy/hyperspy,2015-01-29,3516.0,rank-2,55
Python,https://github.com/hyperspy/hyperspy,2015-01-30,3534.0,rank-2,60
Python,https://github.com/hyperspy/hyperspy,2015-01-31,3535.0,rank-2,61
Python,https://github.com/hyperspy/hyperspy,2015-02-01,3539.0,rank-2,65
Python,https://github.com/hyperspy/hyperspy,2015-02-02,3553.0,rank-2,74
Python,https://github.com/hyperspy/hyperspy,2015-02-03,3556.0,rank-2,76
Python,https://github.com/hyperspy/hyperspy,2015-02-04,3569.0,rank-2,78
Python,https://github.com/hyperspy/hyperspy,2015-02-06,3578.0,rank-2,80
Python,https://github.com/hyperspy/hyperspy,2015-02-07,3586.0,rank-2,82
Python,https://github.com/hyperspy/hyperspy,2015-02-16,3591.0,rank-2,87
Python,https://github.com/hyperspy/hyperspy,2015-02-24,3594.0,rank-2,87
Python,https://github.com/hyperspy/hyperspy,2015-02-26,3600.0,rank-2,87
Python,https://github.com/hyperspy/hyperspy,2015-02-27,3618.0,rank-2,87
Python,https://github.com/hyperspy/hyperspy,2015-03-02,3631.0,rank-2,87
Python,https://github.com/hyperspy/hyperspy,2015-03-03,3637.0,rank-2,87
Python,https://github.com/hyperspy/hyperspy,2015-03-04,3642.0,rank-2,87
Python,https://github.com/hyperspy/hyperspy,2015-03-05,3644.0,rank-2,87
Python,https://github.com/hyperspy/hyperspy,2015-03-06,3655.0,rank-2,87
Python,https://github.com/hyperspy/hyperspy,2015-03-09,3660.0,rank-2,87
Python,https://github.com/hyperspy/hyperspy,2015-03-10,3667.0,rank-2,87
Python,https://github.com/hyperspy/hyperspy,2015-03-11,3676.0,rank-2,87
Python,https://github.com/hyperspy/hyperspy,2015-03-12,3693.0,rank-2,87
Python,https://github.com/hyperspy/hyperspy,2015-03-23,3696.0,rank-2,87
Python,https://github.com/hyperspy/hyperspy,2015-03-26,3703.0,rank-2,87
Python,https://github.com/hyperspy/hyperspy,2015-03-27,3704.0,rank-2,87
Python,https://github.com/hyperspy/hyperspy,2015-03-28,3706.0,rank-2,87
Python,https://github.com/hyperspy/hyperspy,2015-03-30,3729.0,rank-2,87
Python,https://github.com/hyperspy/hyperspy,2015-03-31,3765.0,rank-2,87
Python,https://github.com/hyperspy/hyperspy,2015-04-01,3799.0,rank-2,87
Python,https://github.com/hyperspy/hyperspy,2015-04-02,3824.0,rank-2,87
Python,https://github.com/hyperspy/hyperspy,2015-04-03,3826.0,rank-2,87
Python,https://github.com/hyperspy/hyperspy,2015-04-05,3830.0,rank-2,91
Python,https://github.com/hyperspy/hyperspy,2015-04-06,3868.0,rank-2,95
Python,https://github.com/hyperspy/hyperspy,2015-04-07,3889.0,rank-2,95
Python,https://github.com/hyperspy/hyperspy,2015-04-08,3892.0,rank-2,95
Python,https://github.com/hyperspy/hyperspy,2015-04-15,3897.0,rank-2,95
Python,https://github.com/hyperspy/hyperspy,2015-04-17,3900.0,rank-2,98
Python,https://github.com/hyperspy/hyperspy,2015-04-20,3902.0,rank-2,98
Python,https://github.com/hyperspy/hyperspy,2015-04-21,3903.0,rank-2,99
Python,https://github.com/hyperspy/hyperspy,2015-04-22,3910.0,rank-2,99
Python,https://github.com/hyperspy/hyperspy,2015-04-24,3912.0,rank-2,99
Python,https://github.com/hyperspy/hyperspy,2015-04-27,3919.0,rank-2,99
Python,https://github.com/hyperspy/hyperspy,2015-04-28,3923.0,rank-2,99
Python,https://github.com/hyperspy/hyperspy,2015-04-29,3924.0,rank-2,99
Python,https://github.com/hyperspy/hyperspy,2015-04-30,3926.0,rank-2,99
Python,https://github.com/hyperspy/hyperspy,2015-05-05,3928.0,rank-2,99
Python,https://github.com/hyperspy/hyperspy,2015-05-06,3930.0,rank-2,99
Python,https://github.com/hyperspy/hyperspy,2015-05-07,3937.0,rank-2,99
Python,https://github.com/hyperspy/hyperspy,2015-05-08,3941.0,rank-2,99
Python,https://github.com/hyperspy/hyperspy,2015-05-09,3943.0,rank-2,99
Python,https://github.com/hyperspy/hyperspy,2015-05-11,3947.0,rank-2,99
Python,https://github.com/hyperspy/hyperspy,2015-05-27,3950.0,rank-2,102
Python,https://github.com/hyperspy/hyperspy,2015-06-02,3975.0,rank-2,107
Python,https://github.com/hyperspy/hyperspy,2015-06-03,3976.0,rank-2,107
Python,https://github.com/hyperspy/hyperspy,2015-06-04,3992.0,rank-2,113
Python,https://github.com/hyperspy/hyperspy,2015-06-05,3999.0,rank-2,113
Python,https://github.com/hyperspy/hyperspy,2015-06-08,4002.0,rank-2,113
Python,https://github.com/hyperspy/hyperspy,2015-06-12,4007.0,rank-2,113
Python,https://github.com/hyperspy/hyperspy,2015-06-15,4008.0,rank-2,113
Python,https://github.com/hyperspy/hyperspy,2015-06-16,4015.0,rank-2,113
Python,https://github.com/hyperspy/hyperspy,2015-06-17,4021.0,rank-2,113
Python,https://github.com/hyperspy/hyperspy,2015-06-26,4023.0,rank-2,114
Python,https://github.com/hyperspy/hyperspy,2015-06-28,4024.0,rank-2,115
Python,https://github.com/hyperspy/hyperspy,2015-07-01,4025.0,rank-2,115
Python,https://github.com/hyperspy/hyperspy,2015-07-03,4028.0,rank-2,115
Python,https://github.com/hyperspy/hyperspy,2015-07-08,4030.0,rank-2,115
Python,https://github.com/hyperspy/hyperspy,2015-07-09,4032.0,rank-2,116
Python,https://github.com/hyperspy/hyperspy,2015-07-11,4045.0,rank-2,129
Python,https://github.com/hyperspy/hyperspy,2015-07-13,4053.0,rank-2,133
Python,https://github.com/hyperspy/hyperspy,2015-07-14,4064.0,rank-2,133
Python,https://github.com/hyperspy/hyperspy,2015-07-15,4067.0,rank-2,133
Python,https://github.com/hyperspy/hyperspy,2015-07-16,4079.0,rank-2,133
Python,https://github.com/hyperspy/hyperspy,2015-07-17,4081.0,rank-2,133
Python,https://github.com/hyperspy/hyperspy,2015-07-20,4087.0,rank-2,133
Python,https://github.com/hyperspy/hyperspy,2015-07-21,4143.0,rank-2,148
Python,https://github.com/hyperspy/hyperspy,2015-07-22,4153.0,rank-2,148
Python,https://github.com/hyperspy/hyperspy,2015-07-23,4179.0,rank-2,155
Python,https://github.com/hyperspy/hyperspy,2015-07-24,4226.0,rank-2,164
Python,https://github.com/hyperspy/hyperspy,2015-07-26,4229.0,rank-2,164
Python,https://github.com/hyperspy/hyperspy,2015-07-27,4236.0,rank-2,165
Python,https://github.com/hyperspy/hyperspy,2015-07-28,4241.0,rank-2,165
Python,https://github.com/hyperspy/hyperspy,2015-07-29,4250.0,rank-2,170
Python,https://github.com/hyperspy/hyperspy,2015-07-30,4289.0,rank-2,170
Python,https://github.com/hyperspy/hyperspy,2015-07-31,4299.0,rank-2,175
Python,https://github.com/hyperspy/hyperspy,2015-08-01,4300.0,rank-2,176
Python,https://github.com/hyperspy/hyperspy,2015-08-02,4304.0,rank-2,176
Python,https://github.com/hyperspy/hyperspy,2015-08-03,4307.0,rank-2,176
Python,https://github.com/hyperspy/hyperspy,2015-08-04,4317.0,rank-2,177
Python,https://github.com/hyperspy/hyperspy,2015-08-05,4338.0,rank-2,177
Python,https://github.com/hyperspy/hyperspy,2015-08-06,4399.0,rank-2,177
Python,https://github.com/hyperspy/hyperspy,2015-08-07,4450.0,rank-2,177
Python,https://github.com/hyperspy/hyperspy,2015-08-10,4485.0,rank-2,179
Python,https://github.com/hyperspy/hyperspy,2015-08-11,4517.0,rank-2,180
Python,https://github.com/hyperspy/hyperspy,2015-08-12,4541.0,rank-2,180
Python,https://github.com/hyperspy/hyperspy,2015-08-13,4548.0,rank-2,180
Python,https://github.com/hyperspy/hyperspy,2015-08-14,4553.0,rank-2,180
Python,https://github.com/hyperspy/hyperspy,2015-08-15,4554.0,rank-2,180
Python,https://github.com/hyperspy/hyperspy,2015-08-17,4556.0,rank-2,180
Python,https://github.com/hyperspy/hyperspy,2015-08-19,4558.0,rank-2,182
Python,https://github.com/hyperspy/hyperspy,2015-08-20,4559.0,rank-2,183
Python,https://github.com/hyperspy/hyperspy,2015-08-22,4560.0,rank-2,183
Python,https://github.com/hyperspy/hyperspy,2015-08-23,4564.0,rank-2,183
Python,https://github.com/hyperspy/hyperspy,2015-08-27,4569.0,rank-2,183
Python,https://github.com/hyperspy/hyperspy,2015-08-29,4573.0,rank-2,185
Python,https://github.com/hyperspy/hyperspy,2015-09-02,4574.0,rank-2,185
Python,https://github.com/hyperspy/hyperspy,2015-09-04,4577.0,rank-2,185
Python,https://github.com/hyperspy/hyperspy,2015-09-06,4579.0,rank-2,185
Python,https://github.com/hyperspy/hyperspy,2015-09-07,4587.0,rank-2,186
Python,https://github.com/hyperspy/hyperspy,2015-09-08,4590.0,rank-2,186
Python,https://github.com/hyperspy/hyperspy,2015-09-09,4592.0,rank-2,186
Python,https://github.com/hyperspy/hyperspy,2015-09-10,4595.0,rank-2,186
Python,https://github.com/hyperspy/hyperspy,2015-09-18,4598.0,rank-2,186
Python,https://github.com/hyperspy/hyperspy,2015-09-19,4599.0,rank-2,186
Python,https://github.com/hyperspy/hyperspy,2015-09-23,4605.0,rank-2,191
Python,https://github.com/hyperspy/hyperspy,2015-09-24,4607.0,rank-2,191
Python,https://github.com/hyperspy/hyperspy,2015-09-25,4613.0,rank-2,191
Python,https://github.com/hyperspy/hyperspy,2015-09-28,4614.0,rank-2,191
Python,https://github.com/hyperspy/hyperspy,2015-10-06,4620.0,rank-2,191
Python,https://github.com/hyperspy/hyperspy,2015-10-07,4622.0,rank-2,191
Python,https://github.com/hyperspy/hyperspy,2015-10-13,4623.0,rank-2,191
Python,https://github.com/hyperspy/hyperspy,2015-10-21,4624.0,rank-2,191
Python,https://github.com/hyperspy/hyperspy,2015-10-27,4627.0,rank-2,191
Python,https://github.com/hyperspy/hyperspy,2015-10-29,4630.0,rank-2,191
Python,https://github.com/hyperspy/hyperspy,2015-10-30,4631.0,rank-2,191
Python,https://github.com/hyperspy/hyperspy,2015-11-02,4636.0,rank-2,191
Python,https://github.com/hyperspy/hyperspy,2015-11-03,4661.0,rank-2,191
Python,https://github.com/hyperspy/hyperspy,2015-11-04,4676.0,rank-2,191
Python,https://github.com/hyperspy/hyperspy,2015-11-05,4684.0,rank-2,191
Python,https://github.com/hyperspy/hyperspy,2015-11-06,4700.0,rank-2,196
Python,https://github.com/hyperspy/hyperspy,2015-11-07,4701.0,rank-2,196
Python,https://github.com/hyperspy/hyperspy,2015-11-08,4702.0,rank-2,196
Python,https://github.com/hyperspy/hyperspy,2015-11-09,4716.0,rank-2,196
Python,https://github.com/hyperspy/hyperspy,2015-11-10,4720.0,rank-2,196
Python,https://github.com/hyperspy/hyperspy,2015-11-13,4722.0,rank-2,196
Python,https://github.com/hyperspy/hyperspy,2015-11-17,4726.0,rank-2,196
Python,https://github.com/hyperspy/hyperspy,2015-11-20,4728.0,rank-2,196
Python,https://github.com/hyperspy/hyperspy,2015-11-22,4732.0,rank-2,196
Python,https://github.com/hyperspy/hyperspy,2015-11-23,4733.0,rank-2,197
Python,https://github.com/hyperspy/hyperspy,2015-11-24,4734.0,rank-2,197
Python,https://github.com/hyperspy/hyperspy,2015-11-25,4736.0,rank-2,197
Python,https://github.com/hyperspy/hyperspy,2015-11-26,4738.0,rank-2,197
Python,https://github.com/hyperspy/hyperspy,2015-11-27,4741.0,rank-2,197
Python,https://github.com/hyperspy/hyperspy,2015-12-01,4747.0,rank-2,197
Python,https://github.com/hyperspy/hyperspy,2015-12-02,4775.0,rank-2,211
Python,https://github.com/hyperspy/hyperspy,2015-12-03,4789.0,rank-2,214
Python,https://github.com/hyperspy/hyperspy,2015-12-04,4797.0,rank-2,214
Python,https://github.com/hyperspy/hyperspy,2015-12-05,4802.0,rank-2,214
Python,https://github.com/hyperspy/hyperspy,2015-12-06,4824.0,rank-2,236
Python,https://github.com/hyperspy/hyperspy,2015-12-07,4845.0,rank-2,254
Python,https://github.com/hyperspy/hyperspy,2015-12-08,4860.0,rank-2,254
Python,https://github.com/hyperspy/hyperspy,2015-12-09,4875.0,rank-2,254
Python,https://github.com/hyperspy/hyperspy,2015-12-10,4890.0,rank-2,265
Python,https://github.com/hyperspy/hyperspy,2015-12-11,4896.0,rank-2,269
Python,https://github.com/hyperspy/hyperspy,2015-12-12,4904.0,rank-2,269
Python,https://github.com/hyperspy/hyperspy,2015-12-13,4908.0,rank-2,271
Python,https://github.com/hyperspy/hyperspy,2015-12-14,4918.0,rank-2,271
Python,https://github.com/hyperspy/hyperspy,2015-12-15,4939.0,rank-2,282
Python,https://github.com/hyperspy/hyperspy,2015-12-16,4947.0,rank-2,282
Python,https://github.com/hyperspy/hyperspy,2015-12-18,4962.0,rank-2,291
Python,https://github.com/hyperspy/hyperspy,2015-12-19,4970.0,rank-2,299
Python,https://github.com/hyperspy/hyperspy,2015-12-20,4974.0,rank-2,303
Python,https://github.com/hyperspy/hyperspy,2015-12-21,4975.0,rank-2,303
Python,https://github.com/hyperspy/hyperspy,2015-12-23,4978.0,rank-2,306
Python,https://github.com/hyperspy/hyperspy,2015-12-29,4982.0,rank-2,309
Python,https://github.com/hyperspy/hyperspy,2015-12-30,4984.0,rank-2,309
Python,https://github.com/hyperspy/hyperspy,2015-12-31,4987.0,rank-2,312
Python,https://github.com/hyperspy/hyperspy,2016-01-01,4993.0,rank-2,315
Python,https://github.com/hyperspy/hyperspy,2016-01-04,4995.0,rank-2,316
Python,https://github.com/hyperspy/hyperspy,2016-01-05,5000.0,rank-2,317
Python,https://github.com/hyperspy/hyperspy,2016-01-06,5011.0,rank-2,322
Python,https://github.com/hyperspy/hyperspy,2016-01-07,5025.0,rank-2,327
Python,https://github.com/hyperspy/hyperspy,2016-01-08,5033.0,rank-2,329
Python,https://github.com/hyperspy/hyperspy,2016-01-09,5035.0,rank-2,329
Python,https://github.com/hyperspy/hyperspy,2016-01-11,5048.0,rank-2,340
Python,https://github.com/hyperspy/hyperspy,2016-01-12,5073.0,rank-2,358
Python,https://github.com/hyperspy/hyperspy,2016-01-13,5100.0,rank-2,377
Python,https://github.com/hyperspy/hyperspy,2016-01-14,5120.0,rank-2,394
Python,https://github.com/hyperspy/hyperspy,2016-01-15,5141.0,rank-2,412
Python,https://github.com/hyperspy/hyperspy,2016-01-17,5145.0,rank-2,416
Python,https://github.com/hyperspy/hyperspy,2016-01-18,5166.0,rank-2,432
Python,https://github.com/hyperspy/hyperspy,2016-01-19,5184.0,rank-2,449
Python,https://github.com/hyperspy/hyperspy,2016-01-20,5204.0,rank-2,463
Python,https://github.com/hyperspy/hyperspy,2016-01-21,5216.0,rank-2,464
Python,https://github.com/hyperspy/hyperspy,2016-01-22,5259.0,rank-2,495
Python,https://github.com/hyperspy/hyperspy,2016-01-25,5266.0,rank-2,497
Python,https://github.com/hyperspy/hyperspy,2016-01-26,5287.0,rank-2,508
Python,https://github.com/hyperspy/hyperspy,2016-01-27,5327.0,rank-2,534
Python,https://github.com/hyperspy/hyperspy,2016-01-28,5361.0,rank-2,547
Python,https://github.com/hyperspy/hyperspy,2016-01-29,5375.0,rank-2,547
Python,https://github.com/hyperspy/hyperspy,2016-01-30,5393.0,rank-2,564
Python,https://github.com/hyperspy/hyperspy,2016-01-31,5405.0,rank-2,576
Python,https://github.com/hyperspy/hyperspy,2016-02-01,5431.0,rank-2,590
Python,https://github.com/hyperspy/hyperspy,2016-02-03,5449.0,rank-2,603
Python,https://github.com/hyperspy/hyperspy,2016-02-04,5461.0,rank-2,606
Python,https://github.com/hyperspy/hyperspy,2016-02-05,5467.0,rank-2,606
Python,https://github.com/hyperspy/hyperspy,2016-02-08,5472.0,rank-2,606
Python,https://github.com/hyperspy/hyperspy,2016-02-09,5485.0,rank-2,610
Python,https://github.com/hyperspy/hyperspy,2016-02-10,5494.0,rank-2,611
Python,https://github.com/hyperspy/hyperspy,2016-02-11,5511.0,rank-2,617
Python,https://github.com/hyperspy/hyperspy,2016-02-12,5527.0,rank-2,617
Python,https://github.com/hyperspy/hyperspy,2016-02-13,5530.0,rank-2,617
Python,https://github.com/hyperspy/hyperspy,2016-02-14,5532.0,rank-2,618
Python,https://github.com/hyperspy/hyperspy,2016-02-15,5559.0,rank-2,621
Python,https://github.com/hyperspy/hyperspy,2016-02-16,5566.0,rank-2,621
Python,https://github.com/hyperspy/hyperspy,2016-02-17,5567.0,rank-2,621
Python,https://github.com/hyperspy/hyperspy,2016-02-18,5574.0,rank-2,623
Python,https://github.com/hyperspy/hyperspy,2016-02-19,5579.0,rank-2,623
Python,https://github.com/hyperspy/hyperspy,2016-02-20,5586.0,rank-2,630
Python,https://github.com/hyperspy/hyperspy,2016-02-21,5590.0,rank-2,634
Python,https://github.com/hyperspy/hyperspy,2016-02-22,5594.0,rank-2,635
Python,https://github.com/hyperspy/hyperspy,2016-02-23,5597.0,rank-2,636
Python,https://github.com/hyperspy/hyperspy,2016-02-24,5613.0,rank-2,636
Python,https://github.com/hyperspy/hyperspy,2016-02-25,5619.0,rank-2,636
Python,https://github.com/hyperspy/hyperspy,2016-02-26,5629.0,rank-2,636
Python,https://github.com/hyperspy/hyperspy,2016-02-28,5631.0,rank-2,636
Python,https://github.com/hyperspy/hyperspy,2016-02-29,5641.0,rank-2,637
Python,https://github.com/hyperspy/hyperspy,2016-03-01,5646.0,rank-2,637
Python,https://github.com/hyperspy/hyperspy,2016-03-02,5673.0,rank-2,645
Python,https://github.com/hyperspy/hyperspy,2016-03-03,5684.0,rank-2,645
Python,https://github.com/hyperspy/hyperspy,2016-03-04,5701.0,rank-2,645
Python,https://github.com/hyperspy/hyperspy,2016-03-06,5702.0,rank-2,645
Python,https://github.com/hyperspy/hyperspy,2016-03-07,5705.0,rank-2,645
Python,https://github.com/hyperspy/hyperspy,2016-03-08,5707.0,rank-2,645
Python,https://github.com/hyperspy/hyperspy,2016-03-09,5708.0,rank-2,645
Python,https://github.com/hyperspy/hyperspy,2016-03-10,5742.0,rank-2,666
Python,https://github.com/hyperspy/hyperspy,2016-03-11,5743.0,rank-2,666
Python,https://github.com/hyperspy/hyperspy,2016-03-14,5744.0,rank-2,666
Python,https://github.com/hyperspy/hyperspy,2016-03-15,5747.0,rank-2,666
Python,https://github.com/hyperspy/hyperspy,2016-03-17,5748.0,rank-2,667
Python,https://github.com/hyperspy/hyperspy,2016-03-20,5758.0,rank-2,676
Python,https://github.com/hyperspy/hyperspy,2016-03-22,5763.0,rank-2,676
Python,https://github.com/hyperspy/hyperspy,2016-03-23,5766.0,rank-2,676
Python,https://github.com/hyperspy/hyperspy,2016-03-24,5769.0,rank-2,676
Python,https://github.com/hyperspy/hyperspy,2016-03-29,5771.0,rank-2,676
Python,https://github.com/hyperspy/hyperspy,2016-03-30,5774.0,rank-2,676
Python,https://github.com/hyperspy/hyperspy,2016-03-31,5785.0,rank-2,676
Python,https://github.com/hyperspy/hyperspy,2016-04-01,5794.0,rank-2,676
Python,https://github.com/hyperspy/hyperspy,2016-04-02,5804.0,rank-2,677
Python,https://github.com/hyperspy/hyperspy,2016-04-03,5821.0,rank-2,677
Python,https://github.com/hyperspy/hyperspy,2016-04-04,5838.0,rank-2,677
Python,https://github.com/hyperspy/hyperspy,2016-04-05,5848.0,rank-2,677
Python,https://github.com/hyperspy/hyperspy,2016-04-06,5853.0,rank-2,677
Python,https://github.com/hyperspy/hyperspy,2016-04-07,5871.0,rank-2,677
Python,https://github.com/hyperspy/hyperspy,2016-04-08,5873.0,rank-2,677
Python,https://github.com/hyperspy/hyperspy,2016-04-09,5875.0,rank-2,677
Python,https://github.com/hyperspy/hyperspy,2016-04-10,5880.0,rank-2,677
Python,https://github.com/hyperspy/hyperspy,2016-04-11,5894.0,rank-2,677
Python,https://github.com/hyperspy/hyperspy,2016-04-12,5895.0,rank-2,677
Python,https://github.com/hyperspy/hyperspy,2016-04-13,5896.0,rank-2,677
Python,https://github.com/hyperspy/hyperspy,2016-04-14,5899.0,rank-2,677
Python,https://github.com/hyperspy/hyperspy,2016-04-15,5923.0,rank-2,677
Python,https://github.com/hyperspy/hyperspy,2016-04-16,5939.0,rank-2,677
Python,https://github.com/hyperspy/hyperspy,2016-04-17,5952.0,rank-2,677
Python,https://github.com/hyperspy/hyperspy,2016-04-18,5956.0,rank-2,677
Python,https://github.com/hyperspy/hyperspy,2016-04-22,5969.0,rank-2,677
Python,https://github.com/hyperspy/hyperspy,2016-04-23,5975.0,rank-2,677
Python,https://github.com/hyperspy/hyperspy,2016-04-24,5981.0,rank-2,677
Python,https://github.com/hyperspy/hyperspy,2016-04-25,5986.0,rank-2,677
Python,https://github.com/hyperspy/hyperspy,2016-04-26,5992.0,rank-2,677
Python,https://github.com/hyperspy/hyperspy,2016-04-27,6010.0,rank-2,677
Python,https://github.com/hyperspy/hyperspy,2016-04-28,6035.0,rank-2,677
Python,https://github.com/hyperspy/hyperspy,2016-04-29,6065.0,rank-2,677
Python,https://github.com/hyperspy/hyperspy,2016-04-30,6067.0,rank-2,677
Python,https://github.com/hyperspy/hyperspy,2016-05-01,6077.0,rank-2,677
Python,https://github.com/hyperspy/hyperspy,2016-05-02,6089.0,rank-2,677
Python,https://github.com/hyperspy/hyperspy,2016-05-03,6108.0,rank-2,677
Python,https://github.com/hyperspy/hyperspy,2016-05-04,6120.0,rank-2,677
Python,https://github.com/hyperspy/hyperspy,2016-05-05,6129.0,rank-2,677
Python,https://github.com/hyperspy/hyperspy,2016-05-06,6133.0,rank-2,677
Python,https://github.com/hyperspy/hyperspy,2016-05-07,6134.0,rank-2,677
Python,https://github.com/hyperspy/hyperspy,2016-05-09,6136.0,rank-2,677
Python,https://github.com/hyperspy/hyperspy,2016-05-10,6145.0,rank-2,677
Python,https://github.com/hyperspy/hyperspy,2016-05-11,6149.0,rank-2,677
Python,https://github.com/hyperspy/hyperspy,2016-05-12,6152.0,rank-2,677
Python,https://github.com/hyperspy/hyperspy,2016-05-18,6157.0,rank-2,677
Python,https://github.com/hyperspy/hyperspy,2016-05-19,6159.0,rank-2,677
Python,https://github.com/hyperspy/hyperspy,2016-05-23,6168.0,rank-2,677
Python,https://github.com/hyperspy/hyperspy,2016-05-24,6178.0,rank-2,677
Python,https://github.com/hyperspy/hyperspy,2016-05-25,6217.0,rank-2,677
Python,https://github.com/hyperspy/hyperspy,2016-05-26,6249.0,rank-2,677
Python,https://github.com/hyperspy/hyperspy,2016-05-27,6284.0,rank-2,677
Python,https://github.com/hyperspy/hyperspy,2016-05-28,6288.0,rank-2,677
Python,https://github.com/hyperspy/hyperspy,2016-05-29,6293.0,rank-2,677
Python,https://github.com/hyperspy/hyperspy,2016-05-30,6300.0,rank-2,677
Python,https://github.com/hyperspy/hyperspy,2016-05-31,6312.0,rank-2,677
Python,https://github.com/hyperspy/hyperspy,2016-06-01,6320.0,rank-2,677
Python,https://github.com/hyperspy/hyperspy,2016-06-02,6328.0,rank-2,677
Python,https://github.com/hyperspy/hyperspy,2016-06-03,6340.0,rank-2,677
Python,https://github.com/hyperspy/hyperspy,2016-06-04,6342.0,rank-2,677
Python,https://github.com/hyperspy/hyperspy,2016-06-09,6345.0,rank-2,677
Python,https://github.com/hyperspy/hyperspy,2016-06-10,6346.0,rank-2,677
Python,https://github.com/hyperspy/hyperspy,2016-06-12,6351.0,rank-2,677
Python,https://github.com/hyperspy/hyperspy,2016-06-13,6359.0,rank-2,677
Python,https://github.com/hyperspy/hyperspy,2016-06-14,6373.0,rank-2,677
Python,https://github.com/hyperspy/hyperspy,2016-06-15,6384.0,rank-2,677
Python,https://github.com/hyperspy/hyperspy,2016-06-16,6403.0,rank-2,677
Python,https://github.com/hyperspy/hyperspy,2016-06-17,6422.0,rank-2,680
Python,https://github.com/hyperspy/hyperspy,2016-06-18,6438.0,rank-2,681
Python,https://github.com/hyperspy/hyperspy,2016-06-19,6449.0,rank-2,681
Python,https://github.com/hyperspy/hyperspy,2016-06-20,6461.0,rank-2,681
Python,https://github.com/hyperspy/hyperspy,2016-06-21,6470.0,rank-2,681
Python,https://github.com/hyperspy/hyperspy,2016-06-22,6487.0,rank-2,681
Python,https://github.com/hyperspy/hyperspy,2016-06-23,6500.0,rank-2,681
Python,https://github.com/hyperspy/hyperspy,2016-06-24,6505.0,rank-2,681
Python,https://github.com/hyperspy/hyperspy,2016-06-25,6507.0,rank-2,681
Python,https://github.com/hyperspy/hyperspy,2016-06-26,6516.0,rank-2,681
Python,https://github.com/hyperspy/hyperspy,2016-06-27,6524.0,rank-2,681
Python,https://github.com/hyperspy/hyperspy,2016-06-29,6531.0,rank-2,681
Python,https://github.com/hyperspy/hyperspy,2016-07-01,6532.0,rank-2,681
Python,https://github.com/hyperspy/hyperspy,2016-07-02,6533.0,rank-2,681
Python,https://github.com/hyperspy/hyperspy,2016-07-03,6547.0,rank-2,681
Python,https://github.com/hyperspy/hyperspy,2016-07-04,6549.0,rank-2,681
Python,https://github.com/hyperspy/hyperspy,2016-07-05,6560.0,rank-2,681
Python,https://github.com/hyperspy/hyperspy,2016-07-06,6564.0,rank-2,681
Python,https://github.com/hyperspy/hyperspy,2016-07-07,6576.0,rank-2,681
Python,https://github.com/hyperspy/hyperspy,2016-07-08,6583.0,rank-2,681
Python,https://github.com/hyperspy/hyperspy,2016-07-09,6611.0,rank-2,681
Python,https://github.com/hyperspy/hyperspy,2016-07-10,6645.0,rank-2,681
Python,https://github.com/hyperspy/hyperspy,2016-07-11,6670.0,rank-2,681
Python,https://github.com/hyperspy/hyperspy,2016-07-12,6728.0,rank-2,681
Python,https://github.com/hyperspy/hyperspy,2016-07-13,6793.0,rank-2,681
Python,https://github.com/hyperspy/hyperspy,2016-07-14,6829.0,rank-2,681
Python,https://github.com/hyperspy/hyperspy,2016-07-15,6843.0,rank-2,681
Python,https://github.com/hyperspy/hyperspy,2016-07-16,6845.0,rank-2,681
Python,https://github.com/hyperspy/hyperspy,2016-07-17,6852.0,rank-2,681
Python,https://github.com/hyperspy/hyperspy,2016-07-18,6882.0,rank-2,681
Python,https://github.com/hyperspy/hyperspy,2016-07-19,6888.0,rank-2,682
Python,https://github.com/hyperspy/hyperspy,2016-07-20,6902.0,rank-2,682
Python,https://github.com/hyperspy/hyperspy,2016-07-21,6906.0,rank-2,682
Python,https://github.com/hyperspy/hyperspy,2016-07-24,6914.0,rank-2,682
Python,https://github.com/hyperspy/hyperspy,2016-07-25,6920.0,rank-2,682
Python,https://github.com/hyperspy/hyperspy,2016-07-26,6946.0,rank-2,682
Python,https://github.com/hyperspy/hyperspy,2016-07-27,6982.0,rank-2,682
Python,https://github.com/hyperspy/hyperspy,2016-07-28,6992.0,rank-2,682
Python,https://github.com/hyperspy/hyperspy,2016-07-29,7010.0,rank-2,682
Python,https://github.com/hyperspy/hyperspy,2016-07-30,7022.0,rank-2,682
Python,https://github.com/hyperspy/hyperspy,2016-07-31,7028.0,rank-2,682
Python,https://github.com/hyperspy/hyperspy,2016-08-01,7040.0,rank-2,682
Python,https://github.com/hyperspy/hyperspy,2016-08-02,7070.0,rank-2,682
Python,https://github.com/hyperspy/hyperspy,2016-08-03,7082.0,rank-2,683
Python,https://github.com/hyperspy/hyperspy,2016-08-05,7089.0,rank-2,684
Python,https://github.com/hyperspy/hyperspy,2016-08-06,7095.0,rank-2,684
Python,https://github.com/hyperspy/hyperspy,2016-08-07,7097.0,rank-2,686
Python,https://github.com/hyperspy/hyperspy,2016-08-08,7101.0,rank-2,686
Python,https://github.com/hyperspy/hyperspy,2016-08-09,7106.0,rank-2,687
Python,https://github.com/hyperspy/hyperspy,2016-08-10,7107.0,rank-2,687
Python,https://github.com/hyperspy/hyperspy,2016-08-11,7110.0,rank-2,687
Python,https://github.com/hyperspy/hyperspy,2016-08-12,7122.0,rank-2,687
Python,https://github.com/hyperspy/hyperspy,2016-08-14,7126.0,rank-2,690
Python,https://github.com/hyperspy/hyperspy,2016-08-15,7141.0,rank-2,690
Python,https://github.com/hyperspy/hyperspy,2016-08-19,7145.0,rank-2,690
Python,https://github.com/hyperspy/hyperspy,2016-08-21,7146.0,rank-2,690
Python,https://github.com/hyperspy/hyperspy,2016-08-22,7150.0,rank-2,690
Python,https://github.com/hyperspy/hyperspy,2016-08-23,7167.0,rank-2,695
Python,https://github.com/hyperspy/hyperspy,2016-08-24,7174.0,rank-2,695
Python,https://github.com/hyperspy/hyperspy,2016-08-25,7181.0,rank-2,695
Python,https://github.com/hyperspy/hyperspy,2016-08-26,7183.0,rank-2,695
Python,https://github.com/hyperspy/hyperspy,2016-09-02,7185.0,rank-2,695
Python,https://github.com/hyperspy/hyperspy,2016-09-05,7189.0,rank-2,695
Python,https://github.com/hyperspy/hyperspy,2016-09-06,7192.0,rank-2,695
Python,https://github.com/hyperspy/hyperspy,2016-09-07,7198.0,rank-2,695
Python,https://github.com/hyperspy/hyperspy,2016-09-08,7201.0,rank-2,695
Python,https://github.com/hyperspy/hyperspy,2016-09-09,7204.0,rank-2,695
Python,https://github.com/hyperspy/hyperspy,2016-09-12,7206.0,rank-2,695
Python,https://github.com/hyperspy/hyperspy,2016-09-14,7207.0,rank-2,695
Python,https://github.com/hyperspy/hyperspy,2016-09-15,7209.0,rank-2,695
Python,https://github.com/hyperspy/hyperspy,2016-09-16,7213.0,rank-2,695
Python,https://github.com/hyperspy/hyperspy,2016-09-19,7215.0,rank-2,695
Python,https://github.com/hyperspy/hyperspy,2016-09-21,7216.0,rank-2,695
Python,https://github.com/hyperspy/hyperspy,2016-09-22,7217.0,rank-2,695
Python,https://github.com/hyperspy/hyperspy,2016-09-23,7219.0,rank-2,695
Python,https://github.com/hyperspy/hyperspy,2016-09-28,7221.0,rank-2,695
Python,https://github.com/hyperspy/hyperspy,2016-09-30,7222.0,rank-2,695
Python,https://github.com/hyperspy/hyperspy,2016-10-03,7224.0,rank-2,695
Python,https://github.com/hyperspy/hyperspy,2016-10-04,7225.0,rank-2,695
Python,https://github.com/hyperspy/hyperspy,2016-10-07,7226.0,rank-2,695
Python,https://github.com/hyperspy/hyperspy,2016-10-08,7227.0,rank-2,695
Python,https://github.com/hyperspy/hyperspy,2016-10-10,7228.0,rank-2,695
Python,https://github.com/hyperspy/hyperspy,2016-10-12,7244.0,rank-2,695
Python,https://github.com/hyperspy/hyperspy,2016-10-13,7263.0,rank-2,695
Python,https://github.com/hyperspy/hyperspy,2016-10-14,7274.0,rank-2,695
Python,https://github.com/hyperspy/hyperspy,2016-10-16,7277.0,rank-2,695
Python,https://github.com/hyperspy/hyperspy,2016-10-17,7282.0,rank-2,695
Python,https://github.com/hyperspy/hyperspy,2016-10-20,7283.0,rank-2,695
Python,https://github.com/hyperspy/hyperspy,2016-10-25,7285.0,rank-2,695
Python,https://github.com/hyperspy/hyperspy,2016-10-27,7286.0,rank-2,695
Python,https://github.com/hyperspy/hyperspy,2016-10-28,7294.0,rank-2,695
Python,https://github.com/hyperspy/hyperspy,2016-10-30,7295.0,rank-2,695
Python,https://github.com/hyperspy/hyperspy,2016-11-01,7297.0,rank-2,695
Python,https://github.com/hyperspy/hyperspy,2016-11-02,7299.0,rank-2,695
Python,https://github.com/hyperspy/hyperspy,2016-11-03,7303.0,rank-2,695
Python,https://github.com/hyperspy/hyperspy,2016-11-07,7305.0,rank-2,695
Python,https://github.com/hyperspy/hyperspy,2016-11-08,7310.0,rank-2,695
Python,https://github.com/hyperspy/hyperspy,2016-11-09,7311.0,rank-2,695
Python,https://github.com/hyperspy/hyperspy,2016-11-10,7312.0,rank-2,695
Python,https://github.com/hyperspy/hyperspy,2016-11-11,7318.0,rank-2,695
Python,https://github.com/hyperspy/hyperspy,2016-11-14,7319.0,rank-2,695
Python,https://github.com/hyperspy/hyperspy,2016-11-17,7323.0,rank-2,695
Python,https://github.com/hyperspy/hyperspy,2016-11-18,7328.0,rank-2,695
Python,https://github.com/hyperspy/hyperspy,2016-11-19,7330.0,rank-2,695
Python,https://github.com/hyperspy/hyperspy,2016-11-21,7336.0,rank-2,695
Python,https://github.com/hyperspy/hyperspy,2016-11-22,7346.0,rank-2,695
Python,https://github.com/hyperspy/hyperspy,2016-11-23,7347.0,rank-2,695
Python,https://github.com/hyperspy/hyperspy,2016-11-26,7350.0,rank-2,695
Python,https://github.com/hyperspy/hyperspy,2016-11-28,7360.0,rank-2,695
Python,https://github.com/hyperspy/hyperspy,2016-11-29,7372.0,rank-2,695
Python,https://github.com/hyperspy/hyperspy,2016-11-30,7391.0,rank-2,695
Python,https://github.com/hyperspy/hyperspy,2016-12-02,7409.0,rank-2,695
Python,https://github.com/hyperspy/hyperspy,2016-12-05,7425.0,rank-2,695
Python,https://github.com/hyperspy/hyperspy,2016-12-06,7426.0,rank-2,695
Python,https://github.com/hyperspy/hyperspy,2016-12-07,7427.0,rank-2,695
Python,https://github.com/hyperspy/hyperspy,2016-12-08,7430.0,rank-2,695
Python,https://github.com/hyperspy/hyperspy,2016-12-09,7431.0,rank-2,695
Python,https://github.com/hyperspy/hyperspy,2016-12-12,7432.0,rank-2,695
Python,https://github.com/hyperspy/hyperspy,2016-12-13,7442.0,rank-2,695
Python,https://github.com/hyperspy/hyperspy,2016-12-14,7453.0,rank-2,695
Python,https://github.com/hyperspy/hyperspy,2016-12-15,7455.0,rank-2,695
Python,https://github.com/hyperspy/hyperspy,2016-12-16,7458.0,rank-2,695
Python,https://github.com/hyperspy/hyperspy,2016-12-19,7460.0,rank-2,695
Python,https://github.com/hyperspy/hyperspy,2016-12-20,7465.0,rank-2,695
Python,https://github.com/hyperspy/hyperspy,2016-12-21,7472.0,rank-2,695
Python,https://github.com/hyperspy/hyperspy,2016-12-22,7492.0,rank-2,695
Python,https://github.com/hyperspy/hyperspy,2016-12-23,7504.0,rank-2,695
Python,https://github.com/hyperspy/hyperspy,2016-12-24,7506.0,rank-2,695
Python,https://github.com/hyperspy/hyperspy,2016-12-25,7507.0,rank-2,695
Python,https://github.com/hyperspy/hyperspy,2016-12-26,7512.0,rank-2,695
Python,https://github.com/hyperspy/hyperspy,2016-12-27,7517.0,rank-2,695
Python,https://github.com/hyperspy/hyperspy,2016-12-28,7523.0,rank-2,695
Python,https://github.com/hyperspy/hyperspy,2017-01-02,7524.0,rank-2,695
Python,https://github.com/hyperspy/hyperspy,2017-01-03,7528.0,rank-2,695
Python,https://github.com/hyperspy/hyperspy,2017-01-04,7529.0,rank-2,695
Python,https://github.com/hyperspy/hyperspy,2017-01-05,7539.0,rank-2,695
Python,https://github.com/hyperspy/hyperspy,2017-01-06,7540.0,rank-2,695
Python,https://github.com/hyperspy/hyperspy,2017-01-07,7546.0,rank-2,695
Python,https://github.com/hyperspy/hyperspy,2017-01-08,7549.0,rank-2,695
Python,https://github.com/hyperspy/hyperspy,2017-01-09,7564.0,rank-2,698
Python,https://github.com/hyperspy/hyperspy,2017-01-10,7582.0,rank-2,698
Python,https://github.com/hyperspy/hyperspy,2017-01-11,7602.0,rank-2,702
Python,https://github.com/hyperspy/hyperspy,2017-01-12,7616.0,rank-2,702
Python,https://github.com/hyperspy/hyperspy,2017-01-13,7634.0,rank-2,702
Python,https://github.com/hyperspy/hyperspy,2017-01-14,7640.0,rank-2,702
Python,https://github.com/hyperspy/hyperspy,2017-01-16,7646.0,rank-2,702
Python,https://github.com/hyperspy/hyperspy,2017-01-17,7649.0,rank-2,702
Python,https://github.com/hyperspy/hyperspy,2017-01-18,7652.0,rank-2,704
Python,https://github.com/hyperspy/hyperspy,2017-01-19,7658.0,rank-2,704
Python,https://github.com/hyperspy/hyperspy,2017-01-20,7661.0,rank-2,704
Python,https://github.com/hyperspy/hyperspy,2017-01-21,7669.0,rank-2,704
Python,https://github.com/hyperspy/hyperspy,2017-01-22,7670.0,rank-2,704
Python,https://github.com/hyperspy/hyperspy,2017-01-23,7671.0,rank-2,704
Python,https://github.com/hyperspy/hyperspy,2017-01-26,7672.0,rank-2,704
Python,https://github.com/hyperspy/hyperspy,2017-01-27,7677.0,rank-2,704
Python,https://github.com/hyperspy/hyperspy,2017-01-28,7697.0,rank-2,704
Python,https://github.com/hyperspy/hyperspy,2017-01-29,7701.0,rank-2,704
Python,https://github.com/hyperspy/hyperspy,2017-01-30,7703.0,rank-2,704
Python,https://github.com/hyperspy/hyperspy,2017-01-31,7712.0,rank-2,704
Python,https://github.com/hyperspy/hyperspy,2017-02-01,7734.0,rank-2,704
Python,https://github.com/hyperspy/hyperspy,2017-02-02,7745.0,rank-2,704
Python,https://github.com/hyperspy/hyperspy,2017-02-03,7757.0,rank-2,704
Python,https://github.com/hyperspy/hyperspy,2017-02-04,7761.0,rank-2,704
Python,https://github.com/hyperspy/hyperspy,2017-02-05,7783.0,rank-2,704
Python,https://github.com/hyperspy/hyperspy,2017-02-06,7805.0,rank-2,704
Python,https://github.com/hyperspy/hyperspy,2017-02-07,7821.0,rank-2,704
Python,https://github.com/hyperspy/hyperspy,2017-02-08,7847.0,rank-2,704
Python,https://github.com/hyperspy/hyperspy,2017-02-09,7871.0,rank-2,704
Python,https://github.com/hyperspy/hyperspy,2017-02-10,7887.0,rank-2,704
Python,https://github.com/hyperspy/hyperspy,2017-02-11,7892.0,rank-2,704
Python,https://github.com/hyperspy/hyperspy,2017-02-12,7897.0,rank-2,704
Python,https://github.com/hyperspy/hyperspy,2017-02-13,7911.0,rank-2,704
Python,https://github.com/hyperspy/hyperspy,2017-02-14,7917.0,rank-2,704
Python,https://github.com/hyperspy/hyperspy,2017-02-15,7920.0,rank-2,704
Python,https://github.com/hyperspy/hyperspy,2017-02-16,7934.0,rank-2,704
Python,https://github.com/hyperspy/hyperspy,2017-02-17,7948.0,rank-2,704
Python,https://github.com/hyperspy/hyperspy,2017-02-18,7970.0,rank-2,704
Python,https://github.com/hyperspy/hyperspy,2017-02-19,8003.0,rank-2,704
Python,https://github.com/hyperspy/hyperspy,2017-02-20,8027.0,rank-2,705
Python,https://github.com/hyperspy/hyperspy,2017-02-21,8043.0,rank-2,706
Python,https://github.com/hyperspy/hyperspy,2017-02-22,8063.0,rank-2,706
Python,https://github.com/hyperspy/hyperspy,2017-02-23,8076.0,rank-2,706
Python,https://github.com/hyperspy/hyperspy,2017-02-24,8098.0,rank-2,706
Python,https://github.com/hyperspy/hyperspy,2017-02-25,8109.0,rank-2,706
Python,https://github.com/hyperspy/hyperspy,2017-02-26,8112.0,rank-2,706
Python,https://github.com/hyperspy/hyperspy,2017-02-27,8119.0,rank-2,706
Python,https://github.com/hyperspy/hyperspy,2017-02-28,8152.0,rank-2,706
Python,https://github.com/hyperspy/hyperspy,2017-03-01,8175.0,rank-2,706
Python,https://github.com/hyperspy/hyperspy,2017-03-02,8186.0,rank-2,706
Python,https://github.com/hyperspy/hyperspy,2017-03-03,8191.0,rank-2,706
Python,https://github.com/hyperspy/hyperspy,2017-03-04,8203.0,rank-2,706
Python,https://github.com/hyperspy/hyperspy,2017-03-05,8208.0,rank-2,706
Python,https://github.com/hyperspy/hyperspy,2017-03-06,8215.0,rank-2,706
Python,https://github.com/hyperspy/hyperspy,2017-03-07,8216.0,rank-2,706
Python,https://github.com/hyperspy/hyperspy,2017-03-09,8225.0,rank-2,706
Python,https://github.com/hyperspy/hyperspy,2017-03-10,8228.0,rank-2,706
Python,https://github.com/hyperspy/hyperspy,2017-03-11,8229.0,rank-2,706
Python,https://github.com/hyperspy/hyperspy,2017-03-13,8231.0,rank-2,706
Python,https://github.com/hyperspy/hyperspy,2017-03-14,8234.0,rank-2,706
Python,https://github.com/hyperspy/hyperspy,2017-03-15,8245.0,rank-2,706
Python,https://github.com/hyperspy/hyperspy,2017-03-16,8249.0,rank-2,706
Python,https://github.com/hyperspy/hyperspy,2017-03-17,8260.0,rank-2,706
Python,https://github.com/hyperspy/hyperspy,2017-03-18,8262.0,rank-2,706
Python,https://github.com/hyperspy/hyperspy,2017-03-19,8266.0,rank-2,706
Python,https://github.com/hyperspy/hyperspy,2017-03-20,8272.0,rank-2,706
Python,https://github.com/hyperspy/hyperspy,2017-03-21,8275.0,rank-2,706
Python,https://github.com/hyperspy/hyperspy,2017-03-22,8297.0,rank-2,706
Python,https://github.com/hyperspy/hyperspy,2017-03-23,8316.0,rank-2,706
Python,https://github.com/hyperspy/hyperspy,2017-03-24,8320.0,rank-2,706
Python,https://github.com/hyperspy/hyperspy,2017-03-25,8321.0,rank-2,706
Python,https://github.com/hyperspy/hyperspy,2017-03-27,8342.0,rank-2,706
Python,https://github.com/hyperspy/hyperspy,2017-03-28,8350.0,rank-2,706
Python,https://github.com/hyperspy/hyperspy,2017-03-31,8367.0,rank-2,706
Python,https://github.com/hyperspy/hyperspy,2017-04-02,8387.0,rank-2,706
Python,https://github.com/hyperspy/hyperspy,2017-04-03,8400.0,rank-2,706
Python,https://github.com/hyperspy/hyperspy,2017-04-04,8410.0,rank-2,708
Python,https://github.com/hyperspy/hyperspy,2017-04-05,8419.0,rank-2,708
Python,https://github.com/hyperspy/hyperspy,2017-04-06,8432.0,rank-2,708
Python,https://github.com/hyperspy/hyperspy,2017-04-07,8448.0,rank-2,708
Python,https://github.com/hyperspy/hyperspy,2017-04-08,8480.0,rank-2,708
Python,https://github.com/hyperspy/hyperspy,2017-04-09,8519.0,rank-2,708
Python,https://github.com/hyperspy/hyperspy,2017-04-10,8533.0,rank-2,708
Python,https://github.com/hyperspy/hyperspy,2017-04-11,8560.0,rank-2,708
Python,https://github.com/hyperspy/hyperspy,2017-04-12,8577.0,rank-2,708
Python,https://github.com/hyperspy/hyperspy,2017-04-13,8583.0,rank-2,708
Python,https://github.com/hyperspy/hyperspy,2017-04-14,8597.0,rank-2,708
Python,https://github.com/hyperspy/hyperspy,2017-04-15,8601.0,rank-2,708
Python,https://github.com/hyperspy/hyperspy,2017-04-16,8602.0,rank-2,708
Python,https://github.com/hyperspy/hyperspy,2017-04-18,8603.0,rank-2,708
Python,https://github.com/hyperspy/hyperspy,2017-04-20,8604.0,rank-2,708
Python,https://github.com/hyperspy/hyperspy,2017-04-21,8605.0,rank-2,708
Python,https://github.com/hyperspy/hyperspy,2017-04-24,8610.0,rank-2,708
Python,https://github.com/hyperspy/hyperspy,2017-04-25,8614.0,rank-2,708
Python,https://github.com/hyperspy/hyperspy,2017-04-26,8615.0,rank-2,708
Python,https://github.com/hyperspy/hyperspy,2017-04-27,8616.0,rank-2,708
Python,https://github.com/hyperspy/hyperspy,2017-04-28,8626.0,rank-2,708
Python,https://github.com/hyperspy/hyperspy,2017-04-29,8628.0,rank-2,708
Python,https://github.com/hyperspy/hyperspy,2017-04-30,8632.0,rank-2,708
Python,https://github.com/hyperspy/hyperspy,2017-05-01,8634.0,rank-2,708
Python,https://github.com/hyperspy/hyperspy,2017-05-02,8637.0,rank-2,708
Python,https://github.com/hyperspy/hyperspy,2017-05-03,8640.0,rank-2,708
Python,https://github.com/hyperspy/hyperspy,2017-05-04,8644.0,rank-2,708
Python,https://github.com/hyperspy/hyperspy,2017-05-07,8645.0,rank-2,708
Python,https://github.com/hyperspy/hyperspy,2017-05-08,8648.0,rank-2,708
Python,https://github.com/hyperspy/hyperspy,2017-05-09,8653.0,rank-2,708
Python,https://github.com/hyperspy/hyperspy,2017-05-10,8659.0,rank-2,708
Python,https://github.com/hyperspy/hyperspy,2017-05-11,8673.0,rank-2,708
Python,https://github.com/hyperspy/hyperspy,2017-05-12,8691.0,rank-2,708
Python,https://github.com/hyperspy/hyperspy,2017-05-15,8692.0,rank-2,708
Python,https://github.com/hyperspy/hyperspy,2017-05-16,8711.0,rank-2,708
Python,https://github.com/hyperspy/hyperspy,2017-05-17,8720.0,rank-2,708
Python,https://github.com/hyperspy/hyperspy,2017-05-18,8721.0,rank-2,708
Python,https://github.com/hyperspy/hyperspy,2017-05-22,8729.0,rank-2,708
Python,https://github.com/hyperspy/hyperspy,2017-05-23,8755.0,rank-2,708
Python,https://github.com/hyperspy/hyperspy,2017-05-24,8813.0,rank-2,708
Python,https://github.com/hyperspy/hyperspy,2017-05-25,8851.0,rank-2,708
Python,https://github.com/hyperspy/hyperspy,2017-05-26,8882.0,rank-2,708
Python,https://github.com/hyperspy/hyperspy,2017-05-27,8914.0,rank-2,708
Python,https://github.com/hyperspy/hyperspy,2017-05-28,8918.0,rank-2,708
Python,https://github.com/hyperspy/hyperspy,2017-05-30,8922.0,rank-2,708
Python,https://github.com/hyperspy/hyperspy,2017-05-31,8923.0,rank-2,708
Python,https://github.com/hyperspy/hyperspy,2017-06-02,8924.0,rank-2,708
Python,https://github.com/hyperspy/hyperspy,2017-06-03,8925.0,rank-2,708
Python,https://github.com/hyperspy/hyperspy,2017-06-05,8929.0,rank-2,708
Python,https://github.com/hyperspy/hyperspy,2017-06-06,8934.0,rank-2,708
Python,https://github.com/hyperspy/hyperspy,2017-06-14,8938.0,rank-2,708
Python,https://github.com/hyperspy/hyperspy,2017-06-15,8939.0,rank-2,708
Python,https://github.com/hyperspy/hyperspy,2017-06-16,8940.0,rank-2,708
Python,https://github.com/hyperspy/hyperspy,2017-06-17,8942.0,rank-2,708
Python,https://github.com/hyperspy/hyperspy,2017-06-21,8945.0,rank-2,708
Python,https://github.com/hyperspy/hyperspy,2017-06-22,8948.0,rank-2,708
Python,https://github.com/hyperspy/hyperspy,2017-06-23,8952.0,rank-2,708
Python,https://github.com/hyperspy/hyperspy,2017-06-24,8954.0,rank-2,708
Python,https://github.com/hyperspy/hyperspy,2017-06-30,8955.0,rank-2,708
Python,https://github.com/hyperspy/hyperspy,2017-07-06,8956.0,rank-2,708
Python,https://github.com/hyperspy/hyperspy,2017-07-07,8957.0,rank-2,708
Python,https://github.com/hyperspy/hyperspy,2017-07-09,8958.0,rank-2,708
Python,https://github.com/hyperspy/hyperspy,2017-07-10,8959.0,rank-2,708
Python,https://github.com/hyperspy/hyperspy,2017-07-12,8966.0,rank-2,708
Python,https://github.com/hyperspy/hyperspy,2017-07-13,8968.0,rank-2,708
Python,https://github.com/hyperspy/hyperspy,2017-07-18,8969.0,rank-2,708
Python,https://github.com/hyperspy/hyperspy,2017-07-19,8971.0,rank-2,708
Python,https://github.com/hyperspy/hyperspy,2017-07-20,8973.0,rank-2,708
Python,https://github.com/hyperspy/hyperspy,2017-07-21,8978.0,rank-2,708
Python,https://github.com/hyperspy/hyperspy,2017-07-22,8979.0,rank-2,708
Python,https://github.com/hyperspy/hyperspy,2017-07-24,8982.0,rank-2,708
Python,https://github.com/hyperspy/hyperspy,2017-07-25,8985.0,rank-2,708
Python,https://github.com/hyperspy/hyperspy,2017-07-26,8988.0,rank-2,708
Python,https://github.com/hyperspy/hyperspy,2017-07-27,8989.0,rank-2,708
Python,https://github.com/hyperspy/hyperspy,2017-08-02,8992.0,rank-2,708
Python,https://github.com/hyperspy/hyperspy,2017-08-04,8993.0,rank-2,708
Python,https://github.com/hyperspy/hyperspy,2017-08-05,8995.0,rank-2,708
Python,https://github.com/hyperspy/hyperspy,2017-08-06,8996.0,rank-2,708
Python,https://github.com/hyperspy/hyperspy,2017-08-07,8998.0,rank-2,708
Python,https://github.com/hyperspy/hyperspy,2017-08-08,9000.0,rank-2,708
Python,https://github.com/hyperspy/hyperspy,2017-08-11,9002.0,rank-2,708
Python,https://github.com/hyperspy/hyperspy,2017-08-13,9003.0,rank-2,708
Python,https://github.com/hyperspy/hyperspy,2017-08-15,9013.0,rank-2,708
Python,https://github.com/hyperspy/hyperspy,2017-08-16,9017.0,rank-2,708
Python,https://github.com/hyperspy/hyperspy,2017-08-17,9018.0,rank-2,708
Python,https://github.com/hyperspy/hyperspy,2017-08-18,9019.0,rank-2,708
Python,https://github.com/hyperspy/hyperspy,2017-08-19,9023.0,rank-2,708
Python,https://github.com/hyperspy/hyperspy,2017-08-20,9026.0,rank-2,708
Python,https://github.com/hyperspy/hyperspy,2017-08-21,9027.0,rank-2,708
Python,https://github.com/hyperspy/hyperspy,2017-08-23,9031.0,rank-2,708
Python,https://github.com/hyperspy/hyperspy,2017-08-24,9033.0,rank-2,708
Python,https://github.com/hyperspy/hyperspy,2017-08-25,9035.0,rank-2,708
Python,https://github.com/hyperspy/hyperspy,2017-08-27,9036.0,rank-2,708
Python,https://github.com/hyperspy/hyperspy,2017-08-28,9038.0,rank-2,708
Python,https://github.com/hyperspy/hyperspy,2017-08-29,9041.0,rank-2,708
Python,https://github.com/hyperspy/hyperspy,2017-08-31,9044.0,rank-2,708
Python,https://github.com/hyperspy/hyperspy,2017-09-01,9048.0,rank-2,708
Python,https://github.com/hyperspy/hyperspy,2017-09-03,9049.0,rank-2,708
Python,https://github.com/hyperspy/hyperspy,2017-09-04,9050.0,rank-2,708
Python,https://github.com/hyperspy/hyperspy,2017-09-05,9052.0,rank-2,708
Python,https://github.com/hyperspy/hyperspy,2017-09-07,9054.0,rank-2,708
Python,https://github.com/hyperspy/hyperspy,2017-09-08,9055.0,rank-2,708
Python,https://github.com/hyperspy/hyperspy,2017-09-09,9058.0,rank-2,708
Python,https://github.com/hyperspy/hyperspy,2017-09-10,9059.0,rank-2,708
Python,https://github.com/hyperspy/hyperspy,2017-09-11,9060.0,rank-2,708
Python,https://github.com/hyperspy/hyperspy,2017-09-13,9065.0,rank-2,708
Python,https://github.com/hyperspy/hyperspy,2017-09-14,9067.0,rank-2,708
Python,https://github.com/hyperspy/hyperspy,2017-09-15,9068.0,rank-2,708
Python,https://github.com/hyperspy/hyperspy,2017-09-17,9070.0,rank-2,708
Python,https://github.com/hyperspy/hyperspy,2017-09-18,9071.0,rank-2,708
Python,https://github.com/hyperspy/hyperspy,2017-09-19,9076.0,rank-2,708
Python,https://github.com/hyperspy/hyperspy,2017-09-20,9082.0,rank-2,708
Python,https://github.com/hyperspy/hyperspy,2017-09-25,9083.0,rank-2,708
Python,https://github.com/hyperspy/hyperspy,2017-09-26,9088.0,rank-2,708
Python,https://github.com/hyperspy/hyperspy,2017-09-27,9089.0,rank-2,708
Python,https://github.com/hyperspy/hyperspy,2017-09-28,9095.0,rank-2,708
Python,https://github.com/hyperspy/hyperspy,2017-09-29,9099.0,rank-2,708
Python,https://github.com/hyperspy/hyperspy,2017-09-30,9103.0,rank-2,708
Python,https://github.com/hyperspy/hyperspy,2017-10-02,9104.0,rank-2,708
Python,https://github.com/hyperspy/hyperspy,2017-10-03,9106.0,rank-2,708
Python,https://github.com/hyperspy/hyperspy,2017-10-04,9111.0,rank-2,708
Python,https://github.com/hyperspy/hyperspy,2017-10-05,9125.0,rank-2,708
Python,https://github.com/hyperspy/hyperspy,2017-10-06,9130.0,rank-2,708
Python,https://github.com/hyperspy/hyperspy,2017-10-08,9131.0,rank-2,708
Python,https://github.com/hyperspy/hyperspy,2017-10-09,9134.0,rank-2,708
Python,https://github.com/hyperspy/hyperspy,2017-10-10,9139.0,rank-2,708
Python,https://github.com/hyperspy/hyperspy,2017-10-11,9144.0,rank-2,708
Python,https://github.com/hyperspy/hyperspy,2017-10-12,9148.0,rank-2,708
Python,https://github.com/hyperspy/hyperspy,2017-10-13,9152.0,rank-2,708
Python,https://github.com/hyperspy/hyperspy,2017-10-14,9155.0,rank-2,708
Python,https://github.com/hyperspy/hyperspy,2017-10-15,9157.0,rank-2,708
Python,https://github.com/hyperspy/hyperspy,2017-10-16,9158.0,rank-2,708
Python,https://github.com/hyperspy/hyperspy,2017-10-17,9159.0,rank-2,708
Python,https://github.com/hyperspy/hyperspy,2017-10-20,9161.0,rank-2,708
Python,https://github.com/hyperspy/hyperspy,2017-10-24,9162.0,rank-2,708
Python,https://github.com/hyperspy/hyperspy,2017-10-25,9163.0,rank-2,708
Python,https://github.com/hyperspy/hyperspy,2017-10-26,9164.0,rank-2,708
Python,https://github.com/hyperspy/hyperspy,2017-10-29,9165.0,rank-2,708
Python,https://github.com/hyperspy/hyperspy,2017-11-11,9166.0,rank-2,708
Python,https://github.com/hyperspy/hyperspy,2017-11-16,9167.0,rank-2,708
Python,https://github.com/hyperspy/hyperspy,2017-11-22,9170.0,rank-2,708
Python,https://github.com/hyperspy/hyperspy,2017-11-28,9174.0,rank-2,708
Python,https://github.com/hyperspy/hyperspy,2017-11-30,9175.0,rank-2,708
Python,https://github.com/hyperspy/hyperspy,2017-12-05,9178.0,rank-2,708
Python,https://github.com/hyperspy/hyperspy,2017-12-10,9180.0,rank-2,708
Python,https://github.com/hyperspy/hyperspy,2017-12-11,9181.0,rank-2,708
Python,https://github.com/hyperspy/hyperspy,2017-12-14,9185.0,rank-2,708
Python,https://github.com/hyperspy/hyperspy,2017-12-15,9186.0,rank-2,708
Python,https://github.com/hyperspy/hyperspy,2017-12-16,9188.0,rank-2,708
Python,https://github.com/hyperspy/hyperspy,2017-12-17,9190.0,rank-2,708
Python,https://github.com/hyperspy/hyperspy,2017-12-20,9191.0,rank-2,708
Python,https://github.com/hyperspy/hyperspy,2018-01-05,9197.0,rank-2,708
Python,https://github.com/hyperspy/hyperspy,2018-01-09,9200.0,rank-2,708
Python,https://github.com/hyperspy/hyperspy,2018-01-11,9205.0,rank-2,708
Python,https://github.com/hyperspy/hyperspy,2018-01-12,9211.0,rank-2,708
Python,https://github.com/hyperspy/hyperspy,2018-01-13,9212.0,rank-2,708
Python,https://github.com/hyperspy/hyperspy,2018-01-14,9215.0,rank-2,708
Python,https://github.com/hyperspy/hyperspy,2018-01-15,9217.0,rank-2,708
Python,https://github.com/hyperspy/hyperspy,2018-01-17,9219.0,rank-2,708
Python,https://github.com/hyperspy/hyperspy,2018-01-18,9225.0,rank-2,708
Python,https://github.com/hyperspy/hyperspy,2018-01-19,9228.0,rank-2,708
Python,https://github.com/hyperspy/hyperspy,2018-01-20,9231.0,rank-2,708
Python,https://github.com/hyperspy/hyperspy,2018-01-21,9236.0,rank-2,708
Python,https://github.com/hyperspy/hyperspy,2018-01-22,9255.0,rank-2,708
Python,https://github.com/hyperspy/hyperspy,2018-01-23,9278.0,rank-2,708
Python,https://github.com/hyperspy/hyperspy,2018-01-24,9279.0,rank-2,708
Python,https://github.com/hyperspy/hyperspy,2018-01-25,9281.0,rank-2,708
Python,https://github.com/hyperspy/hyperspy,2018-01-26,9284.0,rank-2,708
Python,https://github.com/hyperspy/hyperspy,2018-01-27,9291.0,rank-2,708
Python,https://github.com/hyperspy/hyperspy,2018-01-28,9293.0,rank-2,708
Python,https://github.com/hyperspy/hyperspy,2018-01-29,9294.0,rank-2,708
Python,https://github.com/hyperspy/hyperspy,2018-01-30,9297.0,rank-2,708
Python,https://github.com/hyperspy/hyperspy,2018-01-31,9303.0,rank-2,708
Python,https://github.com/hyperspy/hyperspy,2018-02-02,9307.0,rank-2,708
Python,https://github.com/hyperspy/hyperspy,2018-02-03,9308.0,rank-2,708
Python,https://github.com/hyperspy/hyperspy,2018-02-04,9309.0,rank-2,708
Python,https://github.com/hyperspy/hyperspy,2018-02-05,9320.0,rank-2,708
Python,https://github.com/hyperspy/hyperspy,2018-02-06,9335.0,rank-2,708
Python,https://github.com/hyperspy/hyperspy,2018-02-07,9340.0,rank-2,708
Python,https://github.com/hyperspy/hyperspy,2018-02-08,9346.0,rank-2,708
Python,https://github.com/hyperspy/hyperspy,2018-02-09,9350.0,rank-2,708
Python,https://github.com/hyperspy/hyperspy,2018-02-10,9354.0,rank-2,708
Python,https://github.com/hyperspy/hyperspy,2018-02-12,9357.0,rank-2,708
Python,https://github.com/hyperspy/hyperspy,2018-02-13,9362.0,rank-2,708
Python,https://github.com/hyperspy/hyperspy,2018-02-14,9366.0,rank-2,708
Python,https://github.com/hyperspy/hyperspy,2018-02-16,9367.0,rank-2,708
Python,https://github.com/hyperspy/hyperspy,2018-02-17,9368.0,rank-2,708
Python,https://github.com/hyperspy/hyperspy,2018-02-18,9370.0,rank-2,708
Python,https://github.com/hyperspy/hyperspy,2018-02-19,9374.0,rank-2,708
Python,https://github.com/hyperspy/hyperspy,2018-02-20,9378.0,rank-2,708
Python,https://github.com/hyperspy/hyperspy,2018-02-21,9379.0,rank-2,708
Python,https://github.com/hyperspy/hyperspy,2018-02-22,9380.0,rank-2,708
Python,https://github.com/hyperspy/hyperspy,2018-02-23,9381.0,rank-2,708
Python,https://github.com/hyperspy/hyperspy,2018-02-25,9382.0,rank-2,708
Python,https://github.com/hyperspy/hyperspy,2018-02-26,9392.0,rank-2,708
Python,https://github.com/hyperspy/hyperspy,2018-02-27,9401.0,rank-2,708
Python,https://github.com/hyperspy/hyperspy,2018-02-28,9405.0,rank-2,708
Python,https://github.com/hyperspy/hyperspy,2018-03-01,9422.0,rank-2,708
Python,https://github.com/hyperspy/hyperspy,2018-03-02,9436.0,rank-2,708
Python,https://github.com/hyperspy/hyperspy,2018-03-03,9437.0,rank-2,708
Python,https://github.com/hyperspy/hyperspy,2018-03-04,9444.0,rank-2,708
Python,https://github.com/hyperspy/hyperspy,2018-03-05,9456.0,rank-2,708
Python,https://github.com/hyperspy/hyperspy,2018-03-06,9458.0,rank-2,708
Python,https://github.com/hyperspy/hyperspy,2018-03-07,9461.0,rank-2,708
Python,https://github.com/hyperspy/hyperspy,2018-03-08,9465.0,rank-2,708
Python,https://github.com/hyperspy/hyperspy,2018-03-09,9467.0,rank-2,708
Python,https://github.com/hyperspy/hyperspy,2018-03-11,9468.0,rank-2,708
Python,https://github.com/hyperspy/hyperspy,2018-03-13,9469.0,rank-2,708
Python,https://github.com/hyperspy/hyperspy,2018-03-14,9471.0,rank-2,708
Python,https://github.com/hyperspy/hyperspy,2018-03-15,9492.0,rank-2,708
Python,https://github.com/hyperspy/hyperspy,2018-03-16,9501.0,rank-2,708
Python,https://github.com/hyperspy/hyperspy,2018-03-17,9502.0,rank-2,708
Python,https://github.com/hyperspy/hyperspy,2018-03-18,9504.0,rank-2,708
Python,https://github.com/hyperspy/hyperspy,2018-03-19,9507.0,rank-2,708
Python,https://github.com/hyperspy/hyperspy,2018-03-20,9520.0,rank-2,708
Python,https://github.com/hyperspy/hyperspy,2018-03-21,9530.0,rank-2,708
Python,https://github.com/hyperspy/hyperspy,2018-03-22,9538.0,rank-2,708
Python,https://github.com/hyperspy/hyperspy,2018-03-23,9539.0,rank-2,708
Python,https://github.com/hyperspy/hyperspy,2018-03-26,9540.0,rank-2,708
Python,https://github.com/hyperspy/hyperspy,2018-03-28,9542.0,rank-2,708
Python,https://github.com/hyperspy/hyperspy,2018-03-29,9543.0,rank-2,708
Python,https://github.com/hyperspy/hyperspy,2018-03-31,9544.0,rank-2,708
Python,https://github.com/hyperspy/hyperspy,2018-04-01,9546.0,rank-2,708
Python,https://github.com/hyperspy/hyperspy,2018-04-03,9549.0,rank-2,708
Python,https://github.com/hyperspy/hyperspy,2018-04-04,9555.0,rank-2,708
Python,https://github.com/hyperspy/hyperspy,2018-04-05,9568.0,rank-2,708
Python,https://github.com/hyperspy/hyperspy,2018-04-06,9586.0,rank-2,708
Python,https://github.com/hyperspy/hyperspy,2018-04-07,9590.0,rank-2,708
Python,https://github.com/hyperspy/hyperspy,2018-04-08,9593.0,rank-2,708
Python,https://github.com/hyperspy/hyperspy,2018-04-09,9604.0,rank-2,708
Python,https://github.com/hyperspy/hyperspy,2018-04-10,9616.0,rank-2,708
Python,https://github.com/hyperspy/hyperspy,2018-04-11,9631.0,rank-2,708
Python,https://github.com/hyperspy/hyperspy,2018-04-12,9647.0,rank-2,708
Python,https://github.com/hyperspy/hyperspy,2018-04-13,9657.0,rank-2,708
Python,https://github.com/hyperspy/hyperspy,2018-04-14,9659.0,rank-2,708
Python,https://github.com/hyperspy/hyperspy,2018-04-15,9661.0,rank-2,708
Python,https://github.com/hyperspy/hyperspy,2018-04-16,9669.0,rank-2,708
Python,https://github.com/hyperspy/hyperspy,2018-04-17,9681.0,rank-2,708
Python,https://github.com/hyperspy/hyperspy,2018-04-18,9684.0,rank-2,708
Python,https://github.com/hyperspy/hyperspy,2018-04-19,9714.0,rank-2,708
Python,https://github.com/hyperspy/hyperspy,2018-04-20,9715.0,rank-2,708
Python,https://github.com/hyperspy/hyperspy,2018-04-21,9716.0,rank-2,708
Python,https://github.com/hyperspy/hyperspy,2018-04-22,9717.0,rank-2,708
Python,https://github.com/hyperspy/hyperspy,2018-04-23,9718.0,rank-2,708
Python,https://github.com/hyperspy/hyperspy,2018-04-24,9721.0,rank-2,708
Python,https://github.com/hyperspy/hyperspy,2018-04-25,9725.0,rank-2,708
Python,https://github.com/hyperspy/hyperspy,2018-04-26,9728.0,rank-2,708
Python,https://github.com/hyperspy/hyperspy,2018-04-27,9732.0,rank-2,708
Python,https://github.com/hyperspy/hyperspy,2018-04-28,9736.0,rank-2,708
Python,https://github.com/hyperspy/hyperspy,2018-04-29,9741.0,rank-2,708
Python,https://github.com/hyperspy/hyperspy,2018-05-01,9742.0,rank-2,708
Python,https://github.com/hyperspy/hyperspy,2018-05-02,9744.0,rank-2,708
Python,https://github.com/hyperspy/hyperspy,2018-05-03,9747.0,rank-2,708
Python,https://github.com/hyperspy/hyperspy,2018-05-08,9752.0,rank-2,708
Python,https://github.com/hyperspy/hyperspy,2018-05-09,9755.0,rank-2,708
Python,https://github.com/hyperspy/hyperspy,2018-05-12,9757.0,rank-2,708
Python,https://github.com/hyperspy/hyperspy,2018-05-13,9759.0,rank-2,708
Python,https://github.com/hyperspy/hyperspy,2018-05-14,9763.0,rank-2,708
Python,https://github.com/hyperspy/hyperspy,2018-05-15,9767.0,rank-2,708
Python,https://github.com/hyperspy/hyperspy,2018-05-16,9771.0,rank-2,708
Python,https://github.com/hyperspy/hyperspy,2018-05-17,9773.0,rank-2,708
Python,https://github.com/hyperspy/hyperspy,2018-05-20,9774.0,rank-2,708
Python,https://github.com/hyperspy/hyperspy,2018-05-21,9776.0,rank-2,708
Python,https://github.com/hyperspy/hyperspy,2018-05-23,9784.0,rank-2,708
Python,https://github.com/hyperspy/hyperspy,2018-05-24,9786.0,rank-2,708
Python,https://github.com/hyperspy/hyperspy,2018-05-25,9789.0,rank-2,708
Python,https://github.com/hyperspy/hyperspy,2018-05-26,9791.0,rank-2,708
Python,https://github.com/hyperspy/hyperspy,2018-05-27,9792.0,rank-2,708
Python,https://github.com/hyperspy/hyperspy,2018-05-29,9794.0,rank-2,708
Python,https://github.com/hyperspy/hyperspy,2018-05-30,9798.0,rank-2,708
Python,https://github.com/hyperspy/hyperspy,2018-05-31,9805.0,rank-2,708
Python,https://github.com/hyperspy/hyperspy,2018-06-01,9808.0,rank-2,708
Python,https://github.com/hyperspy/hyperspy,2018-06-04,9809.0,rank-2,708
Python,https://github.com/hyperspy/hyperspy,2018-06-05,9812.0,rank-2,708
Python,https://github.com/hyperspy/hyperspy,2018-06-07,9816.0,rank-2,708
Python,https://github.com/hyperspy/hyperspy,2018-06-11,9820.0,rank-2,708
Python,https://github.com/hyperspy/hyperspy,2018-06-12,9824.0,rank-2,708
Python,https://github.com/hyperspy/hyperspy,2018-06-13,9825.0,rank-2,708
Python,https://github.com/hyperspy/hyperspy,2018-06-18,9829.0,rank-2,708
Python,https://github.com/hyperspy/hyperspy,2018-06-20,9831.0,rank-2,708
Python,https://github.com/hyperspy/hyperspy,2018-06-21,9833.0,rank-2,708
Python,https://github.com/hyperspy/hyperspy,2018-06-25,9835.0,rank-2,708
Python,https://github.com/hyperspy/hyperspy,2018-06-27,9842.0,rank-2,708
Python,https://github.com/hyperspy/hyperspy,2018-06-29,9844.0,rank-2,708
Python,https://github.com/hyperspy/hyperspy,2018-06-30,9849.0,rank-2,708
Python,https://github.com/hyperspy/hyperspy,2018-07-02,9882.0,rank-2,708
Python,https://github.com/hyperspy/hyperspy,2018-07-03,9918.0,rank-2,708
Python,https://github.com/hyperspy/hyperspy,2018-07-04,9920.0,rank-2,708
Python,https://github.com/hyperspy/hyperspy,2018-07-06,9923.0,rank-2,708
Python,https://github.com/hyperspy/hyperspy,2018-07-10,9927.0,rank-2,708
Python,https://github.com/hyperspy/hyperspy,2018-07-11,9932.0,rank-2,708
Python,https://github.com/hyperspy/hyperspy,2018-07-12,9935.0,rank-2,708
Python,https://github.com/hyperspy/hyperspy,2018-07-13,9937.0,rank-2,708
Python,https://github.com/hyperspy/hyperspy,2018-07-16,9940.0,rank-2,708
Python,https://github.com/hyperspy/hyperspy,2018-07-17,9944.0,rank-2,708
Python,https://github.com/hyperspy/hyperspy,2018-07-18,9961.0,rank-2,708
Python,https://github.com/hyperspy/hyperspy,2018-07-19,9967.0,rank-2,708
Python,https://github.com/hyperspy/hyperspy,2018-07-20,9972.0,rank-2,708
Python,https://github.com/hyperspy/hyperspy,2018-07-25,9975.0,rank-2,708
Python,https://github.com/hyperspy/hyperspy,2018-07-26,9991.0,rank-2,708
Python,https://github.com/hyperspy/hyperspy,2018-07-27,9995.0,rank-2,708
Python,https://github.com/hyperspy/hyperspy,2018-07-30,9996.0,rank-2,708
Python,https://github.com/hyperspy/hyperspy,2018-07-31,9999.0,rank-2,708
Python,https://github.com/hyperspy/hyperspy,2018-08-01,10000.0,rank-2,708
Python,https://github.com/hyperspy/hyperspy,2018-08-02,10001.0,rank-2,708
Python,https://github.com/hyperspy/hyperspy,2018-08-07,10002.0,rank-2,708
Python,https://github.com/hyperspy/hyperspy,2018-08-08,10009.0,rank-2,708
Python,https://github.com/hyperspy/hyperspy,2018-08-09,10010.0,rank-2,708
Python,https://github.com/hyperspy/hyperspy,2018-08-13,10014.0,rank-2,708
Python,https://github.com/hyperspy/hyperspy,2018-08-15,10016.0,rank-2,708
Python,https://github.com/hyperspy/hyperspy,2018-08-16,10018.0,rank-2,708
Python,https://github.com/hyperspy/hyperspy,2018-08-17,10019.0,rank-2,708
Python,https://github.com/hyperspy/hyperspy,2018-08-18,10024.0,rank-2,708
Python,https://github.com/hyperspy/hyperspy,2018-08-19,10027.0,rank-2,708
Python,https://github.com/hyperspy/hyperspy,2018-08-20,10028.0,rank-2,708
Python,https://github.com/hyperspy/hyperspy,2018-08-22,10035.0,rank-2,708
Python,https://github.com/hyperspy/hyperspy,2018-08-23,10054.0,rank-2,708
Python,https://github.com/hyperspy/hyperspy,2018-08-24,10071.0,rank-2,708
Python,https://github.com/hyperspy/hyperspy,2018-08-27,10076.0,rank-2,708
Python,https://github.com/hyperspy/hyperspy,2018-08-28,10102.0,rank-2,708
Python,https://github.com/hyperspy/hyperspy,2018-08-29,10116.0,rank-2,708
Python,https://github.com/hyperspy/hyperspy,2018-08-30,10128.0,rank-2,708
Python,https://github.com/hyperspy/hyperspy,2018-08-31,10148.0,rank-2,708
Python,https://github.com/hyperspy/hyperspy,2018-09-01,10153.0,rank-2,708
Python,https://github.com/hyperspy/hyperspy,2018-09-03,10166.0,rank-2,708
Python,https://github.com/hyperspy/hyperspy,2018-09-04,10171.0,rank-2,708
Python,https://github.com/hyperspy/hyperspy,2018-09-10,10172.0,rank-2,708
Python,https://github.com/hyperspy/hyperspy,2018-09-14,10177.0,rank-2,708
Python,https://github.com/hyperspy/hyperspy,2018-09-18,10180.0,rank-2,708
Python,https://github.com/hyperspy/hyperspy,2018-09-21,10181.0,rank-2,708
Python,https://github.com/hyperspy/hyperspy,2018-09-23,10185.0,rank-2,708
Python,https://github.com/hyperspy/hyperspy,2018-09-24,10186.0,rank-2,708
Python,https://github.com/hyperspy/hyperspy,2018-09-25,10191.0,rank-2,708
Python,https://github.com/hyperspy/hyperspy,2018-09-26,10194.0,rank-2,708
Python,https://github.com/hyperspy/hyperspy,2018-09-27,10195.0,rank-2,708
Python,https://github.com/hyperspy/hyperspy,2018-09-28,10198.0,rank-2,708
Python,https://github.com/hyperspy/hyperspy,2018-09-29,10202.0,rank-2,708
Python,https://github.com/hyperspy/hyperspy,2018-10-01,10205.0,rank-2,708
Python,https://github.com/hyperspy/hyperspy,2018-10-04,10208.0,rank-2,708
Python,https://github.com/hyperspy/hyperspy,2018-10-15,10212.0,rank-2,708
Python,https://github.com/hyperspy/hyperspy,2018-10-17,10214.0,rank-2,708
Python,https://github.com/hyperspy/hyperspy,2018-10-18,10219.0,rank-2,708
Python,https://github.com/hyperspy/hyperspy,2018-10-19,10224.0,rank-2,708
Python,https://github.com/hyperspy/hyperspy,2018-10-20,10236.0,rank-2,708
Python,https://github.com/hyperspy/hyperspy,2018-10-22,10239.0,rank-2,708
Python,https://github.com/hyperspy/hyperspy,2018-10-23,10246.0,rank-2,708
Python,https://github.com/hyperspy/hyperspy,2018-10-29,10247.0,rank-2,708
Python,https://github.com/hyperspy/hyperspy,2018-10-30,10248.0,rank-2,708
Python,https://github.com/hyperspy/hyperspy,2018-11-03,10250.0,rank-2,708
Python,https://github.com/hyperspy/hyperspy,2018-11-06,10251.0,rank-2,708
Python,https://github.com/hyperspy/hyperspy,2018-11-11,10253.0,rank-2,708
Python,https://github.com/hyperspy/hyperspy,2018-11-15,10259.0,rank-2,708
Python,https://github.com/hyperspy/hyperspy,2018-11-16,10264.0,rank-2,708
Python,https://github.com/hyperspy/hyperspy,2018-11-19,10268.0,rank-2,708
Python,https://github.com/hyperspy/hyperspy,2018-11-20,10269.0,rank-2,708
Python,https://github.com/hyperspy/hyperspy,2018-11-23,10271.0,rank-2,708
Python,https://github.com/hyperspy/hyperspy,2018-11-26,10273.0,rank-2,708
Python,https://github.com/hyperspy/hyperspy,2018-11-27,10275.0,rank-2,708
Python,https://github.com/hyperspy/hyperspy,2018-11-28,10277.0,rank-2,708
Python,https://github.com/hyperspy/hyperspy,2018-11-29,10278.0,rank-2,708
Python,https://github.com/hyperspy/hyperspy,2018-11-30,10280.0,rank-2,708
Python,https://github.com/hyperspy/hyperspy,2018-12-01,10288.0,rank-2,708
Python,https://github.com/hyperspy/hyperspy,2018-12-02,10291.0,rank-2,708
Python,https://github.com/hyperspy/hyperspy,2018-12-05,10296.0,rank-2,708
Python,https://github.com/hyperspy/hyperspy,2018-12-06,10303.0,rank-2,708
Python,https://github.com/hyperspy/hyperspy,2018-12-07,10308.0,rank-2,708
Python,https://github.com/hyperspy/hyperspy,2018-12-09,10309.0,rank-2,708
Python,https://github.com/hyperspy/hyperspy,2018-12-14,10312.0,rank-2,708
Python,https://github.com/hyperspy/hyperspy,2018-12-15,10315.0,rank-2,708
Python,https://github.com/hyperspy/hyperspy,2019-01-10,10320.0,rank-2,708
Python,https://github.com/hyperspy/hyperspy,2019-01-13,10323.0,rank-2,708
Python,https://github.com/hyperspy/hyperspy,2019-01-14,10324.0,rank-2,708
Python,https://github.com/hyperspy/hyperspy,2019-01-24,10333.0,rank-2,708
Python,https://github.com/hyperspy/hyperspy,2019-01-25,10335.0,rank-2,708
Python,https://github.com/hyperspy/hyperspy,2019-01-29,10336.0,rank-2,708
Python,https://github.com/hyperspy/hyperspy,2019-02-03,10341.0,rank-2,708
Python,https://github.com/hyperspy/hyperspy,2019-02-05,10345.0,rank-2,708
Python,https://github.com/hyperspy/hyperspy,2019-02-06,10346.0,rank-2,708
Python,https://github.com/hyperspy/hyperspy,2019-02-12,10347.0,rank-2,708
Python,https://github.com/hyperspy/hyperspy,2019-02-28,10348.0,rank-2,708
Python,https://github.com/hyperspy/hyperspy,2019-03-05,10351.0,rank-2,708
Python,https://github.com/hyperspy/hyperspy,2019-03-06,10358.0,rank-2,708
Python,https://github.com/hyperspy/hyperspy,2019-03-16,10360.0,rank-2,708
Python,https://github.com/hyperspy/hyperspy,2019-03-21,10363.0,rank-2,708
Python,https://github.com/hyperspy/hyperspy,2019-03-23,10367.0,rank-2,708
Python,https://github.com/hyperspy/hyperspy,2019-03-25,10371.0,rank-2,708
Python,https://github.com/hyperspy/hyperspy,2019-03-26,10377.0,rank-2,708
Python,https://github.com/hyperspy/hyperspy,2019-03-27,10406.0,rank-2,708
Python,https://github.com/hyperspy/hyperspy,2019-03-28,10408.0,rank-2,708
Python,https://github.com/hyperspy/hyperspy,2019-03-29,10414.0,rank-2,708
Python,https://github.com/hyperspy/hyperspy,2019-04-01,10416.0,rank-2,708
Python,https://github.com/hyperspy/hyperspy,2019-04-02,10421.0,rank-2,708
Python,https://github.com/hyperspy/hyperspy,2019-04-03,10426.0,rank-2,708
Python,https://github.com/hyperspy/hyperspy,2019-04-04,10428.0,rank-2,708
Python,https://github.com/hyperspy/hyperspy,2019-04-08,10429.0,rank-2,708
Python,https://github.com/hyperspy/hyperspy,2019-04-12,10430.0,rank-2,708
Python,https://github.com/hyperspy/hyperspy,2019-04-15,10434.0,rank-2,708
Python,https://github.com/hyperspy/hyperspy,2019-04-16,10447.0,rank-2,708
Python,https://github.com/hyperspy/hyperspy,2019-04-17,10468.0,rank-2,708
Python,https://github.com/hyperspy/hyperspy,2019-04-18,10492.0,rank-2,708
Python,https://github.com/hyperspy/hyperspy,2019-04-19,10508.0,rank-2,708
Python,https://github.com/hyperspy/hyperspy,2019-04-20,10519.0,rank-2,708
Python,https://github.com/hyperspy/hyperspy,2019-04-21,10527.0,rank-2,708
Python,https://github.com/hyperspy/hyperspy,2019-04-24,10534.0,rank-2,708
Python,https://github.com/hyperspy/hyperspy,2019-04-25,10536.0,rank-2,708
Python,https://github.com/hyperspy/hyperspy,2019-04-26,10540.0,rank-2,708
Python,https://github.com/hyperspy/hyperspy,2019-04-28,10541.0,rank-2,708
Python,https://github.com/hyperspy/hyperspy,2019-04-29,10548.0,rank-2,708
Python,https://github.com/hyperspy/hyperspy,2019-04-30,10549.0,rank-2,708
Python,https://github.com/hyperspy/hyperspy,2019-05-01,10559.0,rank-2,708
Python,https://github.com/hyperspy/hyperspy,2019-05-03,10571.0,rank-2,708
Python,https://github.com/hyperspy/hyperspy,2019-05-07,10573.0,rank-2,708
Python,https://github.com/hyperspy/hyperspy,2019-05-09,10581.0,rank-2,708
Python,https://github.com/hyperspy/hyperspy,2019-05-10,10582.0,rank-2,708
Python,https://github.com/hyperspy/hyperspy,2019-05-13,10593.0,rank-2,708
Python,https://github.com/hyperspy/hyperspy,2019-05-14,10609.0,rank-2,708
Python,https://github.com/hyperspy/hyperspy,2019-05-15,10617.0,rank-2,708
Python,https://github.com/hyperspy/hyperspy,2019-05-16,10632.0,rank-2,708
Python,https://github.com/hyperspy/hyperspy,2019-05-17,10650.0,rank-2,708
Python,https://github.com/hyperspy/hyperspy,2019-05-18,10654.0,rank-2,708
Python,https://github.com/hyperspy/hyperspy,2019-05-20,10672.0,rank-2,708
Python,https://github.com/hyperspy/hyperspy,2019-05-21,10681.0,rank-2,708
Python,https://github.com/hyperspy/hyperspy,2019-05-22,10689.0,rank-2,708
Python,https://github.com/hyperspy/hyperspy,2019-05-23,10701.0,rank-2,708
Python,https://github.com/hyperspy/hyperspy,2019-05-24,10710.0,rank-2,708
Python,https://github.com/hyperspy/hyperspy,2019-05-27,10714.0,rank-2,708
Python,https://github.com/hyperspy/hyperspy,2019-05-28,10715.0,rank-2,708
Python,https://github.com/hyperspy/hyperspy,2019-05-31,10720.0,rank-2,708
Python,https://github.com/hyperspy/hyperspy,2019-06-02,10722.0,rank-2,708
Python,https://github.com/hyperspy/hyperspy,2019-06-03,10731.0,rank-2,708
Python,https://github.com/hyperspy/hyperspy,2019-06-05,10747.0,rank-2,708
Python,https://github.com/hyperspy/hyperspy,2019-06-14,10751.0,rank-2,708
Python,https://github.com/hyperspy/hyperspy,2019-06-17,10766.0,rank-2,708
Python,https://github.com/hyperspy/hyperspy,2019-06-18,10781.0,rank-2,708
Python,https://github.com/hyperspy/hyperspy,2019-06-19,10786.0,rank-2,708
Python,https://github.com/hyperspy/hyperspy,2019-06-20,10789.0,rank-2,708
Python,https://github.com/hyperspy/hyperspy,2019-06-21,10799.0,rank-2,708
Python,https://github.com/hyperspy/hyperspy,2019-06-22,10804.0,rank-2,708
Python,https://github.com/hyperspy/hyperspy,2019-06-24,10805.0,rank-2,708
Python,https://github.com/hyperspy/hyperspy,2019-06-25,10810.0,rank-2,708
Python,https://github.com/hyperspy/hyperspy,2019-06-26,10815.0,rank-2,708
Python,https://github.com/hyperspy/hyperspy,2019-06-27,10818.0,rank-2,708
Python,https://github.com/hyperspy/hyperspy,2019-06-28,10819.0,rank-2,708
Python,https://github.com/hyperspy/hyperspy,2019-07-01,10824.0,rank-2,708
Python,https://github.com/hyperspy/hyperspy,2019-07-02,10828.0,rank-2,708
Python,https://github.com/hyperspy/hyperspy,2019-07-04,10834.0,rank-2,708
Python,https://github.com/hyperspy/hyperspy,2019-07-05,10837.0,rank-2,708
Python,https://github.com/hyperspy/hyperspy,2019-07-09,10839.0,rank-2,708
Python,https://github.com/hyperspy/hyperspy,2019-07-10,10840.0,rank-2,708
Python,https://github.com/hyperspy/hyperspy,2019-07-11,10852.0,rank-2,708
Python,https://github.com/hyperspy/hyperspy,2019-07-12,10860.0,rank-2,708
Python,https://github.com/hyperspy/hyperspy,2019-07-15,10878.0,rank-2,708
Python,https://github.com/hyperspy/hyperspy,2019-07-16,10900.0,rank-2,708
Python,https://github.com/hyperspy/hyperspy,2019-07-17,10902.0,rank-2,708
Python,https://github.com/hyperspy/hyperspy,2019-07-18,10916.0,rank-2,708
Python,https://github.com/hyperspy/hyperspy,2019-07-19,10937.0,rank-2,708
Python,https://github.com/hyperspy/hyperspy,2019-07-22,10942.0,rank-2,708
Python,https://github.com/hyperspy/hyperspy,2019-07-24,10945.0,rank-2,708
Python,https://github.com/hyperspy/hyperspy,2019-07-25,10970.0,rank-2,708
Python,https://github.com/hyperspy/hyperspy,2019-07-26,10983.0,rank-2,708
Python,https://github.com/hyperspy/hyperspy,2019-07-27,10999.0,rank-2,708
Python,https://github.com/hyperspy/hyperspy,2019-07-28,11008.0,rank-2,708
Python,https://github.com/hyperspy/hyperspy,2019-07-29,11009.0,rank-2,708
Python,https://github.com/hyperspy/hyperspy,2019-08-02,11011.0,rank-2,708
Python,https://github.com/hyperspy/hyperspy,2019-08-06,11015.0,rank-2,708
Python,https://github.com/hyperspy/hyperspy,2019-08-09,11016.0,rank-2,708
Python,https://github.com/hyperspy/hyperspy,2019-08-30,11017.0,rank-2,708
Python,https://github.com/hyperspy/hyperspy,2019-09-02,11028.0,rank-2,708
Python,https://github.com/hyperspy/hyperspy,2019-09-03,11036.0,rank-2,708
Python,https://github.com/hyperspy/hyperspy,2019-09-04,11041.0,rank-2,708
Python,https://github.com/hyperspy/hyperspy,2019-09-05,11049.0,rank-2,708
Python,https://github.com/hyperspy/hyperspy,2019-09-06,11056.0,rank-2,708
Python,https://github.com/hyperspy/hyperspy,2019-09-07,11060.0,rank-2,708
Python,https://github.com/hyperspy/hyperspy,2019-09-08,11062.0,rank-2,708
Python,https://github.com/hyperspy/hyperspy,2019-09-10,11066.0,rank-2,708
Python,https://github.com/hyperspy/hyperspy,2019-09-11,11068.0,rank-2,708
Python,https://github.com/hyperspy/hyperspy,2019-09-14,11069.0,rank-2,708
Python,https://github.com/hyperspy/hyperspy,2019-09-16,11073.0,rank-2,708
Python,https://github.com/hyperspy/hyperspy,2019-09-23,11078.0,rank-2,708
Python,https://github.com/hyperspy/hyperspy,2019-09-24,11079.0,rank-2,708
Python,https://github.com/hyperspy/hyperspy,2019-09-27,11083.0,rank-2,708
Python,https://github.com/hyperspy/hyperspy,2019-09-28,11085.0,rank-2,708
Python,https://github.com/hyperspy/hyperspy,2019-10-01,11088.0,rank-2,708
Python,https://github.com/hyperspy/hyperspy,2019-10-02,11089.0,rank-2,708
Python,https://github.com/hyperspy/hyperspy,2019-10-07,11091.0,rank-2,708
Python,https://github.com/hyperspy/hyperspy,2019-10-08,11095.0,rank-2,708
Python,https://github.com/hyperspy/hyperspy,2019-10-11,11098.0,rank-2,708
Python,https://github.com/hyperspy/hyperspy,2019-10-14,11099.0,rank-2,708
Python,https://github.com/hyperspy/hyperspy,2019-10-17,11105.0,rank-2,708
Python,https://github.com/hyperspy/hyperspy,2019-10-18,11109.0,rank-2,708
Python,https://github.com/hyperspy/hyperspy,2019-10-21,11111.0,rank-2,708
Python,https://github.com/hyperspy/hyperspy,2019-10-22,11112.0,rank-2,708
Python,https://github.com/hyperspy/hyperspy,2019-10-24,11113.0,rank-2,708
Python,https://github.com/hyperspy/hyperspy,2019-10-28,11119.0,rank-2,708
Python,https://github.com/hyperspy/hyperspy,2019-10-30,11120.0,rank-2,708
Python,https://github.com/hyperspy/hyperspy,2019-10-31,11122.0,rank-2,708
Python,https://github.com/hyperspy/hyperspy,2019-11-02,11124.0,rank-2,708
Python,https://github.com/hyperspy/hyperspy,2019-11-05,11128.0,rank-2,708
Python,https://github.com/hyperspy/hyperspy,2019-11-08,11130.0,rank-2,708
Python,https://github.com/hyperspy/hyperspy,2019-11-10,11131.0,rank-2,708
Python,https://github.com/hyperspy/hyperspy,2019-11-11,11134.0,rank-2,708
Python,https://github.com/hyperspy/hyperspy,2019-11-12,11140.0,rank-2,708
Python,https://github.com/hyperspy/hyperspy,2019-11-13,11154.0,rank-2,708
Python,https://github.com/hyperspy/hyperspy,2019-11-14,11157.0,rank-2,708
Python,https://github.com/hyperspy/hyperspy,2019-11-15,11166.0,rank-2,708
Python,https://github.com/hyperspy/hyperspy,2019-11-17,11168.0,rank-2,708
Python,https://github.com/hyperspy/hyperspy,2019-11-18,11169.0,rank-2,708
Python,https://github.com/hyperspy/hyperspy,2019-11-20,11171.0,rank-2,708
Python,https://github.com/hyperspy/hyperspy,2019-11-21,11172.0,rank-2,708
Python,https://github.com/hyperspy/hyperspy,2019-11-22,11173.0,rank-2,708
Python,https://github.com/hyperspy/hyperspy,2019-11-23,11174.0,rank-2,708
Python,https://github.com/hyperspy/hyperspy,2019-11-25,11176.0,rank-2,708
Python,https://github.com/hyperspy/hyperspy,2019-11-26,11180.0,rank-2,708
Python,https://github.com/hyperspy/hyperspy,2019-11-27,11184.0,rank-2,708
Python,https://github.com/hyperspy/hyperspy,2019-11-28,11185.0,rank-2,708
Python,https://github.com/hyperspy/hyperspy,2019-11-29,11191.0,rank-2,708
Python,https://github.com/hyperspy/hyperspy,2019-11-30,11192.0,rank-2,708
Python,https://github.com/hyperspy/hyperspy,2019-12-01,11193.0,rank-2,708
Python,https://github.com/hyperspy/hyperspy,2019-12-02,11194.0,rank-2,708
Python,https://github.com/hyperspy/hyperspy,2019-12-04,11200.0,rank-2,708
Python,https://github.com/hyperspy/hyperspy,2019-12-06,11209.0,rank-2,708
Python,https://github.com/hyperspy/hyperspy,2019-12-07,11210.0,rank-2,708
Python,https://github.com/hyperspy/hyperspy,2019-12-08,11211.0,rank-2,708
Python,https://github.com/hyperspy/hyperspy,2019-12-09,11218.0,rank-2,708
Python,https://github.com/hyperspy/hyperspy,2019-12-10,11220.0,rank-2,708
Python,https://github.com/hyperspy/hyperspy,2019-12-12,11230.0,rank-2,708
Python,https://github.com/hyperspy/hyperspy,2019-12-13,11233.0,rank-2,708
Python,https://github.com/hyperspy/hyperspy,2019-12-15,11234.0,rank-2,708
Python,https://github.com/hyperspy/hyperspy,2019-12-18,11237.0,rank-2,708
Python,https://github.com/hyperspy/hyperspy,2019-12-19,11239.0,rank-2,708
Python,https://github.com/hyperspy/hyperspy,2019-12-20,11241.0,rank-2,708
Python,https://github.com/hyperspy/hyperspy,2019-12-21,11243.0,rank-2,708
Python,https://github.com/hyperspy/hyperspy,2020-01-02,11255.0,rank-2,708
Python,https://github.com/hyperspy/hyperspy,2020-01-03,11265.0,rank-2,708
Python,https://github.com/hyperspy/hyperspy,2020-01-04,11266.0,rank-2,708
Python,https://github.com/hyperspy/hyperspy,2020-01-05,11268.0,rank-2,708
Python,https://github.com/hyperspy/hyperspy,2020-01-06,11273.0,rank-2,708
Python,https://github.com/hyperspy/hyperspy,2020-01-07,11282.0,rank-2,708
Python,https://github.com/hyperspy/hyperspy,2020-01-08,11297.0,rank-2,708
Python,https://github.com/hyperspy/hyperspy,2020-01-09,11306.0,rank-2,708
Python,https://github.com/hyperspy/hyperspy,2020-01-11,11307.0,rank-2,708
Python,https://github.com/hyperspy/hyperspy,2020-01-12,11309.0,rank-2,708
Python,https://github.com/hyperspy/hyperspy,2020-01-13,11314.0,rank-2,708
Python,https://github.com/hyperspy/hyperspy,2020-01-14,11317.0,rank-2,708
Python,https://github.com/hyperspy/hyperspy,2020-01-15,11323.0,rank-2,708
Python,https://github.com/hyperspy/hyperspy,2020-01-16,11343.0,rank-2,708
Python,https://github.com/hyperspy/hyperspy,2020-01-17,11348.0,rank-2,708
Python,https://github.com/hyperspy/hyperspy,2020-01-18,11349.0,rank-2,708
Python,https://github.com/hyperspy/hyperspy,2020-01-19,11361.0,rank-2,708
Python,https://github.com/hyperspy/hyperspy,2020-01-20,11367.0,rank-2,708
Python,https://github.com/hyperspy/hyperspy,2020-01-21,11370.0,rank-2,708
Python,https://github.com/hyperspy/hyperspy,2020-01-23,11374.0,rank-2,708
Python,https://github.com/hyperspy/hyperspy,2020-01-24,11378.0,rank-2,708
Python,https://github.com/hyperspy/hyperspy,2020-01-25,11389.0,rank-2,708
Python,https://github.com/hyperspy/hyperspy,2020-01-27,11398.0,rank-2,708
Python,https://github.com/hyperspy/hyperspy,2020-01-28,11401.0,rank-2,708
Python,https://github.com/hyperspy/hyperspy,2020-01-29,11407.0,rank-2,708
Python,https://github.com/hyperspy/hyperspy,2020-02-01,11408.0,rank-2,708
Python,https://github.com/hyperspy/hyperspy,2020-02-02,11415.0,rank-2,708
Python,https://github.com/hyperspy/hyperspy,2020-02-03,11419.0,rank-2,708
Python,https://github.com/hyperspy/hyperspy,2020-02-04,11425.0,rank-2,708
Python,https://github.com/hyperspy/hyperspy,2020-02-05,11431.0,rank-2,708
Python,https://github.com/hyperspy/hyperspy,2020-02-06,11436.0,rank-2,708
Python,https://github.com/hyperspy/hyperspy,2020-02-08,11438.0,rank-2,708
Python,https://github.com/hyperspy/hyperspy,2020-02-13,11440.0,rank-2,708
Python,https://github.com/hyperspy/hyperspy,2020-02-14,11441.0,rank-2,708
Python,https://github.com/hyperspy/hyperspy,2020-02-17,11442.0,rank-2,708
Python,https://github.com/hyperspy/hyperspy,2020-02-21,11444.0,rank-2,708
Python,https://github.com/hyperspy/hyperspy,2020-02-22,11446.0,rank-2,708
Python,https://github.com/hyperspy/hyperspy,2020-02-23,11449.0,rank-2,708
Python,https://github.com/hyperspy/hyperspy,2020-02-25,11453.0,rank-2,708
Python,https://github.com/hyperspy/hyperspy,2020-02-26,11455.0,rank-2,708
Python,https://github.com/hyperspy/hyperspy,2020-02-27,11462.0,rank-2,708
Python,https://github.com/hyperspy/hyperspy,2020-02-29,11465.0,rank-2,708
Python,https://github.com/hyperspy/hyperspy,2020-03-02,11468.0,rank-2,708
Python,https://github.com/hyperspy/hyperspy,2020-03-03,11471.0,rank-2,708
Python,https://github.com/hyperspy/hyperspy,2020-03-04,11477.0,rank-2,708
Python,https://github.com/hyperspy/hyperspy,2020-03-05,11479.0,rank-2,708
Python,https://github.com/hyperspy/hyperspy,2020-03-07,11480.0,rank-2,708
Python,https://github.com/hyperspy/hyperspy,2020-03-09,11481.0,rank-2,708
Python,https://github.com/hyperspy/hyperspy,2020-03-12,11484.0,rank-2,708
Python,https://github.com/hyperspy/hyperspy,2020-03-13,11485.0,rank-2,708
Python,https://github.com/hyperspy/hyperspy,2020-03-16,11487.0,rank-2,708
Python,https://github.com/hyperspy/hyperspy,2020-03-17,11488.0,rank-2,708
Python,https://github.com/hyperspy/hyperspy,2020-03-18,11492.0,rank-2,708
Python,https://github.com/hyperspy/hyperspy,2020-03-20,11493.0,rank-2,708
Python,https://github.com/hyperspy/hyperspy,2020-03-22,11495.0,rank-2,708
Python,https://github.com/hyperspy/hyperspy,2020-03-23,11497.0,rank-2,708
Python,https://github.com/hyperspy/hyperspy,2020-03-24,11499.0,rank-2,708
Python,https://github.com/hyperspy/hyperspy,2020-03-31,11504.0,rank-2,708
Python,https://github.com/hyperspy/hyperspy,2020-04-01,11523.0,rank-2,708
Python,https://github.com/hyperspy/hyperspy,2020-04-02,11544.0,rank-2,708
Python,https://github.com/hyperspy/hyperspy,2020-04-03,11558.0,rank-2,708
Python,https://github.com/hyperspy/hyperspy,2020-04-04,11561.0,rank-2,708
Python,https://github.com/hyperspy/hyperspy,2020-04-05,11564.0,rank-2,708
Python,https://github.com/hyperspy/hyperspy,2020-04-06,11574.0,rank-2,708
Python,https://github.com/hyperspy/hyperspy,2020-04-07,11579.0,rank-2,708
Python,https://github.com/hyperspy/hyperspy,2020-04-08,11593.0,rank-2,708
Python,https://github.com/hyperspy/hyperspy,2020-04-09,11603.0,rank-2,708
Python,https://github.com/hyperspy/hyperspy,2020-04-10,11604.0,rank-2,708
Python,https://github.com/hyperspy/hyperspy,2020-04-13,11611.0,rank-2,708
Python,https://github.com/hyperspy/hyperspy,2020-04-14,11619.0,rank-2,708
Python,https://github.com/hyperspy/hyperspy,2020-04-15,11638.0,rank-2,708
Python,https://github.com/hyperspy/hyperspy,2020-04-16,11645.0,rank-2,708
Python,https://github.com/hyperspy/hyperspy,2020-04-18,11650.0,rank-2,708
Python,https://github.com/hyperspy/hyperspy,2020-04-19,11653.0,rank-2,708
Python,https://github.com/hyperspy/hyperspy,2020-04-20,11678.0,rank-2,708
Python,https://github.com/hyperspy/hyperspy,2020-04-21,11694.0,rank-2,708
Python,https://github.com/hyperspy/hyperspy,2020-04-22,11699.0,rank-2,708
Python,https://github.com/hyperspy/hyperspy,2020-04-23,11703.0,rank-2,708
Python,https://github.com/hyperspy/hyperspy,2020-04-24,11734.0,rank-2,708
Python,https://github.com/hyperspy/hyperspy,2020-04-25,11736.0,rank-2,708
Python,https://github.com/hyperspy/hyperspy,2020-04-26,11745.0,rank-2,708
Python,https://github.com/hyperspy/hyperspy,2020-04-27,11757.0,rank-2,708
Python,https://github.com/hyperspy/hyperspy,2020-04-28,11766.0,rank-2,708
Python,https://github.com/hyperspy/hyperspy,2020-04-29,11772.0,rank-2,708
Python,https://github.com/hyperspy/hyperspy,2020-04-30,11783.0,rank-2,708
Python,https://github.com/hyperspy/hyperspy,2020-05-01,11786.0,rank-2,708
Python,https://github.com/hyperspy/hyperspy,2020-05-02,11787.0,rank-2,708
Python,https://github.com/hyperspy/hyperspy,2020-05-04,11788.0,rank-2,708
Python,https://github.com/hyperspy/hyperspy,2020-05-05,11799.0,rank-2,708
Python,https://github.com/hyperspy/hyperspy,2020-05-06,11814.0,rank-2,708
Python,https://github.com/hyperspy/hyperspy,2020-05-07,11816.0,rank-2,708
Python,https://github.com/hyperspy/hyperspy,2020-05-08,11823.0,rank-2,708
Python,https://github.com/hyperspy/hyperspy,2020-05-09,11825.0,rank-2,708
Python,https://github.com/hyperspy/hyperspy,2020-05-11,11828.0,rank-2,708
Python,https://github.com/hyperspy/hyperspy,2020-05-12,11841.0,rank-2,708
Python,https://github.com/hyperspy/hyperspy,2020-05-13,11846.0,rank-2,708
Python,https://github.com/hyperspy/hyperspy,2020-05-14,11856.0,rank-2,708
Python,https://github.com/hyperspy/hyperspy,2020-05-15,11866.0,rank-2,708
Python,https://github.com/hyperspy/hyperspy,2020-05-16,11872.0,rank-2,708
Python,https://github.com/hyperspy/hyperspy,2020-05-17,11881.0,rank-2,708
Python,https://github.com/hyperspy/hyperspy,2020-05-18,11891.0,rank-2,708
Python,https://github.com/hyperspy/hyperspy,2020-05-19,11898.0,rank-2,708
Python,https://github.com/hyperspy/hyperspy,2020-05-20,11900.0,rank-2,708
Python,https://github.com/hyperspy/hyperspy,2020-05-21,11901.0,rank-2,708
Python,https://github.com/hyperspy/hyperspy,2020-05-22,11902.0,rank-2,708
Python,https://github.com/hyperspy/hyperspy,2020-05-24,11911.0,rank-2,708
Python,https://github.com/hyperspy/hyperspy,2020-05-25,11921.0,rank-2,708
Python,https://github.com/hyperspy/hyperspy,2020-05-26,11928.0,rank-2,708
Python,https://github.com/hyperspy/hyperspy,2020-05-27,11939.0,rank-2,708
Python,https://github.com/hyperspy/hyperspy,2020-05-28,11952.0,rank-2,708
Python,https://github.com/hyperspy/hyperspy,2020-05-29,11960.0,rank-2,708
Python,https://github.com/hyperspy/hyperspy,2020-05-30,11961.0,rank-2,708
Python,https://github.com/hyperspy/hyperspy,2020-05-31,11975.0,rank-2,708
Python,https://github.com/hyperspy/hyperspy,2020-06-01,11978.0,rank-2,708
Python,https://github.com/hyperspy/hyperspy,2020-06-02,11984.0,rank-2,708
Python,https://github.com/hyperspy/hyperspy,2020-06-03,11987.0,rank-2,708
Python,https://github.com/hyperspy/hyperspy,2020-06-04,11990.0,rank-2,708
Python,https://github.com/hyperspy/hyperspy,2020-06-05,12002.0,rank-2,708
Python,https://github.com/hyperspy/hyperspy,2020-06-06,12007.0,rank-2,708
Python,https://github.com/hyperspy/hyperspy,2020-06-07,12013.0,rank-2,708
Python,https://github.com/hyperspy/hyperspy,2020-06-08,12025.0,rank-2,708
Python,https://github.com/hyperspy/hyperspy,2020-06-09,12031.0,rank-2,708
Python,https://github.com/hyperspy/hyperspy,2020-06-10,12037.0,rank-2,708
Python,https://github.com/hyperspy/hyperspy,2020-06-11,12045.0,rank-2,708
Python,https://github.com/hyperspy/hyperspy,2020-06-12,12049.0,rank-2,708
Python,https://github.com/hyperspy/hyperspy,2020-06-13,12052.0,rank-2,708
Python,https://github.com/hyperspy/hyperspy,2020-06-14,12054.0,rank-2,708
Python,https://github.com/hyperspy/hyperspy,2020-06-15,12057.0,rank-2,708
Python,https://github.com/hyperspy/hyperspy,2020-06-16,12060.0,rank-2,708
Python,https://github.com/hyperspy/hyperspy,2020-06-17,12062.0,rank-2,708
Python,https://github.com/hyperspy/hyperspy,2020-06-18,12067.0,rank-2,708
Python,https://github.com/hyperspy/hyperspy,2020-06-19,12074.0,rank-2,708
Python,https://github.com/hyperspy/hyperspy,2020-06-20,12075.0,rank-2,708
Python,https://github.com/hyperspy/hyperspy,2020-06-22,12083.0,rank-2,708
Python,https://github.com/hyperspy/hyperspy,2020-06-23,12090.0,rank-2,708
Python,https://github.com/hyperspy/hyperspy,2020-06-24,12092.0,rank-2,708
Python,https://github.com/hyperspy/hyperspy,2020-06-25,12101.0,rank-2,708
Python,https://github.com/hyperspy/hyperspy,2020-06-26,12102.0,rank-2,708
Python,https://github.com/hyperspy/hyperspy,2020-06-29,12108.0,rank-2,708
Python,https://github.com/hyperspy/hyperspy,2020-06-30,12109.0,rank-2,708
Python,https://github.com/hyperspy/hyperspy,2020-07-01,12117.0,rank-2,708
Python,https://github.com/hyperspy/hyperspy,2020-07-02,12120.0,rank-2,708
Python,https://github.com/hyperspy/hyperspy,2020-07-05,12127.0,rank-2,708
Python,https://github.com/hyperspy/hyperspy,2020-07-06,12131.0,rank-2,708
Python,https://github.com/hyperspy/hyperspy,2020-07-07,12132.0,rank-2,708
Python,https://github.com/hyperspy/hyperspy,2020-07-10,12145.0,rank-2,708
Python,https://github.com/hyperspy/hyperspy,2020-07-11,12148.0,rank-2,708
Python,https://github.com/hyperspy/hyperspy,2020-07-13,12152.0,rank-2,708
Python,https://github.com/hyperspy/hyperspy,2020-07-15,12155.0,rank-2,708
Python,https://github.com/hyperspy/hyperspy,2020-07-16,12156.0,rank-2,708
Python,https://github.com/hyperspy/hyperspy,2020-07-17,12157.0,rank-2,708
Python,https://github.com/hyperspy/hyperspy,2020-07-18,12165.0,rank-2,708
Python,https://github.com/hyperspy/hyperspy,2020-07-19,12167.0,rank-2,708
Python,https://github.com/hyperspy/hyperspy,2020-07-21,12180.0,rank-2,708
Python,https://github.com/hyperspy/hyperspy,2020-07-22,12186.0,rank-2,708
Python,https://github.com/hyperspy/hyperspy,2020-07-23,12192.0,rank-2,708
Python,https://github.com/hyperspy/hyperspy,2020-07-24,12193.0,rank-2,708
Python,https://github.com/hyperspy/hyperspy,2020-07-25,12196.0,rank-2,708
Python,https://github.com/hyperspy/hyperspy,2020-07-26,12197.0,rank-2,708
Python,https://github.com/hyperspy/hyperspy,2020-07-27,12213.0,rank-2,708
Python,https://github.com/hyperspy/hyperspy,2020-07-28,12229.0,rank-2,708
Python,https://github.com/hyperspy/hyperspy,2020-07-29,12237.0,rank-2,708
Python,https://github.com/hyperspy/hyperspy,2020-07-30,12266.0,rank-2,708
Python,https://github.com/hyperspy/hyperspy,2020-07-31,12292.0,rank-2,708
Python,https://github.com/hyperspy/hyperspy,2020-08-01,12298.0,rank-2,708
Python,https://github.com/hyperspy/hyperspy,2020-08-02,12309.0,rank-2,708
Python,https://github.com/hyperspy/hyperspy,2020-08-03,12345.0,rank-2,708
Python,https://github.com/hyperspy/hyperspy,2020-08-04,12400.0,rank-2,708
Python,https://github.com/hyperspy/hyperspy,2020-08-05,12427.0,rank-2,708
Python,https://github.com/hyperspy/hyperspy,2020-08-06,12444.0,rank-2,708
Python,https://github.com/hyperspy/hyperspy,2020-08-10,12447.0,rank-2,708
Python,https://github.com/hyperspy/hyperspy,2020-08-11,12448.0,rank-2,708
Python,https://github.com/hyperspy/hyperspy,2020-08-13,12451.0,rank-2,708
Python,https://github.com/hyperspy/hyperspy,2020-08-14,12452.0,rank-2,708
Python,https://github.com/hyperspy/hyperspy,2020-08-15,12455.0,rank-2,708
Python,https://github.com/hyperspy/hyperspy,2020-08-16,12459.0,rank-2,708
Python,https://github.com/hyperspy/hyperspy,2020-08-18,12461.0,rank-2,708
Python,https://github.com/hyperspy/hyperspy,2020-08-19,12465.0,rank-2,708
Python,https://github.com/hyperspy/hyperspy,2020-08-21,12472.0,rank-2,708
Python,https://github.com/hyperspy/hyperspy,2020-08-22,12476.0,rank-2,708
Python,https://github.com/hyperspy/hyperspy,2020-08-23,12481.0,rank-2,708
Python,https://github.com/hyperspy/hyperspy,2020-08-24,12495.0,rank-2,708
Python,https://github.com/hyperspy/hyperspy,2020-08-25,12510.0,rank-2,708
Python,https://github.com/hyperspy/hyperspy,2020-08-26,12525.0,rank-2,708
Python,https://github.com/hyperspy/hyperspy,2020-08-27,12528.0,rank-2,708
Python,https://github.com/hyperspy/hyperspy,2020-08-29,12531.0,rank-2,708
Python,https://github.com/hyperspy/hyperspy,2020-08-30,12542.0,rank-2,708
Python,https://github.com/hyperspy/hyperspy,2020-08-31,12562.0,rank-2,708
Python,https://github.com/hyperspy/hyperspy,2020-09-01,12581.0,rank-2,708
Python,https://github.com/hyperspy/hyperspy,2020-09-02,12599.0,rank-2,708
Python,https://github.com/hyperspy/hyperspy,2020-09-03,12604.0,rank-2,708
Python,https://github.com/hyperspy/hyperspy,2020-09-04,12607.0,rank-2,708
Python,https://github.com/hyperspy/hyperspy,2020-09-07,12610.0,rank-2,708
Python,https://github.com/hyperspy/hyperspy,2020-09-08,12636.0,rank-2,708
Python,https://github.com/hyperspy/hyperspy,2020-09-09,12650.0,rank-2,708
Python,https://github.com/hyperspy/hyperspy,2020-09-10,12660.0,rank-2,708
Python,https://github.com/hyperspy/hyperspy,2020-09-11,12667.0,rank-2,708
Python,https://github.com/hyperspy/hyperspy,2020-09-12,12669.0,rank-2,708
Python,https://github.com/hyperspy/hyperspy,2020-09-13,12671.0,rank-2,708
Python,https://github.com/hyperspy/hyperspy,2020-09-19,12674.0,rank-2,708
Python,https://github.com/hyperspy/hyperspy,2020-09-20,12680.0,rank-2,708
Python,https://github.com/hyperspy/hyperspy,2020-09-22,12682.0,rank-2,708
Python,https://github.com/hyperspy/hyperspy,2020-09-23,12683.0,rank-2,708
Python,https://github.com/hyperspy/hyperspy,2020-09-24,12687.0,rank-2,708
Python,https://github.com/hyperspy/hyperspy,2020-09-26,12688.0,rank-2,708
Python,https://github.com/hyperspy/hyperspy,2020-09-27,12690.0,rank-2,708
Python,https://github.com/hyperspy/hyperspy,2020-09-28,12691.0,rank-2,708
Python,https://github.com/hyperspy/hyperspy,2020-09-30,12693.0,rank-2,708
Python,https://github.com/hyperspy/hyperspy,2020-10-01,12695.0,rank-2,708
Python,https://github.com/hyperspy/hyperspy,2020-10-02,12696.0,rank-2,708
Python,https://github.com/hyperspy/hyperspy,2020-10-04,12699.0,rank-2,708
Python,https://github.com/hyperspy/hyperspy,2020-10-14,12703.0,rank-2,708
Python,https://github.com/hyperspy/hyperspy,2020-10-15,12705.0,rank-2,708
Python,https://github.com/hyperspy/hyperspy,2020-10-16,12710.0,rank-2,708
Python,https://github.com/hyperspy/hyperspy,2020-10-17,12713.0,rank-2,708
Python,https://github.com/hyperspy/hyperspy,2020-10-18,12718.0,rank-2,708
Python,https://github.com/hyperspy/hyperspy,2020-10-19,12722.0,rank-2,708
Python,https://github.com/hyperspy/hyperspy,2020-10-23,12723.0,rank-2,708
Python,https://github.com/hyperspy/hyperspy,2020-10-24,12724.0,rank-2,708
Python,https://github.com/hyperspy/hyperspy,2020-10-25,12728.0,rank-2,708
Python,https://github.com/hyperspy/hyperspy,2020-10-26,12730.0,rank-2,708
Python,https://github.com/hyperspy/hyperspy,2020-10-27,12732.0,rank-2,708
Python,https://github.com/hyperspy/hyperspy,2020-10-29,12735.0,rank-2,708
Python,https://github.com/hyperspy/hyperspy,2020-10-30,12738.0,rank-2,708
Python,https://github.com/hyperspy/hyperspy,2020-10-31,12746.0,rank-2,708
Python,https://github.com/hyperspy/hyperspy,2020-11-01,12748.0,rank-2,708
Python,https://github.com/hyperspy/hyperspy,2020-11-02,12752.0,rank-2,708
Python,https://github.com/hyperspy/hyperspy,2020-11-03,12758.0,rank-2,708
Python,https://github.com/hyperspy/hyperspy,2020-11-04,12761.0,rank-2,708
Python,https://github.com/hyperspy/hyperspy,2020-11-05,12771.0,rank-2,708
Python,https://github.com/hyperspy/hyperspy,2020-11-06,12774.0,rank-2,708
Python,https://github.com/hyperspy/hyperspy,2020-11-07,12780.0,rank-2,708
Python,https://github.com/hyperspy/hyperspy,2020-11-08,12787.0,rank-2,708
Python,https://github.com/hyperspy/hyperspy,2020-11-09,12791.0,rank-2,708
Python,https://github.com/hyperspy/hyperspy,2020-11-11,12794.0,rank-2,708
Python,https://github.com/hyperspy/hyperspy,2020-11-12,12796.0,rank-2,708
Python,https://github.com/hyperspy/hyperspy,2020-11-13,12800.0,rank-2,708
Python,https://github.com/hyperspy/hyperspy,2020-11-14,12802.0,rank-2,708
Python,https://github.com/hyperspy/hyperspy,2020-11-16,12807.0,rank-2,708
Python,https://github.com/hyperspy/hyperspy,2020-11-19,12808.0,rank-2,708
Python,https://github.com/hyperspy/hyperspy,2020-11-20,12817.0,rank-2,708
Python,https://github.com/hyperspy/hyperspy,2020-11-22,12818.0,rank-2,708
Python,https://github.com/hyperspy/hyperspy,2020-11-23,12820.0,rank-2,708
Python,https://github.com/hyperspy/hyperspy,2020-11-24,12829.0,rank-2,708
Python,https://github.com/hyperspy/hyperspy,2020-11-25,12836.0,rank-2,708
Python,https://github.com/hyperspy/hyperspy,2020-11-26,12838.0,rank-2,708
Python,https://github.com/hyperspy/hyperspy,2020-11-27,12841.0,rank-2,708
Python,https://github.com/hyperspy/hyperspy,2020-11-28,12861.0,rank-2,708
Python,https://github.com/hyperspy/hyperspy,2020-11-29,12862.0,rank-2,708
Python,https://github.com/hyperspy/hyperspy,2020-11-30,12870.0,rank-2,708
Python,https://github.com/hyperspy/hyperspy,2020-12-01,12877.0,rank-2,708
Python,https://github.com/hyperspy/hyperspy,2020-12-02,12879.0,rank-2,708
Python,https://github.com/hyperspy/hyperspy,2020-12-03,12884.0,rank-2,708
Python,https://github.com/hyperspy/hyperspy,2020-12-04,12885.0,rank-2,708
Python,https://github.com/hyperspy/hyperspy,2020-12-06,12888.0,rank-2,708
Python,https://github.com/hyperspy/hyperspy,2020-12-14,12889.0,rank-2,708
Python,https://github.com/hyperspy/hyperspy,2020-12-15,12894.0,rank-2,708
Python,https://github.com/hyperspy/hyperspy,2020-12-16,12897.0,rank-2,708
Python,https://github.com/hyperspy/hyperspy,2020-12-17,12904.0,rank-2,708
Python,https://github.com/hyperspy/hyperspy,2020-12-18,12906.0,rank-2,708
Python,https://github.com/hyperspy/hyperspy,2020-12-19,12907.0,rank-2,708
Python,https://github.com/hyperspy/hyperspy,2020-12-21,12912.0,rank-2,708
Python,https://github.com/hyperspy/hyperspy,2020-12-22,12913.0,rank-2,708
Python,https://github.com/hyperspy/hyperspy,2020-12-23,12918.0,rank-2,708
Python,https://github.com/hyperspy/hyperspy,2020-12-24,12921.0,rank-2,708
Python,https://github.com/hyperspy/hyperspy,2020-12-26,12924.0,rank-2,708
Python,https://github.com/hyperspy/hyperspy,2020-12-27,12933.0,rank-2,708
Python,https://github.com/hyperspy/hyperspy,2020-12-28,12938.0,rank-2,708
Python,https://github.com/hyperspy/hyperspy,2020-12-30,12939.0,rank-2,708
Python,https://github.com/hyperspy/hyperspy,2020-12-31,12940.0,rank-2,708
Python,https://github.com/hyperspy/hyperspy,2021-01-03,12941.0,rank-2,708
Python,https://github.com/hyperspy/hyperspy,2021-01-04,12944.0,rank-2,708
Python,https://github.com/hyperspy/hyperspy,2021-01-05,12947.0,rank-2,708
Python,https://github.com/hyperspy/hyperspy,2021-01-06,12950.0,rank-2,708
Python,https://github.com/hyperspy/hyperspy,2021-01-09,12952.0,rank-2,708
Python,https://github.com/hyperspy/hyperspy,2021-01-11,12953.0,rank-2,708
Python,https://github.com/hyperspy/hyperspy,2021-01-12,12955.0,rank-2,708
Python,https://github.com/hyperspy/hyperspy,2021-01-13,12956.0,rank-2,708
Python,https://github.com/hyperspy/hyperspy,2021-01-14,12964.0,rank-2,708
Python,https://github.com/hyperspy/hyperspy,2021-01-15,12974.0,rank-2,708
Python,https://github.com/hyperspy/hyperspy,2021-01-16,12975.0,rank-2,708
Python,https://github.com/hyperspy/hyperspy,2021-01-17,12977.0,rank-2,708
Python,https://github.com/hyperspy/hyperspy,2021-01-18,12981.0,rank-2,708
Python,https://github.com/hyperspy/hyperspy,2021-01-19,12986.0,rank-2,708
Python,https://github.com/hyperspy/hyperspy,2021-01-20,12987.0,rank-2,708
Python,https://github.com/hyperspy/hyperspy,2021-01-21,12988.0,rank-2,708
Python,https://github.com/hyperspy/hyperspy,2021-01-22,12990.0,rank-2,708
Python,https://github.com/hyperspy/hyperspy,2021-01-24,12998.0,rank-2,708
Python,https://github.com/hyperspy/hyperspy,2021-01-25,12999.0,rank-2,708
Python,https://github.com/hyperspy/hyperspy,2021-01-26,13004.0,rank-2,708
Python,https://github.com/hyperspy/hyperspy,2021-01-27,13010.0,rank-2,708
Python,https://github.com/hyperspy/hyperspy,2021-01-28,13013.0,rank-2,708
Python,https://github.com/hyperspy/hyperspy,2021-01-29,13029.0,rank-2,708
Python,https://github.com/hyperspy/hyperspy,2021-01-30,13041.0,rank-2,708
Python,https://github.com/hyperspy/hyperspy,2021-01-31,13061.0,rank-2,708
Python,https://github.com/hyperspy/hyperspy,2021-02-01,13071.0,rank-2,708
Python,https://github.com/hyperspy/hyperspy,2021-02-02,13084.0,rank-2,708
Python,https://github.com/hyperspy/hyperspy,2021-02-03,13087.0,rank-2,708
Python,https://github.com/hyperspy/hyperspy,2021-02-04,13089.0,rank-2,708
Python,https://github.com/hyperspy/hyperspy,2021-02-05,13092.0,rank-2,708
Python,https://github.com/hyperspy/hyperspy,2021-02-09,13098.0,rank-2,708
Python,https://github.com/hyperspy/hyperspy,2021-02-10,13100.0,rank-2,708
Python,https://github.com/hyperspy/hyperspy,2021-02-11,13104.0,rank-2,708
Python,https://github.com/hyperspy/hyperspy,2021-02-12,13105.0,rank-2,708
Python,https://github.com/hyperspy/hyperspy,2021-02-13,13112.0,rank-2,708
Python,https://github.com/hyperspy/hyperspy,2021-02-14,13119.0,rank-2,708
Python,https://github.com/hyperspy/hyperspy,2021-02-15,13120.0,rank-2,708
Python,https://github.com/hyperspy/hyperspy,2021-02-16,13128.0,rank-2,708
Python,https://github.com/hyperspy/hyperspy,2021-02-17,13132.0,rank-2,708
Python,https://github.com/hyperspy/hyperspy,2021-02-21,13133.0,rank-2,708
Python,https://github.com/hyperspy/hyperspy,2021-02-25,13136.0,rank-2,708
Python,https://github.com/hyperspy/hyperspy,2021-02-27,13144.0,rank-2,708
Python,https://github.com/hyperspy/hyperspy,2021-02-28,13145.0,rank-2,708
Python,https://github.com/hyperspy/hyperspy,2021-03-01,13150.0,rank-2,708
Python,https://github.com/hyperspy/hyperspy,2021-03-02,13155.0,rank-2,708
Python,https://github.com/hyperspy/hyperspy,2021-03-03,13164.0,rank-2,708
Python,https://github.com/hyperspy/hyperspy,2021-03-04,13172.0,rank-2,708
Python,https://github.com/hyperspy/hyperspy,2021-03-05,13175.0,rank-2,708
Python,https://github.com/hyperspy/hyperspy,2021-03-06,13178.0,rank-2,708
Python,https://github.com/hyperspy/hyperspy,2021-03-07,13190.0,rank-2,708
Python,https://github.com/hyperspy/hyperspy,2021-03-08,13198.0,rank-2,708
Python,https://github.com/hyperspy/hyperspy,2021-03-09,13225.0,rank-2,708
Python,https://github.com/hyperspy/hyperspy,2021-03-10,13233.0,rank-2,708
Python,https://github.com/hyperspy/hyperspy,2021-03-11,13237.0,rank-2,708
Python,https://github.com/hyperspy/hyperspy,2021-03-12,13243.0,rank-2,708
Python,https://github.com/hyperspy/hyperspy,2021-03-13,13252.0,rank-2,708
Python,https://github.com/hyperspy/hyperspy,2021-03-14,13255.0,rank-2,708
Python,https://github.com/hyperspy/hyperspy,2021-03-15,13264.0,rank-2,708
Python,https://github.com/hyperspy/hyperspy,2021-03-16,13281.0,rank-2,708
Python,https://github.com/hyperspy/hyperspy,2021-03-17,13295.0,rank-2,708
Python,https://github.com/hyperspy/hyperspy,2021-03-18,13303.0,rank-2,708
Python,https://github.com/hyperspy/hyperspy,2021-03-20,13307.0,rank-2,708
Python,https://github.com/hyperspy/hyperspy,2021-03-22,13321.0,rank-2,708
Python,https://github.com/hyperspy/hyperspy,2021-03-23,13322.0,rank-2,708
Python,https://github.com/hyperspy/hyperspy,2021-03-24,13326.0,rank-2,708
Python,https://github.com/hyperspy/hyperspy,2021-03-25,13328.0,rank-2,708
Python,https://github.com/hyperspy/hyperspy,2021-03-26,13333.0,rank-2,708
Python,https://github.com/hyperspy/hyperspy,2021-03-27,13337.0,rank-2,708
Python,https://github.com/hyperspy/hyperspy,2021-03-28,13346.0,rank-2,708
Python,https://github.com/hyperspy/hyperspy,2021-03-29,13351.0,rank-2,708
Python,https://github.com/hyperspy/hyperspy,2021-03-30,13352.0,rank-2,708
Python,https://github.com/hyperspy/hyperspy,2021-03-31,13354.0,rank-2,708
Python,https://github.com/hyperspy/hyperspy,2021-04-01,13363.0,rank-2,708
Python,https://github.com/hyperspy/hyperspy,2021-04-02,13365.0,rank-2,708
Python,https://github.com/hyperspy/hyperspy,2021-04-05,13368.0,rank-2,708
Python,https://github.com/hyperspy/hyperspy,2021-04-06,13370.0,rank-2,708
Python,https://github.com/hyperspy/hyperspy,2021-04-07,13381.0,rank-2,708
Python,https://github.com/hyperspy/hyperspy,2021-04-08,13388.0,rank-2,708
Python,https://github.com/hyperspy/hyperspy,2021-04-09,13406.0,rank-2,708
Python,https://github.com/hyperspy/hyperspy,2021-04-11,13411.0,rank-2,708
Python,https://github.com/hyperspy/hyperspy,2021-04-12,13417.0,rank-2,708
Python,https://github.com/hyperspy/hyperspy,2021-04-13,13426.0,rank-2,708
Python,https://github.com/hyperspy/hyperspy,2021-04-14,13429.0,rank-2,708
Python,https://github.com/hyperspy/hyperspy,2021-04-15,13433.0,rank-2,708
Python,https://github.com/hyperspy/hyperspy,2021-04-20,13437.0,rank-2,708
Python,https://github.com/hyperspy/hyperspy,2021-04-21,13445.0,rank-2,708
Python,https://github.com/hyperspy/hyperspy,2021-04-23,13446.0,rank-2,708
Python,https://github.com/hyperspy/hyperspy,2021-04-24,13448.0,rank-2,708
Python,https://github.com/hyperspy/hyperspy,2021-04-26,13451.0,rank-2,708
Python,https://github.com/hyperspy/hyperspy,2021-04-27,13465.0,rank-2,708
Python,https://github.com/hyperspy/hyperspy,2021-04-28,13467.0,rank-2,708
Python,https://github.com/hyperspy/hyperspy,2021-04-29,13471.0,rank-2,708
Python,https://github.com/hyperspy/hyperspy,2021-04-30,13474.0,rank-2,708
Python,https://github.com/hyperspy/hyperspy,2021-05-02,13480.0,rank-2,708
Python,https://github.com/hyperspy/hyperspy,2021-05-03,13488.0,rank-2,708
Python,https://github.com/hyperspy/hyperspy,2021-05-04,13494.0,rank-2,708
Python,https://github.com/hyperspy/hyperspy,2021-05-05,13504.0,rank-2,708
Python,https://github.com/hyperspy/hyperspy,2021-05-06,13508.0,rank-2,708
Python,https://github.com/hyperspy/hyperspy,2021-05-07,13511.0,rank-2,708
Python,https://github.com/hyperspy/hyperspy,2021-05-09,13514.0,rank-2,708
Python,https://github.com/hyperspy/hyperspy,2021-05-10,13517.0,rank-2,708
Python,https://github.com/hyperspy/hyperspy,2021-05-11,13521.0,rank-2,708
Python,https://github.com/hyperspy/hyperspy,2021-05-12,13522.0,rank-2,708
Python,https://github.com/hyperspy/hyperspy,2021-05-16,13529.0,rank-2,708
Python,https://github.com/hyperspy/hyperspy,2021-05-17,13531.0,rank-2,708
Python,https://github.com/hyperspy/hyperspy,2021-05-18,13536.0,rank-2,708
Python,https://github.com/hyperspy/hyperspy,2021-05-19,13548.0,rank-2,708
Python,https://github.com/hyperspy/hyperspy,2021-05-20,13557.0,rank-2,708
Python,https://github.com/hyperspy/hyperspy,2021-05-21,13558.0,rank-2,708
Python,https://github.com/hyperspy/hyperspy,2021-05-24,13559.0,rank-2,708
Python,https://github.com/hyperspy/hyperspy,2021-05-25,13566.0,rank-2,708
Python,https://github.com/hyperspy/hyperspy,2021-05-26,13569.0,rank-2,708
Python,https://github.com/hyperspy/hyperspy,2021-05-27,13576.0,rank-2,708
Python,https://github.com/hyperspy/hyperspy,2021-05-28,13577.0,rank-2,708
Python,https://github.com/hyperspy/hyperspy,2021-05-31,13579.0,rank-2,708
Python,https://github.com/hyperspy/hyperspy,2021-06-01,13588.0,rank-2,708
Python,https://github.com/hyperspy/hyperspy,2021-06-02,13597.0,rank-2,708
Python,https://github.com/hyperspy/hyperspy,2021-06-03,13621.0,rank-2,708
Python,https://github.com/hyperspy/hyperspy,2021-06-04,13623.0,rank-2,708
Python,https://github.com/hyperspy/hyperspy,2021-06-05,13624.0,rank-2,708
Python,https://github.com/hyperspy/hyperspy,2021-06-06,13631.0,rank-2,708
Python,https://github.com/hyperspy/hyperspy,2021-06-07,13633.0,rank-2,708
Python,https://github.com/hyperspy/hyperspy,2021-06-08,13637.0,rank-2,708
Python,https://github.com/hyperspy/hyperspy,2021-06-10,13648.0,rank-2,708
Python,https://github.com/hyperspy/hyperspy,2021-06-11,13651.0,rank-2,708
Python,https://github.com/hyperspy/hyperspy,2021-06-14,13653.0,rank-2,708
Python,https://github.com/hyperspy/hyperspy,2021-06-15,13654.0,rank-2,708
Python,https://github.com/hyperspy/hyperspy,2021-06-17,13656.0,rank-2,708
Python,https://github.com/hyperspy/hyperspy,2021-06-18,13659.0,rank-2,708
Python,https://github.com/hyperspy/hyperspy,2021-06-19,13660.0,rank-2,708
Python,https://github.com/hyperspy/hyperspy,2021-06-22,13661.0,rank-2,708
Python,https://github.com/hyperspy/hyperspy,2021-06-23,13663.0,rank-2,708
Python,https://github.com/hyperspy/hyperspy,2021-06-24,13672.0,rank-2,708
Python,https://github.com/hyperspy/hyperspy,2021-06-25,13677.0,rank-2,708
Python,https://github.com/hyperspy/hyperspy,2021-06-26,13678.0,rank-2,708
Python,https://github.com/hyperspy/hyperspy,2021-06-27,13679.0,rank-2,708
Python,https://github.com/hyperspy/hyperspy,2021-06-28,13684.0,rank-2,708
Python,https://github.com/hyperspy/hyperspy,2021-06-29,13689.0,rank-2,708
Python,https://github.com/hyperspy/hyperspy,2021-06-30,13694.0,rank-2,708
Python,https://github.com/hyperspy/hyperspy,2021-07-01,13699.0,rank-2,708
Python,https://github.com/hyperspy/hyperspy,2021-07-05,13702.0,rank-2,708
Python,https://github.com/hyperspy/hyperspy,2021-07-06,13707.0,rank-2,708
Python,https://github.com/hyperspy/hyperspy,2021-07-07,13712.0,rank-2,708
Python,https://github.com/hyperspy/hyperspy,2021-07-08,13728.0,rank-2,708
Python,https://github.com/hyperspy/hyperspy,2021-07-09,13729.0,rank-2,708
Python,https://github.com/hyperspy/hyperspy,2021-07-12,13733.0,rank-2,708
Python,https://github.com/hyperspy/hyperspy,2021-07-26,13734.0,rank-2,708
Python,https://github.com/hyperspy/hyperspy,2021-07-27,13741.0,rank-2,708
Python,https://github.com/hyperspy/hyperspy,2021-07-28,13746.0,rank-2,708
Python,https://github.com/hyperspy/hyperspy,2021-08-04,13747.0,rank-2,708
Python,https://github.com/hyperspy/hyperspy,2021-08-05,13749.0,rank-2,708
Python,https://github.com/hyperspy/hyperspy,2021-08-06,13755.0,rank-2,708
Python,https://github.com/hyperspy/hyperspy,2021-08-09,13756.0,rank-2,708
Python,https://github.com/hyperspy/hyperspy,2021-08-15,13759.0,rank-2,708
Python,https://github.com/hyperspy/hyperspy,2021-08-19,13761.0,rank-2,708
Python,https://github.com/hyperspy/hyperspy,2021-08-20,13762.0,rank-2,708
Python,https://github.com/hyperspy/hyperspy,2021-08-22,13764.0,rank-2,708
Python,https://github.com/hyperspy/hyperspy,2021-08-23,13767.0,rank-2,708
Python,https://github.com/hyperspy/hyperspy,2021-08-24,13770.0,rank-2,708
Python,https://github.com/hyperspy/hyperspy,2021-08-25,13776.0,rank-2,708
Python,https://github.com/hyperspy/hyperspy,2021-08-26,13777.0,rank-2,708
Python,https://github.com/hyperspy/hyperspy,2021-08-27,13778.0,rank-2,708
Python,https://github.com/hyperspy/hyperspy,2021-08-31,13779.0,rank-2,708
Python,https://github.com/hyperspy/hyperspy,2021-09-01,13781.0,rank-2,708
Python,https://github.com/hyperspy/hyperspy,2021-09-03,13785.0,rank-2,708
Python,https://github.com/hyperspy/hyperspy,2021-09-04,13789.0,rank-2,708
Python,https://github.com/hyperspy/hyperspy,2021-09-05,13795.0,rank-2,708
Python,https://github.com/hyperspy/hyperspy,2021-09-08,13800.0,rank-2,708
Python,https://github.com/hyperspy/hyperspy,2021-09-09,13808.0,rank-2,708
Python,https://github.com/hyperspy/hyperspy,2021-09-16,13817.0,rank-2,708
Python,https://github.com/hyperspy/hyperspy,2021-09-20,13818.0,rank-2,708
Python,https://github.com/hyperspy/hyperspy,2021-09-22,13821.0,rank-2,708
Python,https://github.com/hyperspy/hyperspy,2021-09-27,13826.0,rank-2,708
Python,https://github.com/hyperspy/hyperspy,2021-09-30,13827.0,rank-2,708
Python,https://github.com/hyperspy/hyperspy,2021-10-04,13835.0,rank-2,708
Python,https://github.com/hyperspy/hyperspy,2021-10-05,13845.0,rank-2,708
Python,https://github.com/hyperspy/hyperspy,2021-10-06,13851.0,rank-2,708
Python,https://github.com/hyperspy/hyperspy,2021-10-07,13865.0,rank-2,708
Python,https://github.com/hyperspy/hyperspy,2021-10-08,13866.0,rank-2,708
Python,https://github.com/hyperspy/hyperspy,2021-10-10,13869.0,rank-2,708
Python,https://github.com/hyperspy/hyperspy,2021-10-11,13871.0,rank-2,708
Python,https://github.com/hyperspy/hyperspy,2021-10-12,13873.0,rank-2,708
Python,https://github.com/hyperspy/hyperspy,2021-10-13,13875.0,rank-2,708
Python,https://github.com/hyperspy/hyperspy,2021-10-14,13877.0,rank-2,708
Python,https://github.com/hyperspy/hyperspy,2021-10-17,13879.0,rank-2,708
Python,https://github.com/hyperspy/hyperspy,2021-10-18,13880.0,rank-2,708
Python,https://github.com/hyperspy/hyperspy,2021-10-19,13883.0,rank-2,708
Python,https://github.com/hyperspy/hyperspy,2021-10-20,13895.0,rank-2,708
Python,https://github.com/hyperspy/hyperspy,2021-10-21,13908.0,rank-2,708
Python,https://github.com/hyperspy/hyperspy,2021-10-22,13912.0,rank-2,708
Python,https://github.com/hyperspy/hyperspy,2021-10-23,13913.0,rank-2,708
Python,https://github.com/hyperspy/hyperspy,2021-10-24,13923.0,rank-2,708
Python,https://github.com/hyperspy/hyperspy,2021-10-25,13929.0,rank-2,708
Python,https://github.com/hyperspy/hyperspy,2021-10-26,13930.0,rank-2,708
Python,https://github.com/hyperspy/hyperspy,2021-10-27,13936.0,rank-2,708
Python,https://github.com/hyperspy/hyperspy,2021-10-28,13942.0,rank-2,708
Python,https://github.com/hyperspy/hyperspy,2021-10-29,13946.0,rank-2,708
Python,https://github.com/hyperspy/hyperspy,2021-10-30,13953.0,rank-2,708
Python,https://github.com/hyperspy/hyperspy,2021-10-31,13959.0,rank-2,708
Python,https://github.com/hyperspy/hyperspy,2021-11-01,13963.0,rank-2,708
Python,https://github.com/hyperspy/hyperspy,2021-11-02,13965.0,rank-2,708
Python,https://github.com/hyperspy/hyperspy,2021-11-03,13968.0,rank-2,708
Python,https://github.com/hyperspy/hyperspy,2021-11-04,13969.0,rank-2,708
Python,https://github.com/hyperspy/hyperspy,2021-11-05,13970.0,rank-2,708
Python,https://github.com/hyperspy/hyperspy,2021-11-07,13974.0,rank-2,708
Python,https://github.com/hyperspy/hyperspy,2021-11-08,13977.0,rank-2,708
Python,https://github.com/hyperspy/hyperspy,2021-11-09,13981.0,rank-2,708
Python,https://github.com/hyperspy/hyperspy,2021-11-10,13986.0,rank-2,708
Python,https://github.com/hyperspy/hyperspy,2021-11-11,13989.0,rank-2,708
Python,https://github.com/hyperspy/hyperspy,2021-11-12,13992.0,rank-2,708
Python,https://github.com/hyperspy/hyperspy,2021-11-14,13993.0,rank-2,708
Python,https://github.com/hyperspy/hyperspy,2021-11-16,13995.0,rank-2,708
Python,https://github.com/hyperspy/hyperspy,2021-11-17,13998.0,rank-2,708
Python,https://github.com/hyperspy/hyperspy,2021-11-21,14003.0,rank-2,708
Python,https://github.com/hyperspy/hyperspy,2021-11-22,14004.0,rank-2,708
Python,https://github.com/hyperspy/hyperspy,2021-11-23,14006.0,rank-2,708
Python,https://github.com/hyperspy/hyperspy,2021-11-24,14008.0,rank-2,708
Python,https://github.com/hyperspy/hyperspy,2021-11-25,14009.0,rank-2,708
Python,https://github.com/hyperspy/hyperspy,2021-11-26,14011.0,rank-2,708
Python,https://github.com/hyperspy/hyperspy,2021-11-28,14020.0,rank-2,708
Python,https://github.com/hyperspy/hyperspy,2021-12-07,14021.0,rank-2,708
Python,https://github.com/hyperspy/hyperspy,2021-12-08,14023.0,rank-2,708
Python,https://github.com/hyperspy/hyperspy,2021-12-09,14024.0,rank-2,708
Python,https://github.com/hyperspy/hyperspy,2021-12-10,14026.0,rank-2,708
Python,https://github.com/hyperspy/hyperspy,2021-12-13,14032.0,rank-2,708
Python,https://github.com/hyperspy/hyperspy,2021-12-14,14033.0,rank-2,708
Python,https://github.com/hyperspy/hyperspy,2021-12-15,14040.0,rank-2,708
Python,https://github.com/hyperspy/hyperspy,2021-12-16,14043.0,rank-2,708
Python,https://github.com/hyperspy/hyperspy,2021-12-17,14046.0,rank-2,708
Python,https://github.com/hyperspy/hyperspy,2021-12-18,14047.0,rank-2,708
Python,https://github.com/hyperspy/hyperspy,2021-12-20,14048.0,rank-2,708
Python,https://github.com/hyperspy/hyperspy,2021-12-21,14051.0,rank-2,708
Python,https://github.com/hyperspy/hyperspy,2021-12-22,14058.0,rank-2,708
Python,https://github.com/hyperspy/hyperspy,2021-12-23,14059.0,rank-2,708
Python,https://github.com/hyperspy/hyperspy,2021-12-24,14061.0,rank-2,708
Python,https://github.com/hyperspy/hyperspy,2022-01-02,14064.0,rank-2,708
Python,https://github.com/hyperspy/hyperspy,2022-01-03,14069.0,rank-2,708
Python,https://github.com/hyperspy/hyperspy,2022-01-04,14072.0,rank-2,708
Python,https://github.com/hyperspy/hyperspy,2022-01-05,14079.0,rank-2,708
Python,https://github.com/hyperspy/hyperspy,2022-01-12,14080.0,rank-2,708
Python,https://github.com/hyperspy/hyperspy,2022-01-15,14081.0,rank-2,708
Python,https://github.com/hyperspy/hyperspy,2022-01-16,14083.0,rank-2,708
Python,https://github.com/hyperspy/hyperspy,2022-01-17,14093.0,rank-2,708
Python,https://github.com/hyperspy/hyperspy,2022-01-18,14100.0,rank-2,708
Python,https://github.com/hyperspy/hyperspy,2022-01-19,14110.0,rank-2,708
Python,https://github.com/hyperspy/hyperspy,2022-01-20,14112.0,rank-2,708
Python,https://github.com/hyperspy/hyperspy,2022-01-21,14113.0,rank-2,708
Python,https://github.com/hyperspy/hyperspy,2022-01-24,14120.0,rank-2,708
Python,https://github.com/hyperspy/hyperspy,2022-01-25,14123.0,rank-2,708
Python,https://github.com/hyperspy/hyperspy,2022-01-26,14127.0,rank-2,708
Python,https://github.com/hyperspy/hyperspy,2022-01-27,14128.0,rank-2,708
Python,https://github.com/hyperspy/hyperspy,2022-01-28,14130.0,rank-2,708
Python,https://github.com/hyperspy/hyperspy,2022-02-07,14132.0,rank-2,708
Python,https://github.com/hyperspy/hyperspy,2022-02-09,14133.0,rank-2,708
Python,https://github.com/hyperspy/hyperspy,2022-02-10,14134.0,rank-2,708
Python,https://github.com/hyperspy/hyperspy,2022-02-16,14146.0,rank-2,708
Python,https://github.com/hyperspy/hyperspy,2022-02-17,14151.0,rank-2,708
Python,https://github.com/hyperspy/hyperspy,2022-02-18,14156.0,rank-2,708
Python,https://github.com/hyperspy/hyperspy,2022-02-21,14161.0,rank-2,708
Python,https://github.com/hyperspy/hyperspy,2022-02-22,14166.0,rank-2,708
Python,https://github.com/hyperspy/hyperspy,2022-02-23,14173.0,rank-2,708
Python,https://github.com/hyperspy/hyperspy,2022-02-24,14176.0,rank-2,708
Python,https://github.com/hyperspy/hyperspy,2022-02-26,14177.0,rank-2,708
Python,https://github.com/hyperspy/hyperspy,2022-02-28,14179.0,rank-2,708
Python,https://github.com/hyperspy/hyperspy,2022-03-01,14183.0,rank-2,708
Python,https://github.com/hyperspy/hyperspy,2022-03-03,14190.0,rank-2,708
Python,https://github.com/hyperspy/hyperspy,2022-03-06,14191.0,rank-2,708
Python,https://github.com/hyperspy/hyperspy,2022-03-08,14195.0,rank-2,708
Python,https://github.com/hyperspy/hyperspy,2022-03-09,14199.0,rank-2,708
Python,https://github.com/hyperspy/hyperspy,2022-03-10,14201.0,rank-2,708
Python,https://github.com/hyperspy/hyperspy,2022-03-12,14204.0,rank-2,708
Python,https://github.com/hyperspy/hyperspy,2022-03-13,14210.0,rank-2,708
Python,https://github.com/hyperspy/hyperspy,2022-03-14,14213.0,rank-2,708
Python,https://github.com/hyperspy/hyperspy,2022-03-15,14217.0,rank-2,708
Python,https://github.com/hyperspy/hyperspy,2022-03-16,14219.0,rank-2,708
Python,https://github.com/hyperspy/hyperspy,2022-03-17,14226.0,rank-2,708
Python,https://github.com/hyperspy/hyperspy,2022-03-18,14227.0,rank-2,708
Python,https://github.com/hyperspy/hyperspy,2022-03-19,14228.0,rank-2,708
Python,https://github.com/hyperspy/hyperspy,2022-03-20,14230.0,rank-2,708
Python,https://github.com/hyperspy/hyperspy,2022-03-22,14235.0,rank-2,708
Python,https://github.com/hyperspy/hyperspy,2022-03-23,14239.0,rank-2,708
Python,https://github.com/hyperspy/hyperspy,2022-03-24,14245.0,rank-2,708
Python,https://github.com/hyperspy/hyperspy,2022-03-25,14260.0,rank-2,708
Python,https://github.com/hyperspy/hyperspy,2022-03-26,14264.0,rank-2,708
Python,https://github.com/hyperspy/hyperspy,2022-03-27,14265.0,rank-2,708
Python,https://github.com/hyperspy/hyperspy,2022-03-28,14266.0,rank-2,708
Python,https://github.com/hyperspy/hyperspy,2022-03-29,14274.0,rank-2,708
Python,https://github.com/hyperspy/hyperspy,2022-03-30,14288.0,rank-2,708
Python,https://github.com/hyperspy/hyperspy,2022-03-31,14293.0,rank-2,708
Python,https://github.com/hyperspy/hyperspy,2022-04-01,14295.0,rank-2,708
Python,https://github.com/hyperspy/hyperspy,2022-04-02,14301.0,rank-2,708
Python,https://github.com/hyperspy/hyperspy,2022-04-03,14308.0,rank-2,708
Python,https://github.com/hyperspy/hyperspy,2022-04-05,14309.0,rank-2,708
Python,https://github.com/hyperspy/hyperspy,2022-04-06,14312.0,rank-2,708
Python,https://github.com/hyperspy/hyperspy,2022-04-07,14321.0,rank-2,708
Python,https://github.com/hyperspy/hyperspy,2022-04-08,14324.0,rank-2,708
Python,https://github.com/hyperspy/hyperspy,2022-04-09,14328.0,rank-2,708
Python,https://github.com/hyperspy/hyperspy,2022-04-10,14330.0,rank-2,708
Python,https://github.com/hyperspy/hyperspy,2022-04-12,14331.0,rank-2,708
Python,https://github.com/hyperspy/hyperspy,2022-04-14,14345.0,rank-2,708
Python,https://github.com/hyperspy/hyperspy,2022-04-15,14353.0,rank-2,708
Python,https://github.com/hyperspy/hyperspy,2022-04-16,14354.0,rank-2,708
Python,https://github.com/hyperspy/hyperspy,2022-04-18,14355.0,rank-2,708
Python,https://github.com/hyperspy/hyperspy,2022-04-19,14358.0,rank-2,708
Python,https://github.com/hyperspy/hyperspy,2022-04-20,14361.0,rank-2,708
Python,https://github.com/hyperspy/hyperspy,2022-04-21,14364.0,rank-2,708
Python,https://github.com/hyperspy/hyperspy,2022-04-24,14365.0,rank-2,708
Python,https://github.com/hyperspy/hyperspy,2022-04-25,14376.0,rank-2,708
Python,https://github.com/hyperspy/hyperspy,2022-04-26,14380.0,rank-2,708
Python,https://github.com/hyperspy/hyperspy,2022-05-03,14385.0,rank-2,708
Python,https://github.com/hyperspy/hyperspy,2022-05-12,14386.0,rank-2,708
Python,https://github.com/hyperspy/hyperspy,2022-05-18,14388.0,rank-2,708
Python,https://github.com/hyperspy/hyperspy,2022-05-19,14391.0,rank-2,708
Python,https://github.com/hyperspy/hyperspy,2022-05-20,14396.0,rank-2,708
Python,https://github.com/hyperspy/hyperspy,2022-05-23,14403.0,rank-2,708
Python,https://github.com/hyperspy/hyperspy,2022-05-24,14406.0,rank-2,708
Python,https://github.com/hyperspy/hyperspy,2022-05-26,14409.0,rank-2,708
Python,https://github.com/hyperspy/hyperspy,2022-05-29,14410.0,rank-2,708
Python,https://github.com/hyperspy/hyperspy,2022-06-02,14412.0,rank-2,708
Python,https://github.com/hyperspy/hyperspy,2022-06-03,14414.0,rank-2,708
Python,https://github.com/hyperspy/hyperspy,2022-06-04,14415.0,rank-2,708
Python,https://github.com/hyperspy/hyperspy,2022-06-05,14416.0,rank-2,708
Python,https://github.com/hyperspy/hyperspy,2022-06-08,14422.0,rank-2,708
Python,https://github.com/hyperspy/hyperspy,2022-06-11,14425.0,rank-2,708
Python,https://github.com/hyperspy/hyperspy,2022-06-15,14426.0,rank-2,708
Python,https://github.com/hyperspy/hyperspy,2022-06-16,14431.0,rank-2,708
Python,https://github.com/hyperspy/hyperspy,2022-06-17,14446.0,rank-2,708
Python,https://github.com/hyperspy/hyperspy,2022-06-18,14452.0,rank-2,708
Python,https://github.com/hyperspy/hyperspy,2022-07-18,14454.0,rank-2,708
Python,https://github.com/hyperspy/hyperspy,2022-07-20,14474.0,rank-2,708
Python,https://github.com/hyperspy/hyperspy,2022-07-21,14478.0,rank-2,708
Python,https://github.com/hyperspy/hyperspy,2022-07-23,14480.0,rank-2,708
Python,https://github.com/hyperspy/hyperspy,2022-07-24,14484.0,rank-2,708
Python,https://github.com/hyperspy/hyperspy,2022-07-25,14488.0,rank-2,708
Python,https://github.com/hyperspy/hyperspy,2022-07-26,14489.0,rank-2,708
Python,https://github.com/hyperspy/hyperspy,2022-08-03,14495.0,rank-2,708
Python,https://github.com/hyperspy/hyperspy,2022-08-14,14496.0,rank-2,708
Python,https://github.com/hyperspy/hyperspy,2022-08-15,14497.0,rank-2,708
Python,https://github.com/hyperspy/hyperspy,2022-08-24,14502.0,rank-2,708
Python,https://github.com/hyperspy/hyperspy,2022-08-27,14506.0,rank-2,708
Python,https://github.com/hyperspy/hyperspy,2022-08-28,14507.0,rank-2,708
Python,https://github.com/hyperspy/hyperspy,2022-08-29,14512.0,rank-2,708
Python,https://github.com/hyperspy/hyperspy,2022-08-30,14516.0,rank-2,708
Python,https://github.com/hyperspy/hyperspy,2022-08-31,14519.0,rank-2,708
Python,https://github.com/hyperspy/hyperspy,2022-09-02,14520.0,rank-2,708
Python,https://github.com/hyperspy/hyperspy,2022-09-05,14522.0,rank-2,708
Python,https://github.com/hyperspy/hyperspy,2022-09-16,14528.0,rank-2,708
Python,https://github.com/hyperspy/hyperspy,2022-09-17,14532.0,rank-2,708
Python,https://github.com/hyperspy/hyperspy,2022-09-18,14535.0,rank-2,708
Python,https://github.com/hyperspy/hyperspy,2022-09-19,14545.0,rank-2,708
Python,https://github.com/hyperspy/hyperspy,2022-09-20,14548.0,rank-2,708
Python,https://github.com/hyperspy/hyperspy,2022-09-24,14554.0,rank-2,708
Python,https://github.com/hyperspy/hyperspy,2022-09-26,14558.0,rank-2,708
Python,https://github.com/hyperspy/hyperspy,2022-09-27,14562.0,rank-2,708
Python,https://github.com/hyperspy/hyperspy,2022-10-01,14563.0,rank-2,708
Python,https://github.com/hyperspy/hyperspy,2022-10-02,14564.0,rank-2,708
Python,https://github.com/hyperspy/hyperspy,2022-10-03,14566.0,rank-2,708
Python,https://github.com/hyperspy/hyperspy,2022-10-09,14568.0,rank-2,708
Python,https://github.com/hyperspy/hyperspy,2022-10-10,14570.0,rank-2,708
Python,https://github.com/hyperspy/hyperspy,2022-10-15,14572.0,rank-2,708
Python,https://github.com/hyperspy/hyperspy,2022-10-17,14574.0,rank-2,708
Python,https://github.com/hyperspy/hyperspy,2022-10-25,14575.0,rank-2,708
Python,https://github.com/hyperspy/hyperspy,2022-10-28,14576.0,rank-2,708
Python,https://github.com/hyperspy/hyperspy,2022-10-29,14583.0,rank-2,708
Python,https://github.com/hyperspy/hyperspy,2022-11-03,14584.0,rank-2,708
Python,https://github.com/hyperspy/hyperspy,2022-11-10,14585.0,rank-2,708
Python,https://github.com/hyperspy/hyperspy,2022-11-12,14586.0,rank-2,708
Python,https://github.com/hyperspy/hyperspy,2022-11-14,14587.0,rank-2,708
Python,https://github.com/hyperspy/hyperspy,2022-11-15,14589.0,rank-2,708
Python,https://github.com/hyperspy/hyperspy,2022-11-16,14590.0,rank-2,708
Python,https://github.com/hyperspy/hyperspy,2022-11-17,14593.0,rank-2,708
Python,https://github.com/hyperspy/hyperspy,2022-11-28,14595.0,rank-2,708
Python,https://github.com/hyperspy/hyperspy,2022-11-29,14596.0,rank-2,708
Python,https://github.com/hyperspy/hyperspy,2022-12-05,14598.0,rank-2,708
Python,https://github.com/hyperspy/hyperspy,2022-12-06,14599.0,rank-2,708
Python,https://github.com/hyperspy/hyperspy,2023-01-05,14603.0,rank-2,708
Python,https://github.com/hyperspy/hyperspy,2023-01-06,14605.0,rank-2,708
Python,https://github.com/hyperspy/hyperspy,2023-01-07,14607.0,rank-2,708
Python,https://github.com/hyperspy/hyperspy,2023-01-13,14609.0,rank-2,708
Python,https://github.com/hyperspy/hyperspy,2023-01-14,14610.0,rank-2,708
Python,https://github.com/hyperspy/hyperspy,2023-01-18,14612.0,rank-2,708
Python,https://github.com/hyperspy/hyperspy,2023-02-14,14613.0,rank-2,708
Python,https://github.com/hyperspy/hyperspy,2023-02-17,14615.0,rank-2,708
Python,https://github.com/hyperspy/hyperspy,2023-02-19,14623.0,rank-2,708
Python,https://github.com/hyperspy/hyperspy,2023-02-20,14624.0,rank-2,708
Python,https://github.com/hyperspy/hyperspy,2023-02-21,14625.0,rank-2,708
Python,https://github.com/hyperspy/hyperspy,2023-02-25,14629.0,rank-2,708
Python,https://github.com/hyperspy/hyperspy,2023-03-08,14631.0,rank-2,708
Python,https://github.com/hyperspy/hyperspy,2023-03-11,14634.0,rank-2,708
Python,https://github.com/hyperspy/hyperspy,2023-03-12,14638.0,rank-2,708
Python,https://github.com/hyperspy/hyperspy,2023-03-13,14639.0,rank-2,708
Python,https://github.com/hyperspy/hyperspy,2023-03-15,14640.0,rank-2,708
Python,https://github.com/hyperspy/hyperspy,2023-03-16,14645.0,rank-2,708
Python,https://github.com/hyperspy/hyperspy,2023-03-17,14648.0,rank-2,708
Python,https://github.com/hyperspy/hyperspy,2023-03-20,14656.0,rank-2,708
Python,https://github.com/hyperspy/hyperspy,2023-03-21,14658.0,rank-2,708
Python,https://github.com/hyperspy/hyperspy,2023-03-22,14662.0,rank-2,708
Python,https://github.com/hyperspy/hyperspy,2023-03-24,14664.0,rank-2,708
Python,https://github.com/hyperspy/hyperspy,2023-03-25,14666.0,rank-2,708
Python,https://github.com/hyperspy/hyperspy,2023-03-27,14667.0,rank-2,708
Python,https://github.com/hyperspy/hyperspy,2023-04-09,14669.0,rank-2,708
Python,https://github.com/hyperspy/hyperspy,2023-04-10,14670.0,rank-2,708
Python,https://github.com/hyperspy/hyperspy,2023-04-11,14674.0,rank-2,708
Python,https://github.com/hyperspy/hyperspy,2023-04-12,14675.0,rank-2,708
Python,https://github.com/hyperspy/hyperspy,2023-04-14,14676.0,rank-2,708
Python,https://github.com/hyperspy/hyperspy,2023-04-22,14677.0,rank-2,708
Python,https://github.com/hyperspy/hyperspy,2023-04-23,14679.0,rank-2,708
Python,https://github.com/hyperspy/hyperspy,2023-04-27,14685.0,rank-2,708
Python,https://github.com/hyperspy/hyperspy,2023-04-29,14686.0,rank-2,708
Python,https://github.com/hyperspy/hyperspy,2023-05-03,14688.0,rank-2,708
Python,https://github.com/hyperspy/hyperspy,2023-05-04,14691.0,rank-2,708
Python,https://github.com/hyperspy/hyperspy,2023-05-05,14693.0,rank-2,708
Python,https://github.com/hyperspy/hyperspy,2023-05-06,14696.0,rank-2,708
Python,https://github.com/hyperspy/hyperspy,2010-11-15,8.0,rank-3,0
Python,https://github.com/hyperspy/hyperspy,2010-11-16,11.0,rank-3,0
Python,https://github.com/hyperspy/hyperspy,2010-11-17,18.0,rank-3,0
Python,https://github.com/hyperspy/hyperspy,2010-11-18,28.0,rank-3,0
Python,https://github.com/hyperspy/hyperspy,2010-11-19,34.0,rank-3,0
Python,https://github.com/hyperspy/hyperspy,2010-11-23,35.0,rank-3,0
Python,https://github.com/hyperspy/hyperspy,2010-11-29,37.0,rank-3,0
Python,https://github.com/hyperspy/hyperspy,2010-11-30,43.0,rank-3,0
Python,https://github.com/hyperspy/hyperspy,2010-12-01,46.0,rank-3,0
Python,https://github.com/hyperspy/hyperspy,2010-12-02,47.0,rank-3,0
Python,https://github.com/hyperspy/hyperspy,2010-12-03,48.0,rank-3,0
Python,https://github.com/hyperspy/hyperspy,2010-12-04,50.0,rank-3,0
Python,https://github.com/hyperspy/hyperspy,2010-12-05,51.0,rank-3,0
Python,https://github.com/hyperspy/hyperspy,2010-12-06,52.0,rank-3,0
Python,https://github.com/hyperspy/hyperspy,2010-12-07,54.0,rank-3,0
Python,https://github.com/hyperspy/hyperspy,2010-12-09,61.0,rank-3,0
Python,https://github.com/hyperspy/hyperspy,2010-12-12,62.0,rank-3,0
Python,https://github.com/hyperspy/hyperspy,2010-12-13,65.0,rank-3,0
Python,https://github.com/hyperspy/hyperspy,2010-12-14,70.0,rank-3,0
Python,https://github.com/hyperspy/hyperspy,2010-12-15,72.0,rank-3,0
Python,https://github.com/hyperspy/hyperspy,2010-12-16,73.0,rank-3,0
Python,https://github.com/hyperspy/hyperspy,2010-12-18,77.0,rank-3,0
Python,https://github.com/hyperspy/hyperspy,2011-01-08,79.0,rank-3,0
Python,https://github.com/hyperspy/hyperspy,2011-01-09,81.0,rank-3,0
Python,https://github.com/hyperspy/hyperspy,2011-01-18,82.0,rank-3,0
Python,https://github.com/hyperspy/hyperspy,2011-01-23,83.0,rank-3,0
Python,https://github.com/hyperspy/hyperspy,2011-01-25,85.0,rank-3,0
Python,https://github.com/hyperspy/hyperspy,2011-01-26,88.0,rank-3,0
Python,https://github.com/hyperspy/hyperspy,2011-01-28,93.0,rank-3,0
Python,https://github.com/hyperspy/hyperspy,2011-01-31,94.0,rank-3,0
Python,https://github.com/hyperspy/hyperspy,2011-02-01,97.0,rank-3,0
Python,https://github.com/hyperspy/hyperspy,2011-02-02,100.0,rank-3,0
Python,https://github.com/hyperspy/hyperspy,2011-02-03,104.0,rank-3,0
Python,https://github.com/hyperspy/hyperspy,2011-02-04,105.0,rank-3,0
Python,https://github.com/hyperspy/hyperspy,2011-02-15,106.0,rank-3,0
Python,https://github.com/hyperspy/hyperspy,2011-02-16,109.0,rank-3,0
Python,https://github.com/hyperspy/hyperspy,2011-02-18,111.0,rank-3,0
Python,https://github.com/hyperspy/hyperspy,2011-02-23,112.0,rank-3,0
Python,https://github.com/hyperspy/hyperspy,2011-03-01,117.0,rank-3,0
Python,https://github.com/hyperspy/hyperspy,2011-03-02,120.0,rank-3,0
Python,https://github.com/hyperspy/hyperspy,2011-03-03,123.0,rank-3,0
Python,https://github.com/hyperspy/hyperspy,2011-03-04,129.0,rank-3,0
Python,https://github.com/hyperspy/hyperspy,2011-03-08,130.0,rank-3,0
Python,https://github.com/hyperspy/hyperspy,2011-03-09,134.0,rank-3,0
Python,https://github.com/hyperspy/hyperspy,2011-03-10,135.0,rank-3,0
Python,https://github.com/hyperspy/hyperspy,2011-03-11,136.0,rank-3,0
Python,https://github.com/hyperspy/hyperspy,2011-03-12,139.0,rank-3,0
Python,https://github.com/hyperspy/hyperspy,2011-03-13,158.0,rank-3,0
Python,https://github.com/hyperspy/hyperspy,2011-03-14,161.0,rank-3,0
Python,https://github.com/hyperspy/hyperspy,2011-03-15,165.0,rank-3,0
Python,https://github.com/hyperspy/hyperspy,2011-03-18,169.0,rank-3,0
Python,https://github.com/hyperspy/hyperspy,2011-03-21,173.0,rank-3,0
Python,https://github.com/hyperspy/hyperspy,2011-03-22,193.0,rank-3,0
Python,https://github.com/hyperspy/hyperspy,2011-03-23,209.0,rank-3,0
Python,https://github.com/hyperspy/hyperspy,2011-03-28,217.0,rank-3,0
Python,https://github.com/hyperspy/hyperspy,2011-03-29,225.0,rank-3,0
Python,https://github.com/hyperspy/hyperspy,2011-03-30,232.0,rank-3,0
Python,https://github.com/hyperspy/hyperspy,2011-03-31,242.0,rank-3,0
Python,https://github.com/hyperspy/hyperspy,2011-04-01,251.0,rank-3,0
Python,https://github.com/hyperspy/hyperspy,2011-04-02,256.0,rank-3,0
Python,https://github.com/hyperspy/hyperspy,2011-04-04,260.0,rank-3,0
Python,https://github.com/hyperspy/hyperspy,2011-04-05,273.0,rank-3,0
Python,https://github.com/hyperspy/hyperspy,2011-04-06,278.0,rank-3,0
Python,https://github.com/hyperspy/hyperspy,2011-04-07,289.0,rank-3,0
Python,https://github.com/hyperspy/hyperspy,2011-04-08,306.0,rank-3,0
Python,https://github.com/hyperspy/hyperspy,2011-04-11,308.0,rank-3,0
Python,https://github.com/hyperspy/hyperspy,2011-04-13,320.0,rank-3,0
Python,https://github.com/hyperspy/hyperspy,2011-04-14,326.0,rank-3,0
Python,https://github.com/hyperspy/hyperspy,2011-04-15,332.0,rank-3,0
Python,https://github.com/hyperspy/hyperspy,2011-04-20,334.0,rank-3,0
Python,https://github.com/hyperspy/hyperspy,2011-04-21,337.0,rank-3,0
Python,https://github.com/hyperspy/hyperspy,2011-04-25,339.0,rank-3,0
Python,https://github.com/hyperspy/hyperspy,2011-04-26,341.0,rank-3,0
Python,https://github.com/hyperspy/hyperspy,2011-04-28,343.0,rank-3,0
Python,https://github.com/hyperspy/hyperspy,2011-04-29,345.0,rank-3,0
Python,https://github.com/hyperspy/hyperspy,2011-05-05,347.0,rank-3,0
Python,https://github.com/hyperspy/hyperspy,2011-05-13,354.0,rank-3,0
Python,https://github.com/hyperspy/hyperspy,2011-05-16,356.0,rank-3,0
Python,https://github.com/hyperspy/hyperspy,2011-05-17,358.0,rank-3,0
Python,https://github.com/hyperspy/hyperspy,2011-05-18,361.0,rank-3,0
Python,https://github.com/hyperspy/hyperspy,2011-05-19,363.0,rank-3,0
Python,https://github.com/hyperspy/hyperspy,2011-05-20,364.0,rank-3,0
Python,https://github.com/hyperspy/hyperspy,2011-05-27,365.0,rank-3,0
Python,https://github.com/hyperspy/hyperspy,2011-06-09,369.0,rank-3,0
Python,https://github.com/hyperspy/hyperspy,2011-06-15,372.0,rank-3,0
Python,https://github.com/hyperspy/hyperspy,2011-06-22,374.0,rank-3,0
Python,https://github.com/hyperspy/hyperspy,2011-06-24,375.0,rank-3,0
Python,https://github.com/hyperspy/hyperspy,2011-06-27,380.0,rank-3,0
Python,https://github.com/hyperspy/hyperspy,2011-06-28,383.0,rank-3,0
Python,https://github.com/hyperspy/hyperspy,2011-06-30,392.0,rank-3,0
Python,https://github.com/hyperspy/hyperspy,2011-07-01,395.0,rank-3,0
Python,https://github.com/hyperspy/hyperspy,2011-07-04,398.0,rank-3,0
Python,https://github.com/hyperspy/hyperspy,2011-07-07,405.0,rank-3,0
Python,https://github.com/hyperspy/hyperspy,2011-07-08,412.0,rank-3,0
Python,https://github.com/hyperspy/hyperspy,2011-07-09,416.0,rank-3,0
Python,https://github.com/hyperspy/hyperspy,2011-07-11,431.0,rank-3,0
Python,https://github.com/hyperspy/hyperspy,2011-07-15,432.0,rank-3,0
Python,https://github.com/hyperspy/hyperspy,2011-07-18,438.0,rank-3,0
Python,https://github.com/hyperspy/hyperspy,2011-07-19,442.0,rank-3,0
Python,https://github.com/hyperspy/hyperspy,2011-07-20,454.0,rank-3,0
Python,https://github.com/hyperspy/hyperspy,2011-07-21,456.0,rank-3,0
Python,https://github.com/hyperspy/hyperspy,2011-07-22,461.0,rank-3,0
Python,https://github.com/hyperspy/hyperspy,2011-07-25,475.0,rank-3,0
Python,https://github.com/hyperspy/hyperspy,2011-07-26,487.0,rank-3,0
Python,https://github.com/hyperspy/hyperspy,2011-07-27,489.0,rank-3,0
Python,https://github.com/hyperspy/hyperspy,2011-07-28,495.0,rank-3,0
Python,https://github.com/hyperspy/hyperspy,2011-07-29,503.0,rank-3,0
Python,https://github.com/hyperspy/hyperspy,2011-08-01,522.0,rank-3,0
Python,https://github.com/hyperspy/hyperspy,2011-08-02,526.0,rank-3,0
Python,https://github.com/hyperspy/hyperspy,2011-08-03,531.0,rank-3,0
Python,https://github.com/hyperspy/hyperspy,2011-08-07,537.0,rank-3,0
Python,https://github.com/hyperspy/hyperspy,2011-08-08,547.0,rank-3,0
Python,https://github.com/hyperspy/hyperspy,2011-08-10,548.0,rank-3,0
Python,https://github.com/hyperspy/hyperspy,2011-08-12,550.0,rank-3,0
Python,https://github.com/hyperspy/hyperspy,2011-08-15,555.0,rank-3,0
Python,https://github.com/hyperspy/hyperspy,2011-08-16,561.0,rank-3,0
Python,https://github.com/hyperspy/hyperspy,2011-08-17,577.0,rank-3,0
Python,https://github.com/hyperspy/hyperspy,2011-08-18,611.0,rank-3,0
Python,https://github.com/hyperspy/hyperspy,2011-08-19,622.0,rank-3,0
Python,https://github.com/hyperspy/hyperspy,2011-08-21,646.0,rank-3,0
Python,https://github.com/hyperspy/hyperspy,2011-08-22,659.0,rank-3,0
Python,https://github.com/hyperspy/hyperspy,2011-08-23,662.0,rank-3,0
Python,https://github.com/hyperspy/hyperspy,2011-08-26,665.0,rank-3,0
Python,https://github.com/hyperspy/hyperspy,2011-08-27,667.0,rank-3,0
Python,https://github.com/hyperspy/hyperspy,2011-08-28,675.0,rank-3,0
Python,https://github.com/hyperspy/hyperspy,2011-08-31,684.0,rank-3,0
Python,https://github.com/hyperspy/hyperspy,2011-09-01,689.0,rank-3,0
Python,https://github.com/hyperspy/hyperspy,2011-09-02,694.0,rank-3,0
Python,https://github.com/hyperspy/hyperspy,2011-09-04,698.0,rank-3,0
Python,https://github.com/hyperspy/hyperspy,2011-09-05,701.0,rank-3,0
Python,https://github.com/hyperspy/hyperspy,2011-09-06,707.0,rank-3,0
Python,https://github.com/hyperspy/hyperspy,2011-09-07,709.0,rank-3,0
Python,https://github.com/hyperspy/hyperspy,2011-09-08,711.0,rank-3,0
Python,https://github.com/hyperspy/hyperspy,2011-09-12,715.0,rank-3,0
Python,https://github.com/hyperspy/hyperspy,2011-09-13,718.0,rank-3,0
Python,https://github.com/hyperspy/hyperspy,2011-09-16,719.0,rank-3,0
Python,https://github.com/hyperspy/hyperspy,2011-09-19,724.0,rank-3,0
Python,https://github.com/hyperspy/hyperspy,2011-09-20,733.0,rank-3,0
Python,https://github.com/hyperspy/hyperspy,2011-09-21,747.0,rank-3,0
Python,https://github.com/hyperspy/hyperspy,2011-09-22,754.0,rank-3,0
Python,https://github.com/hyperspy/hyperspy,2011-09-23,766.0,rank-3,0
Python,https://github.com/hyperspy/hyperspy,2011-09-26,773.0,rank-3,0
Python,https://github.com/hyperspy/hyperspy,2011-09-27,777.0,rank-3,0
Python,https://github.com/hyperspy/hyperspy,2011-09-28,780.0,rank-3,0
Python,https://github.com/hyperspy/hyperspy,2011-09-29,790.0,rank-3,0
Python,https://github.com/hyperspy/hyperspy,2011-09-30,792.0,rank-3,0
Python,https://github.com/hyperspy/hyperspy,2011-10-04,793.0,rank-3,0
Python,https://github.com/hyperspy/hyperspy,2011-10-05,802.0,rank-3,0
Python,https://github.com/hyperspy/hyperspy,2011-10-06,806.0,rank-3,0
Python,https://github.com/hyperspy/hyperspy,2011-10-10,814.0,rank-3,0
Python,https://github.com/hyperspy/hyperspy,2011-10-13,823.0,rank-3,0
Python,https://github.com/hyperspy/hyperspy,2011-10-14,840.0,rank-3,0
Python,https://github.com/hyperspy/hyperspy,2011-10-17,854.0,rank-3,0
Python,https://github.com/hyperspy/hyperspy,2011-10-18,873.0,rank-3,0
Python,https://github.com/hyperspy/hyperspy,2011-10-19,893.0,rank-3,0
Python,https://github.com/hyperspy/hyperspy,2011-10-20,910.0,rank-3,0
Python,https://github.com/hyperspy/hyperspy,2011-10-21,927.0,rank-3,0
Python,https://github.com/hyperspy/hyperspy,2011-10-22,936.0,rank-3,0
Python,https://github.com/hyperspy/hyperspy,2011-10-23,954.0,rank-3,0
Python,https://github.com/hyperspy/hyperspy,2011-10-24,955.0,rank-3,0
Python,https://github.com/hyperspy/hyperspy,2011-10-25,956.0,rank-3,0
Python,https://github.com/hyperspy/hyperspy,2011-10-26,962.0,rank-3,0
Python,https://github.com/hyperspy/hyperspy,2011-10-27,970.0,rank-3,0
Python,https://github.com/hyperspy/hyperspy,2011-11-02,974.0,rank-3,0
Python,https://github.com/hyperspy/hyperspy,2011-11-03,978.0,rank-3,0
Python,https://github.com/hyperspy/hyperspy,2011-11-04,985.0,rank-3,0
Python,https://github.com/hyperspy/hyperspy,2011-11-05,986.0,rank-3,0
Python,https://github.com/hyperspy/hyperspy,2011-11-07,991.0,rank-3,0
Python,https://github.com/hyperspy/hyperspy,2011-11-10,993.0,rank-3,0
Python,https://github.com/hyperspy/hyperspy,2011-11-18,994.0,rank-3,0
Python,https://github.com/hyperspy/hyperspy,2011-11-21,997.0,rank-3,0
Python,https://github.com/hyperspy/hyperspy,2011-11-22,1000.0,rank-3,0
Python,https://github.com/hyperspy/hyperspy,2011-11-25,1003.0,rank-3,0
Python,https://github.com/hyperspy/hyperspy,2011-11-29,1012.0,rank-3,0
Python,https://github.com/hyperspy/hyperspy,2011-11-30,1013.0,rank-3,0
Python,https://github.com/hyperspy/hyperspy,2011-12-01,1015.0,rank-3,0
Python,https://github.com/hyperspy/hyperspy,2011-12-02,1025.0,rank-3,0
Python,https://github.com/hyperspy/hyperspy,2011-12-05,1029.0,rank-3,0
Python,https://github.com/hyperspy/hyperspy,2011-12-06,1035.0,rank-3,0
Python,https://github.com/hyperspy/hyperspy,2011-12-07,1042.0,rank-3,0
Python,https://github.com/hyperspy/hyperspy,2011-12-08,1043.0,rank-3,0
Python,https://github.com/hyperspy/hyperspy,2011-12-09,1047.0,rank-3,0
Python,https://github.com/hyperspy/hyperspy,2011-12-12,1051.0,rank-3,0
Python,https://github.com/hyperspy/hyperspy,2011-12-14,1053.0,rank-3,0
Python,https://github.com/hyperspy/hyperspy,2011-12-15,1056.0,rank-3,0
Python,https://github.com/hyperspy/hyperspy,2011-12-20,1059.0,rank-3,0
Python,https://github.com/hyperspy/hyperspy,2011-12-21,1060.0,rank-3,0
Python,https://github.com/hyperspy/hyperspy,2012-01-05,1061.0,rank-3,0
Python,https://github.com/hyperspy/hyperspy,2012-02-10,1062.0,rank-3,0
Python,https://github.com/hyperspy/hyperspy,2012-02-20,1066.0,rank-3,0
Python,https://github.com/hyperspy/hyperspy,2012-02-22,1069.0,rank-3,0
Python,https://github.com/hyperspy/hyperspy,2012-02-23,1070.0,rank-3,0
Python,https://github.com/hyperspy/hyperspy,2012-02-24,1074.0,rank-3,0
Python,https://github.com/hyperspy/hyperspy,2012-02-27,1078.0,rank-3,0
Python,https://github.com/hyperspy/hyperspy,2012-02-28,1088.0,rank-3,0
Python,https://github.com/hyperspy/hyperspy,2012-02-29,1099.0,rank-3,0
Python,https://github.com/hyperspy/hyperspy,2012-03-01,1100.0,rank-3,0
Python,https://github.com/hyperspy/hyperspy,2012-04-02,1102.0,rank-3,0
Python,https://github.com/hyperspy/hyperspy,2012-04-04,1104.0,rank-3,0
Python,https://github.com/hyperspy/hyperspy,2012-04-05,1114.0,rank-3,0
Python,https://github.com/hyperspy/hyperspy,2012-04-10,1118.0,rank-3,0
Python,https://github.com/hyperspy/hyperspy,2012-04-11,1122.0,rank-3,0
Python,https://github.com/hyperspy/hyperspy,2012-04-12,1126.0,rank-3,0
Python,https://github.com/hyperspy/hyperspy,2012-04-13,1137.0,rank-3,0
Python,https://github.com/hyperspy/hyperspy,2012-04-16,1149.0,rank-3,0
Python,https://github.com/hyperspy/hyperspy,2012-04-17,1150.0,rank-3,0
Python,https://github.com/hyperspy/hyperspy,2012-04-18,1154.0,rank-3,0
Python,https://github.com/hyperspy/hyperspy,2012-05-07,1155.0,rank-3,0
Python,https://github.com/hyperspy/hyperspy,2012-05-17,1156.0,rank-3,0
Python,https://github.com/hyperspy/hyperspy,2012-05-20,1157.0,rank-3,0
Python,https://github.com/hyperspy/hyperspy,2012-05-22,1159.0,rank-3,0
Python,https://github.com/hyperspy/hyperspy,2012-05-31,1163.0,rank-3,0
Python,https://github.com/hyperspy/hyperspy,2012-06-04,1164.0,rank-3,0
Python,https://github.com/hyperspy/hyperspy,2012-06-07,1167.0,rank-3,0
Python,https://github.com/hyperspy/hyperspy,2012-06-08,1168.0,rank-3,0
Python,https://github.com/hyperspy/hyperspy,2012-06-11,1174.0,rank-3,0
Python,https://github.com/hyperspy/hyperspy,2012-06-12,1177.0,rank-3,0
Python,https://github.com/hyperspy/hyperspy,2012-06-14,1178.0,rank-3,0
Python,https://github.com/hyperspy/hyperspy,2012-06-20,1179.0,rank-3,0
Python,https://github.com/hyperspy/hyperspy,2012-06-22,1180.0,rank-3,0
Python,https://github.com/hyperspy/hyperspy,2012-06-25,1184.0,rank-3,0
Python,https://github.com/hyperspy/hyperspy,2012-06-28,1185.0,rank-3,0
Python,https://github.com/hyperspy/hyperspy,2012-07-02,1188.0,rank-3,0
Python,https://github.com/hyperspy/hyperspy,2012-07-03,1192.0,rank-3,0
Python,https://github.com/hyperspy/hyperspy,2012-07-04,1193.0,rank-3,0
Python,https://github.com/hyperspy/hyperspy,2012-07-09,1198.0,rank-3,0
Python,https://github.com/hyperspy/hyperspy,2012-07-10,1202.0,rank-3,0
Python,https://github.com/hyperspy/hyperspy,2012-07-11,1206.0,rank-3,0
Python,https://github.com/hyperspy/hyperspy,2012-07-12,1208.0,rank-3,0
Python,https://github.com/hyperspy/hyperspy,2012-07-13,1212.0,rank-3,0
Python,https://github.com/hyperspy/hyperspy,2012-07-18,1214.0,rank-3,0
Python,https://github.com/hyperspy/hyperspy,2012-07-24,1217.0,rank-3,0
Python,https://github.com/hyperspy/hyperspy,2012-07-25,1218.0,rank-3,0
Python,https://github.com/hyperspy/hyperspy,2012-07-26,1220.0,rank-3,0
Python,https://github.com/hyperspy/hyperspy,2012-07-27,1221.0,rank-3,0
Python,https://github.com/hyperspy/hyperspy,2012-07-31,1227.0,rank-3,0
Python,https://github.com/hyperspy/hyperspy,2012-08-01,1228.0,rank-3,0
Python,https://github.com/hyperspy/hyperspy,2012-08-02,1230.0,rank-3,0
Python,https://github.com/hyperspy/hyperspy,2012-08-03,1231.0,rank-3,0
Python,https://github.com/hyperspy/hyperspy,2012-08-08,1233.0,rank-3,0
Python,https://github.com/hyperspy/hyperspy,2012-08-09,1235.0,rank-3,0
Python,https://github.com/hyperspy/hyperspy,2012-08-10,1237.0,rank-3,0
Python,https://github.com/hyperspy/hyperspy,2012-08-22,1238.0,rank-3,0
Python,https://github.com/hyperspy/hyperspy,2012-08-24,1240.0,rank-3,0
Python,https://github.com/hyperspy/hyperspy,2012-08-27,1256.0,rank-3,0
Python,https://github.com/hyperspy/hyperspy,2012-08-28,1262.0,rank-3,0
Python,https://github.com/hyperspy/hyperspy,2012-08-29,1268.0,rank-3,0
Python,https://github.com/hyperspy/hyperspy,2012-08-30,1269.0,rank-3,0
Python,https://github.com/hyperspy/hyperspy,2012-08-31,1273.0,rank-3,0
Python,https://github.com/hyperspy/hyperspy,2012-09-02,1274.0,rank-3,0
Python,https://github.com/hyperspy/hyperspy,2012-09-03,1282.0,rank-3,0
Python,https://github.com/hyperspy/hyperspy,2012-09-04,1293.0,rank-3,0
Python,https://github.com/hyperspy/hyperspy,2012-09-05,1303.0,rank-3,0
Python,https://github.com/hyperspy/hyperspy,2012-09-06,1314.0,rank-3,0
Python,https://github.com/hyperspy/hyperspy,2012-09-07,1323.0,rank-3,0
Python,https://github.com/hyperspy/hyperspy,2012-09-08,1325.0,rank-3,0
Python,https://github.com/hyperspy/hyperspy,2012-09-09,1326.0,rank-3,0
Python,https://github.com/hyperspy/hyperspy,2012-09-10,1328.0,rank-3,0
Python,https://github.com/hyperspy/hyperspy,2012-09-12,1332.0,rank-3,0
Python,https://github.com/hyperspy/hyperspy,2012-09-19,1333.0,rank-3,0
Python,https://github.com/hyperspy/hyperspy,2012-09-20,1334.0,rank-3,0
Python,https://github.com/hyperspy/hyperspy,2012-09-21,1335.0,rank-3,0
Python,https://github.com/hyperspy/hyperspy,2012-09-25,1343.0,rank-3,0
Python,https://github.com/hyperspy/hyperspy,2012-09-26,1346.0,rank-3,0
Python,https://github.com/hyperspy/hyperspy,2012-09-27,1349.0,rank-3,0
Python,https://github.com/hyperspy/hyperspy,2012-09-28,1354.0,rank-3,0
Python,https://github.com/hyperspy/hyperspy,2012-10-01,1355.0,rank-3,0
Python,https://github.com/hyperspy/hyperspy,2012-10-02,1357.0,rank-3,0
Python,https://github.com/hyperspy/hyperspy,2012-10-08,1361.0,rank-3,0
Python,https://github.com/hyperspy/hyperspy,2012-10-09,1365.0,rank-3,0
Python,https://github.com/hyperspy/hyperspy,2012-10-10,1368.0,rank-3,0
Python,https://github.com/hyperspy/hyperspy,2012-10-11,1370.0,rank-3,0
Python,https://github.com/hyperspy/hyperspy,2012-10-12,1372.0,rank-3,0
Python,https://github.com/hyperspy/hyperspy,2012-10-15,1373.0,rank-3,0
Python,https://github.com/hyperspy/hyperspy,2012-10-19,1374.0,rank-3,0
Python,https://github.com/hyperspy/hyperspy,2012-10-25,1377.0,rank-3,0
Python,https://github.com/hyperspy/hyperspy,2012-10-26,1381.0,rank-3,0
Python,https://github.com/hyperspy/hyperspy,2012-10-28,1385.0,rank-3,0
Python,https://github.com/hyperspy/hyperspy,2012-10-29,1392.0,rank-3,0
Python,https://github.com/hyperspy/hyperspy,2012-10-30,1405.0,rank-3,0
Python,https://github.com/hyperspy/hyperspy,2012-11-15,1406.0,rank-3,0
Python,https://github.com/hyperspy/hyperspy,2012-11-27,1408.0,rank-3,0
Python,https://github.com/hyperspy/hyperspy,2012-11-29,1409.0,rank-3,0
Python,https://github.com/hyperspy/hyperspy,2012-11-30,1410.0,rank-3,0
Python,https://github.com/hyperspy/hyperspy,2012-12-04,1413.0,rank-3,0
Python,https://github.com/hyperspy/hyperspy,2012-12-05,1414.0,rank-3,0
Python,https://github.com/hyperspy/hyperspy,2012-12-06,1419.0,rank-3,0
Python,https://github.com/hyperspy/hyperspy,2012-12-07,1427.0,rank-3,0
Python,https://github.com/hyperspy/hyperspy,2012-12-08,1429.0,rank-3,0
Python,https://github.com/hyperspy/hyperspy,2012-12-10,1430.0,rank-3,0
Python,https://github.com/hyperspy/hyperspy,2012-12-11,1437.0,rank-3,0
Python,https://github.com/hyperspy/hyperspy,2012-12-12,1439.0,rank-3,0
Python,https://github.com/hyperspy/hyperspy,2012-12-13,1446.0,rank-3,0
Python,https://github.com/hyperspy/hyperspy,2012-12-14,1450.0,rank-3,0
Python,https://github.com/hyperspy/hyperspy,2012-12-20,1451.0,rank-3,0
Python,https://github.com/hyperspy/hyperspy,2013-01-07,1453.0,rank-3,0
Python,https://github.com/hyperspy/hyperspy,2013-01-10,1454.0,rank-3,0
Python,https://github.com/hyperspy/hyperspy,2013-01-11,1455.0,rank-3,0
Python,https://github.com/hyperspy/hyperspy,2013-01-16,1462.0,rank-3,0
Python,https://github.com/hyperspy/hyperspy,2013-01-17,1471.0,rank-3,0
Python,https://github.com/hyperspy/hyperspy,2013-01-18,1476.0,rank-3,0
Python,https://github.com/hyperspy/hyperspy,2013-01-24,1483.0,rank-3,0
Python,https://github.com/hyperspy/hyperspy,2013-01-25,1493.0,rank-3,0
Python,https://github.com/hyperspy/hyperspy,2013-01-28,1502.0,rank-3,0
Python,https://github.com/hyperspy/hyperspy,2013-01-29,1508.0,rank-3,0
Python,https://github.com/hyperspy/hyperspy,2013-01-30,1512.0,rank-3,0
Python,https://github.com/hyperspy/hyperspy,2013-01-31,1521.0,rank-3,0
Python,https://github.com/hyperspy/hyperspy,2013-02-07,1523.0,rank-3,0
Python,https://github.com/hyperspy/hyperspy,2013-02-12,1530.0,rank-3,0
Python,https://github.com/hyperspy/hyperspy,2013-02-14,1538.0,rank-3,0
Python,https://github.com/hyperspy/hyperspy,2013-02-15,1540.0,rank-3,0
Python,https://github.com/hyperspy/hyperspy,2013-02-18,1542.0,rank-3,0
Python,https://github.com/hyperspy/hyperspy,2013-02-19,1549.0,rank-3,0
Python,https://github.com/hyperspy/hyperspy,2013-02-20,1554.0,rank-3,0
Python,https://github.com/hyperspy/hyperspy,2013-02-21,1556.0,rank-3,0
Python,https://github.com/hyperspy/hyperspy,2013-02-22,1558.0,rank-3,0
Python,https://github.com/hyperspy/hyperspy,2013-02-23,1559.0,rank-3,0
Python,https://github.com/hyperspy/hyperspy,2013-02-27,1562.0,rank-3,0
Python,https://github.com/hyperspy/hyperspy,2013-02-28,1564.0,rank-3,0
Python,https://github.com/hyperspy/hyperspy,2013-03-01,1568.0,rank-3,0
Python,https://github.com/hyperspy/hyperspy,2013-03-04,1569.0,rank-3,0
Python,https://github.com/hyperspy/hyperspy,2013-03-05,1571.0,rank-3,0
Python,https://github.com/hyperspy/hyperspy,2013-03-06,1575.0,rank-3,0
Python,https://github.com/hyperspy/hyperspy,2013-03-07,1581.0,rank-3,0
Python,https://github.com/hyperspy/hyperspy,2013-03-13,1582.0,rank-3,0
Python,https://github.com/hyperspy/hyperspy,2013-03-14,1588.0,rank-3,2
Python,https://github.com/hyperspy/hyperspy,2013-03-15,1598.0,rank-3,5
Python,https://github.com/hyperspy/hyperspy,2013-03-16,1601.0,rank-3,5
Python,https://github.com/hyperspy/hyperspy,2013-03-18,1610.0,rank-3,8
Python,https://github.com/hyperspy/hyperspy,2013-03-19,1624.0,rank-3,17
Python,https://github.com/hyperspy/hyperspy,2013-03-20,1627.0,rank-3,20
Python,https://github.com/hyperspy/hyperspy,2013-03-21,1631.0,rank-3,21
Python,https://github.com/hyperspy/hyperspy,2013-03-25,1638.0,rank-3,23
Python,https://github.com/hyperspy/hyperspy,2013-03-27,1642.0,rank-3,24
Python,https://github.com/hyperspy/hyperspy,2013-03-28,1647.0,rank-3,24
Python,https://github.com/hyperspy/hyperspy,2013-03-30,1651.0,rank-3,24
Python,https://github.com/hyperspy/hyperspy,2013-03-31,1653.0,rank-3,24
Python,https://github.com/hyperspy/hyperspy,2013-04-01,1660.0,rank-3,24
Python,https://github.com/hyperspy/hyperspy,2013-04-02,1665.0,rank-3,24
Python,https://github.com/hyperspy/hyperspy,2013-04-03,1666.0,rank-3,24
Python,https://github.com/hyperspy/hyperspy,2013-04-04,1668.0,rank-3,24
Python,https://github.com/hyperspy/hyperspy,2013-04-09,1673.0,rank-3,25
Python,https://github.com/hyperspy/hyperspy,2013-04-10,1677.0,rank-3,27
Python,https://github.com/hyperspy/hyperspy,2013-04-11,1678.0,rank-3,28
Python,https://github.com/hyperspy/hyperspy,2013-04-12,1679.0,rank-3,29
Python,https://github.com/hyperspy/hyperspy,2013-04-17,1686.0,rank-3,36
Python,https://github.com/hyperspy/hyperspy,2013-04-18,1689.0,rank-3,39
Python,https://github.com/hyperspy/hyperspy,2013-04-19,1691.0,rank-3,40
Python,https://github.com/hyperspy/hyperspy,2013-04-23,1693.0,rank-3,42
Python,https://github.com/hyperspy/hyperspy,2013-04-26,1694.0,rank-3,43
Python,https://github.com/hyperspy/hyperspy,2013-05-07,1697.0,rank-3,43
Python,https://github.com/hyperspy/hyperspy,2013-05-08,1701.0,rank-3,43
Python,https://github.com/hyperspy/hyperspy,2013-05-09,1704.0,rank-3,44
Python,https://github.com/hyperspy/hyperspy,2013-05-10,1710.0,rank-3,46
Python,https://github.com/hyperspy/hyperspy,2013-05-11,1716.0,rank-3,46
Python,https://github.com/hyperspy/hyperspy,2013-05-12,1720.0,rank-3,46
Python,https://github.com/hyperspy/hyperspy,2013-05-13,1730.0,rank-3,46
Python,https://github.com/hyperspy/hyperspy,2013-05-14,1736.0,rank-3,46
Python,https://github.com/hyperspy/hyperspy,2013-05-15,1738.0,rank-3,46
Python,https://github.com/hyperspy/hyperspy,2013-05-17,1743.0,rank-3,46
Python,https://github.com/hyperspy/hyperspy,2013-05-19,1751.0,rank-3,46
Python,https://github.com/hyperspy/hyperspy,2013-05-20,1773.0,rank-3,50
Python,https://github.com/hyperspy/hyperspy,2013-05-21,1783.0,rank-3,55
Python,https://github.com/hyperspy/hyperspy,2013-05-22,1803.0,rank-3,67
Python,https://github.com/hyperspy/hyperspy,2013-05-23,1829.0,rank-3,75
Python,https://github.com/hyperspy/hyperspy,2013-05-24,1835.0,rank-3,77
Python,https://github.com/hyperspy/hyperspy,2013-05-25,1845.0,rank-3,77
Python,https://github.com/hyperspy/hyperspy,2013-05-27,1846.0,rank-3,77
Python,https://github.com/hyperspy/hyperspy,2013-06-03,1852.0,rank-3,83
Python,https://github.com/hyperspy/hyperspy,2013-06-04,1859.0,rank-3,84
Python,https://github.com/hyperspy/hyperspy,2013-06-05,1868.0,rank-3,88
Python,https://github.com/hyperspy/hyperspy,2013-06-06,1876.0,rank-3,91
Python,https://github.com/hyperspy/hyperspy,2013-06-07,1882.0,rank-3,97
Python,https://github.com/hyperspy/hyperspy,2013-06-10,1883.0,rank-3,97
Python,https://github.com/hyperspy/hyperspy,2013-06-11,1884.0,rank-3,97
Python,https://github.com/hyperspy/hyperspy,2013-06-12,1887.0,rank-3,98
Python,https://github.com/hyperspy/hyperspy,2013-06-13,1894.0,rank-3,100
Python,https://github.com/hyperspy/hyperspy,2013-06-14,1896.0,rank-3,102
Python,https://github.com/hyperspy/hyperspy,2013-06-17,1897.0,rank-3,103
Python,https://github.com/hyperspy/hyperspy,2013-06-19,1898.0,rank-3,103
Python,https://github.com/hyperspy/hyperspy,2013-06-20,1899.0,rank-3,103
Python,https://github.com/hyperspy/hyperspy,2013-06-21,1900.0,rank-3,103
Python,https://github.com/hyperspy/hyperspy,2013-06-24,1909.0,rank-3,103
Python,https://github.com/hyperspy/hyperspy,2013-06-25,1925.0,rank-3,110
Python,https://github.com/hyperspy/hyperspy,2013-06-26,1933.0,rank-3,110
Python,https://github.com/hyperspy/hyperspy,2013-06-27,1942.0,rank-3,113
Python,https://github.com/hyperspy/hyperspy,2013-06-28,1962.0,rank-3,117
Python,https://github.com/hyperspy/hyperspy,2013-06-29,1965.0,rank-3,117
Python,https://github.com/hyperspy/hyperspy,2013-06-30,1979.0,rank-3,117
Python,https://github.com/hyperspy/hyperspy,2013-07-01,1983.0,rank-3,117
Python,https://github.com/hyperspy/hyperspy,2013-07-02,1984.0,rank-3,117
Python,https://github.com/hyperspy/hyperspy,2013-07-08,1985.0,rank-3,118
Python,https://github.com/hyperspy/hyperspy,2013-07-09,1989.0,rank-3,118
Python,https://github.com/hyperspy/hyperspy,2013-07-10,1999.0,rank-3,121
Python,https://github.com/hyperspy/hyperspy,2013-07-11,2005.0,rank-3,121
Python,https://github.com/hyperspy/hyperspy,2013-07-12,2009.0,rank-3,121
Python,https://github.com/hyperspy/hyperspy,2013-07-16,2011.0,rank-3,121
Python,https://github.com/hyperspy/hyperspy,2013-07-17,2019.0,rank-3,121
Python,https://github.com/hyperspy/hyperspy,2013-07-18,2027.0,rank-3,121
Python,https://github.com/hyperspy/hyperspy,2013-07-19,2030.0,rank-3,121
Python,https://github.com/hyperspy/hyperspy,2013-07-25,2032.0,rank-3,121
Python,https://github.com/hyperspy/hyperspy,2013-07-29,2034.0,rank-3,121
Python,https://github.com/hyperspy/hyperspy,2013-07-30,2035.0,rank-3,121
Python,https://github.com/hyperspy/hyperspy,2013-08-01,2044.0,rank-3,121
Python,https://github.com/hyperspy/hyperspy,2013-08-02,2054.0,rank-3,121
Python,https://github.com/hyperspy/hyperspy,2013-08-05,2062.0,rank-3,121
Python,https://github.com/hyperspy/hyperspy,2013-08-06,2074.0,rank-3,121
Python,https://github.com/hyperspy/hyperspy,2013-08-07,2078.0,rank-3,121
Python,https://github.com/hyperspy/hyperspy,2013-08-08,2081.0,rank-3,121
Python,https://github.com/hyperspy/hyperspy,2013-08-14,2084.0,rank-3,121
Python,https://github.com/hyperspy/hyperspy,2013-08-21,2087.0,rank-3,121
Python,https://github.com/hyperspy/hyperspy,2013-08-28,2089.0,rank-3,121
Python,https://github.com/hyperspy/hyperspy,2013-08-30,2093.0,rank-3,121
Python,https://github.com/hyperspy/hyperspy,2013-09-02,2100.0,rank-3,121
Python,https://github.com/hyperspy/hyperspy,2013-09-03,2112.0,rank-3,121
Python,https://github.com/hyperspy/hyperspy,2013-09-04,2119.0,rank-3,121
Python,https://github.com/hyperspy/hyperspy,2013-09-05,2125.0,rank-3,121
Python,https://github.com/hyperspy/hyperspy,2013-09-06,2130.0,rank-3,121
Python,https://github.com/hyperspy/hyperspy,2013-09-10,2132.0,rank-3,121
Python,https://github.com/hyperspy/hyperspy,2013-09-11,2133.0,rank-3,121
Python,https://github.com/hyperspy/hyperspy,2013-09-17,2136.0,rank-3,121
Python,https://github.com/hyperspy/hyperspy,2013-09-19,2137.0,rank-3,121
Python,https://github.com/hyperspy/hyperspy,2013-09-23,2138.0,rank-3,121
Python,https://github.com/hyperspy/hyperspy,2013-09-24,2139.0,rank-3,121
Python,https://github.com/hyperspy/hyperspy,2013-09-25,2144.0,rank-3,121
Python,https://github.com/hyperspy/hyperspy,2013-10-03,2150.0,rank-3,121
Python,https://github.com/hyperspy/hyperspy,2013-10-08,2152.0,rank-3,121
Python,https://github.com/hyperspy/hyperspy,2013-10-09,2157.0,rank-3,122
Python,https://github.com/hyperspy/hyperspy,2013-10-10,2163.0,rank-3,124
Python,https://github.com/hyperspy/hyperspy,2013-10-14,2164.0,rank-3,124
Python,https://github.com/hyperspy/hyperspy,2013-10-17,2165.0,rank-3,125
Python,https://github.com/hyperspy/hyperspy,2013-10-23,2168.0,rank-3,126
Python,https://github.com/hyperspy/hyperspy,2013-10-25,2172.0,rank-3,126
Python,https://github.com/hyperspy/hyperspy,2013-10-28,2173.0,rank-3,126
Python,https://github.com/hyperspy/hyperspy,2013-10-29,2175.0,rank-3,126
Python,https://github.com/hyperspy/hyperspy,2013-11-04,2178.0,rank-3,126
Python,https://github.com/hyperspy/hyperspy,2013-11-05,2181.0,rank-3,126
Python,https://github.com/hyperspy/hyperspy,2013-11-11,2184.0,rank-3,126
Python,https://github.com/hyperspy/hyperspy,2013-11-18,2190.0,rank-3,126
Python,https://github.com/hyperspy/hyperspy,2013-11-19,2191.0,rank-3,126
Python,https://github.com/hyperspy/hyperspy,2013-11-20,2195.0,rank-3,126
Python,https://github.com/hyperspy/hyperspy,2013-11-21,2196.0,rank-3,126
Python,https://github.com/hyperspy/hyperspy,2013-11-22,2208.0,rank-3,126
Python,https://github.com/hyperspy/hyperspy,2013-11-27,2210.0,rank-3,126
Python,https://github.com/hyperspy/hyperspy,2013-12-04,2213.0,rank-3,129
Python,https://github.com/hyperspy/hyperspy,2013-12-05,2215.0,rank-3,130
Python,https://github.com/hyperspy/hyperspy,2013-12-06,2218.0,rank-3,130
Python,https://github.com/hyperspy/hyperspy,2013-12-09,2221.0,rank-3,130
Python,https://github.com/hyperspy/hyperspy,2013-12-10,2222.0,rank-3,130
Python,https://github.com/hyperspy/hyperspy,2013-12-11,2228.0,rank-3,131
Python,https://github.com/hyperspy/hyperspy,2013-12-12,2235.0,rank-3,136
Python,https://github.com/hyperspy/hyperspy,2013-12-13,2244.0,rank-3,140
Python,https://github.com/hyperspy/hyperspy,2013-12-16,2255.0,rank-3,143
Python,https://github.com/hyperspy/hyperspy,2013-12-17,2256.0,rank-3,143
Python,https://github.com/hyperspy/hyperspy,2013-12-18,2263.0,rank-3,143
Python,https://github.com/hyperspy/hyperspy,2013-12-19,2265.0,rank-3,143
Python,https://github.com/hyperspy/hyperspy,2013-12-20,2268.0,rank-3,144
Python,https://github.com/hyperspy/hyperspy,2014-01-03,2272.0,rank-3,144
Python,https://github.com/hyperspy/hyperspy,2014-01-06,2276.0,rank-3,144
Python,https://github.com/hyperspy/hyperspy,2014-01-07,2287.0,rank-3,144
Python,https://github.com/hyperspy/hyperspy,2014-01-08,2297.0,rank-3,144
Python,https://github.com/hyperspy/hyperspy,2014-01-09,2311.0,rank-3,144
Python,https://github.com/hyperspy/hyperspy,2014-01-10,2313.0,rank-3,144
Python,https://github.com/hyperspy/hyperspy,2014-01-12,2314.0,rank-3,144
Python,https://github.com/hyperspy/hyperspy,2014-01-17,2318.0,rank-3,144
Python,https://github.com/hyperspy/hyperspy,2014-01-18,2319.0,rank-3,144
Python,https://github.com/hyperspy/hyperspy,2014-01-20,2320.0,rank-3,144
Python,https://github.com/hyperspy/hyperspy,2014-01-21,2325.0,rank-3,147
Python,https://github.com/hyperspy/hyperspy,2014-01-22,2330.0,rank-3,152
Python,https://github.com/hyperspy/hyperspy,2014-01-24,2343.0,rank-3,160
Python,https://github.com/hyperspy/hyperspy,2014-01-28,2350.0,rank-3,162
Python,https://github.com/hyperspy/hyperspy,2014-01-29,2356.0,rank-3,168
Python,https://github.com/hyperspy/hyperspy,2014-01-30,2358.0,rank-3,170
Python,https://github.com/hyperspy/hyperspy,2014-01-31,2367.0,rank-3,172
Python,https://github.com/hyperspy/hyperspy,2014-02-03,2370.0,rank-3,172
Python,https://github.com/hyperspy/hyperspy,2014-02-06,2380.0,rank-3,172
Python,https://github.com/hyperspy/hyperspy,2014-02-07,2385.0,rank-3,172
Python,https://github.com/hyperspy/hyperspy,2014-02-10,2393.0,rank-3,172
Python,https://github.com/hyperspy/hyperspy,2014-02-11,2403.0,rank-3,172
Python,https://github.com/hyperspy/hyperspy,2014-02-12,2415.0,rank-3,180
Python,https://github.com/hyperspy/hyperspy,2014-02-13,2440.0,rank-3,198
Python,https://github.com/hyperspy/hyperspy,2014-02-14,2455.0,rank-3,208
Python,https://github.com/hyperspy/hyperspy,2014-02-17,2470.0,rank-3,214
Python,https://github.com/hyperspy/hyperspy,2014-02-18,2513.0,rank-3,235
Python,https://github.com/hyperspy/hyperspy,2014-02-19,2545.0,rank-3,255
Python,https://github.com/hyperspy/hyperspy,2014-02-20,2598.0,rank-3,294
Python,https://github.com/hyperspy/hyperspy,2014-02-21,2649.0,rank-3,319
Python,https://github.com/hyperspy/hyperspy,2014-02-24,2654.0,rank-3,319
Python,https://github.com/hyperspy/hyperspy,2014-02-25,2672.0,rank-3,320
Python,https://github.com/hyperspy/hyperspy,2014-02-26,2683.0,rank-3,326
Python,https://github.com/hyperspy/hyperspy,2014-02-27,2685.0,rank-3,326
Python,https://github.com/hyperspy/hyperspy,2014-03-05,2688.0,rank-3,326
Python,https://github.com/hyperspy/hyperspy,2014-03-06,2690.0,rank-3,326
Python,https://github.com/hyperspy/hyperspy,2014-03-07,2697.0,rank-3,326
Python,https://github.com/hyperspy/hyperspy,2014-03-10,2718.0,rank-3,327
Python,https://github.com/hyperspy/hyperspy,2014-03-11,2730.0,rank-3,328
Python,https://github.com/hyperspy/hyperspy,2014-03-12,2755.0,rank-3,338
Python,https://github.com/hyperspy/hyperspy,2014-03-13,2767.0,rank-3,338
Python,https://github.com/hyperspy/hyperspy,2014-03-14,2774.0,rank-3,338
Python,https://github.com/hyperspy/hyperspy,2014-03-15,2780.0,rank-3,338
Python,https://github.com/hyperspy/hyperspy,2014-03-16,2785.0,rank-3,338
Python,https://github.com/hyperspy/hyperspy,2014-03-17,2796.0,rank-3,338
Python,https://github.com/hyperspy/hyperspy,2014-03-18,2805.0,rank-3,344
Python,https://github.com/hyperspy/hyperspy,2014-03-19,2822.0,rank-3,361
Python,https://github.com/hyperspy/hyperspy,2014-03-20,2840.0,rank-3,361
Python,https://github.com/hyperspy/hyperspy,2014-03-21,2845.0,rank-3,365
Python,https://github.com/hyperspy/hyperspy,2014-03-25,2848.0,rank-3,365
Python,https://github.com/hyperspy/hyperspy,2014-03-26,2858.0,rank-3,375
Python,https://github.com/hyperspy/hyperspy,2014-03-27,2867.0,rank-3,384
Python,https://github.com/hyperspy/hyperspy,2014-03-28,2869.0,rank-3,384
Python,https://github.com/hyperspy/hyperspy,2014-03-31,2899.0,rank-3,386
Python,https://github.com/hyperspy/hyperspy,2014-04-01,2928.0,rank-3,387
Python,https://github.com/hyperspy/hyperspy,2014-04-02,2936.0,rank-3,387
Python,https://github.com/hyperspy/hyperspy,2014-04-03,2961.0,rank-3,388
Python,https://github.com/hyperspy/hyperspy,2014-04-04,2964.0,rank-3,388
Python,https://github.com/hyperspy/hyperspy,2014-04-07,2970.0,rank-3,388
Python,https://github.com/hyperspy/hyperspy,2014-04-08,2977.0,rank-3,388
Python,https://github.com/hyperspy/hyperspy,2014-04-15,2987.0,rank-3,388
Python,https://github.com/hyperspy/hyperspy,2014-04-16,2997.0,rank-3,388
Python,https://github.com/hyperspy/hyperspy,2014-04-17,3005.0,rank-3,388
Python,https://github.com/hyperspy/hyperspy,2014-04-22,3016.0,rank-3,388
Python,https://github.com/hyperspy/hyperspy,2014-04-23,3034.0,rank-3,388
Python,https://github.com/hyperspy/hyperspy,2014-04-25,3038.0,rank-3,388
Python,https://github.com/hyperspy/hyperspy,2014-04-28,3056.0,rank-3,388
Python,https://github.com/hyperspy/hyperspy,2014-04-30,3070.0,rank-3,394
Python,https://github.com/hyperspy/hyperspy,2014-05-01,3082.0,rank-3,394
Python,https://github.com/hyperspy/hyperspy,2014-05-02,3108.0,rank-3,394
Python,https://github.com/hyperspy/hyperspy,2014-05-21,3110.0,rank-3,396
Python,https://github.com/hyperspy/hyperspy,2014-05-22,3112.0,rank-3,398
Python,https://github.com/hyperspy/hyperspy,2014-05-28,3119.0,rank-3,405
Python,https://github.com/hyperspy/hyperspy,2014-05-29,3120.0,rank-3,405
Python,https://github.com/hyperspy/hyperspy,2014-05-30,3124.0,rank-3,409
Python,https://github.com/hyperspy/hyperspy,2014-06-02,3126.0,rank-3,411
Python,https://github.com/hyperspy/hyperspy,2014-06-03,3127.0,rank-3,411
Python,https://github.com/hyperspy/hyperspy,2014-06-04,3128.0,rank-3,411
Python,https://github.com/hyperspy/hyperspy,2014-06-10,3136.0,rank-3,411
Python,https://github.com/hyperspy/hyperspy,2014-06-11,3152.0,rank-3,411
Python,https://github.com/hyperspy/hyperspy,2014-06-12,3159.0,rank-3,411
Python,https://github.com/hyperspy/hyperspy,2014-06-16,3168.0,rank-3,414
Python,https://github.com/hyperspy/hyperspy,2014-06-17,3176.0,rank-3,419
Python,https://github.com/hyperspy/hyperspy,2014-06-19,3179.0,rank-3,419
Python,https://github.com/hyperspy/hyperspy,2014-06-20,3180.0,rank-3,420
Python,https://github.com/hyperspy/hyperspy,2014-06-21,3182.0,rank-3,420
Python,https://github.com/hyperspy/hyperspy,2014-06-24,3184.0,rank-3,422
Python,https://github.com/hyperspy/hyperspy,2014-06-25,3185.0,rank-3,422
Python,https://github.com/hyperspy/hyperspy,2014-06-30,3189.0,rank-3,422
Python,https://github.com/hyperspy/hyperspy,2014-07-31,3193.0,rank-3,422
Python,https://github.com/hyperspy/hyperspy,2014-08-05,3199.0,rank-3,422
Python,https://github.com/hyperspy/hyperspy,2014-08-06,3202.0,rank-3,422
Python,https://github.com/hyperspy/hyperspy,2014-08-07,3209.0,rank-3,423
Python,https://github.com/hyperspy/hyperspy,2014-08-08,3211.0,rank-3,423
Python,https://github.com/hyperspy/hyperspy,2014-08-11,3212.0,rank-3,423
Python,https://github.com/hyperspy/hyperspy,2014-08-14,3213.0,rank-3,423
Python,https://github.com/hyperspy/hyperspy,2014-08-15,3215.0,rank-3,424
Python,https://github.com/hyperspy/hyperspy,2014-08-18,3226.0,rank-3,424
Python,https://github.com/hyperspy/hyperspy,2014-08-20,3235.0,rank-3,424
Python,https://github.com/hyperspy/hyperspy,2014-08-21,3259.0,rank-3,424
Python,https://github.com/hyperspy/hyperspy,2014-08-22,3278.0,rank-3,424
Python,https://github.com/hyperspy/hyperspy,2014-08-25,3280.0,rank-3,424
Python,https://github.com/hyperspy/hyperspy,2014-09-02,3290.0,rank-3,425
Python,https://github.com/hyperspy/hyperspy,2014-09-03,3292.0,rank-3,427
Python,https://github.com/hyperspy/hyperspy,2014-09-23,3293.0,rank-3,427
Python,https://github.com/hyperspy/hyperspy,2014-10-01,3295.0,rank-3,429
Python,https://github.com/hyperspy/hyperspy,2014-10-15,3298.0,rank-3,429
Python,https://github.com/hyperspy/hyperspy,2014-10-16,3308.0,rank-3,429
Python,https://github.com/hyperspy/hyperspy,2014-10-17,3311.0,rank-3,432
Python,https://github.com/hyperspy/hyperspy,2014-10-21,3315.0,rank-3,432
Python,https://github.com/hyperspy/hyperspy,2014-10-23,3317.0,rank-3,434
Python,https://github.com/hyperspy/hyperspy,2014-10-24,3325.0,rank-3,440
Python,https://github.com/hyperspy/hyperspy,2014-10-25,3330.0,rank-3,440
Python,https://github.com/hyperspy/hyperspy,2014-10-27,3338.0,rank-3,448
Python,https://github.com/hyperspy/hyperspy,2014-10-30,3343.0,rank-3,448
Python,https://github.com/hyperspy/hyperspy,2014-11-01,3348.0,rank-3,448
Python,https://github.com/hyperspy/hyperspy,2014-11-03,3352.0,rank-3,452
Python,https://github.com/hyperspy/hyperspy,2014-11-04,3359.0,rank-3,452
Python,https://github.com/hyperspy/hyperspy,2014-11-06,3360.0,rank-3,452
Python,https://github.com/hyperspy/hyperspy,2014-11-14,3367.0,rank-3,459
Python,https://github.com/hyperspy/hyperspy,2014-11-17,3378.0,rank-3,467
Python,https://github.com/hyperspy/hyperspy,2014-11-18,3390.0,rank-3,479
Python,https://github.com/hyperspy/hyperspy,2014-11-20,3391.0,rank-3,480
Python,https://github.com/hyperspy/hyperspy,2014-11-24,3393.0,rank-3,480
Python,https://github.com/hyperspy/hyperspy,2014-11-25,3394.0,rank-3,480
Python,https://github.com/hyperspy/hyperspy,2014-12-02,3396.0,rank-3,480
Python,https://github.com/hyperspy/hyperspy,2014-12-05,3399.0,rank-3,480
Python,https://github.com/hyperspy/hyperspy,2014-12-06,3401.0,rank-3,480
Python,https://github.com/hyperspy/hyperspy,2014-12-07,3403.0,rank-3,480
Python,https://github.com/hyperspy/hyperspy,2014-12-08,3404.0,rank-3,480
Python,https://github.com/hyperspy/hyperspy,2014-12-09,3405.0,rank-3,480
Python,https://github.com/hyperspy/hyperspy,2014-12-10,3410.0,rank-3,480
Python,https://github.com/hyperspy/hyperspy,2014-12-21,3411.0,rank-3,480
Python,https://github.com/hyperspy/hyperspy,2015-01-05,3413.0,rank-3,480
Python,https://github.com/hyperspy/hyperspy,2015-01-06,3415.0,rank-3,482
Python,https://github.com/hyperspy/hyperspy,2015-01-08,3416.0,rank-3,482
Python,https://github.com/hyperspy/hyperspy,2015-01-09,3417.0,rank-3,482
Python,https://github.com/hyperspy/hyperspy,2015-01-12,3421.0,rank-3,482
Python,https://github.com/hyperspy/hyperspy,2015-01-13,3424.0,rank-3,482
Python,https://github.com/hyperspy/hyperspy,2015-01-14,3428.0,rank-3,482
Python,https://github.com/hyperspy/hyperspy,2015-01-15,3446.0,rank-3,493
Python,https://github.com/hyperspy/hyperspy,2015-01-16,3465.0,rank-3,500
Python,https://github.com/hyperspy/hyperspy,2015-01-18,3466.0,rank-3,500
Python,https://github.com/hyperspy/hyperspy,2015-01-19,3469.0,rank-3,500
Python,https://github.com/hyperspy/hyperspy,2015-01-20,3470.0,rank-3,500
Python,https://github.com/hyperspy/hyperspy,2015-01-22,3477.0,rank-3,500
Python,https://github.com/hyperspy/hyperspy,2015-01-23,3482.0,rank-3,501
Python,https://github.com/hyperspy/hyperspy,2015-01-26,3488.0,rank-3,501
Python,https://github.com/hyperspy/hyperspy,2015-01-27,3500.0,rank-3,501
Python,https://github.com/hyperspy/hyperspy,2015-01-28,3505.0,rank-3,504
Python,https://github.com/hyperspy/hyperspy,2015-01-29,3516.0,rank-3,504
Python,https://github.com/hyperspy/hyperspy,2015-01-30,3534.0,rank-3,504
Python,https://github.com/hyperspy/hyperspy,2015-01-31,3535.0,rank-3,504
Python,https://github.com/hyperspy/hyperspy,2015-02-01,3539.0,rank-3,504
Python,https://github.com/hyperspy/hyperspy,2015-02-02,3553.0,rank-3,504
Python,https://github.com/hyperspy/hyperspy,2015-02-03,3556.0,rank-3,504
Python,https://github.com/hyperspy/hyperspy,2015-02-04,3569.0,rank-3,504
Python,https://github.com/hyperspy/hyperspy,2015-02-06,3578.0,rank-3,505
Python,https://github.com/hyperspy/hyperspy,2015-02-07,3586.0,rank-3,505
Python,https://github.com/hyperspy/hyperspy,2015-02-16,3591.0,rank-3,505
Python,https://github.com/hyperspy/hyperspy,2015-02-24,3594.0,rank-3,505
Python,https://github.com/hyperspy/hyperspy,2015-02-26,3600.0,rank-3,511
Python,https://github.com/hyperspy/hyperspy,2015-02-27,3618.0,rank-3,529
Python,https://github.com/hyperspy/hyperspy,2015-03-02,3631.0,rank-3,542
Python,https://github.com/hyperspy/hyperspy,2015-03-03,3637.0,rank-3,546
Python,https://github.com/hyperspy/hyperspy,2015-03-04,3642.0,rank-3,546
Python,https://github.com/hyperspy/hyperspy,2015-03-05,3644.0,rank-3,548
Python,https://github.com/hyperspy/hyperspy,2015-03-06,3655.0,rank-3,549
Python,https://github.com/hyperspy/hyperspy,2015-03-09,3660.0,rank-3,552
Python,https://github.com/hyperspy/hyperspy,2015-03-10,3667.0,rank-3,552
Python,https://github.com/hyperspy/hyperspy,2015-03-11,3676.0,rank-3,552
Python,https://github.com/hyperspy/hyperspy,2015-03-12,3693.0,rank-3,553
Python,https://github.com/hyperspy/hyperspy,2015-03-23,3696.0,rank-3,555
Python,https://github.com/hyperspy/hyperspy,2015-03-26,3703.0,rank-3,562
Python,https://github.com/hyperspy/hyperspy,2015-03-27,3704.0,rank-3,562
Python,https://github.com/hyperspy/hyperspy,2015-03-28,3706.0,rank-3,562
Python,https://github.com/hyperspy/hyperspy,2015-03-30,3729.0,rank-3,581
Python,https://github.com/hyperspy/hyperspy,2015-03-31,3765.0,rank-3,614
Python,https://github.com/hyperspy/hyperspy,2015-04-01,3799.0,rank-3,640
Python,https://github.com/hyperspy/hyperspy,2015-04-02,3824.0,rank-3,654
Python,https://github.com/hyperspy/hyperspy,2015-04-03,3826.0,rank-3,655
Python,https://github.com/hyperspy/hyperspy,2015-04-05,3830.0,rank-3,655
Python,https://github.com/hyperspy/hyperspy,2015-04-06,3868.0,rank-3,674
Python,https://github.com/hyperspy/hyperspy,2015-04-07,3889.0,rank-3,682
Python,https://github.com/hyperspy/hyperspy,2015-04-08,3892.0,rank-3,685
Python,https://github.com/hyperspy/hyperspy,2015-04-15,3897.0,rank-3,685
Python,https://github.com/hyperspy/hyperspy,2015-04-17,3900.0,rank-3,685
Python,https://github.com/hyperspy/hyperspy,2015-04-20,3902.0,rank-3,685
Python,https://github.com/hyperspy/hyperspy,2015-04-21,3903.0,rank-3,685
Python,https://github.com/hyperspy/hyperspy,2015-04-22,3910.0,rank-3,685
Python,https://github.com/hyperspy/hyperspy,2015-04-24,3912.0,rank-3,685
Python,https://github.com/hyperspy/hyperspy,2015-04-27,3919.0,rank-3,685
Python,https://github.com/hyperspy/hyperspy,2015-04-28,3923.0,rank-3,685
Python,https://github.com/hyperspy/hyperspy,2015-04-29,3924.0,rank-3,685
Python,https://github.com/hyperspy/hyperspy,2015-04-30,3926.0,rank-3,685
Python,https://github.com/hyperspy/hyperspy,2015-05-05,3928.0,rank-3,685
Python,https://github.com/hyperspy/hyperspy,2015-05-06,3930.0,rank-3,685
Python,https://github.com/hyperspy/hyperspy,2015-05-07,3937.0,rank-3,685
Python,https://github.com/hyperspy/hyperspy,2015-05-08,3941.0,rank-3,685
Python,https://github.com/hyperspy/hyperspy,2015-05-09,3943.0,rank-3,685
Python,https://github.com/hyperspy/hyperspy,2015-05-11,3947.0,rank-3,685
Python,https://github.com/hyperspy/hyperspy,2015-05-27,3950.0,rank-3,685
Python,https://github.com/hyperspy/hyperspy,2015-06-02,3975.0,rank-3,685
Python,https://github.com/hyperspy/hyperspy,2015-06-03,3976.0,rank-3,685
Python,https://github.com/hyperspy/hyperspy,2015-06-04,3992.0,rank-3,685
Python,https://github.com/hyperspy/hyperspy,2015-06-05,3999.0,rank-3,685
Python,https://github.com/hyperspy/hyperspy,2015-06-08,4002.0,rank-3,685
Python,https://github.com/hyperspy/hyperspy,2015-06-12,4007.0,rank-3,685
Python,https://github.com/hyperspy/hyperspy,2015-06-15,4008.0,rank-3,685
Python,https://github.com/hyperspy/hyperspy,2015-06-16,4015.0,rank-3,685
Python,https://github.com/hyperspy/hyperspy,2015-06-17,4021.0,rank-3,685
Python,https://github.com/hyperspy/hyperspy,2015-06-26,4023.0,rank-3,685
Python,https://github.com/hyperspy/hyperspy,2015-06-28,4024.0,rank-3,685
Python,https://github.com/hyperspy/hyperspy,2015-07-01,4025.0,rank-3,685
Python,https://github.com/hyperspy/hyperspy,2015-07-03,4028.0,rank-3,685
Python,https://github.com/hyperspy/hyperspy,2015-07-08,4030.0,rank-3,685
Python,https://github.com/hyperspy/hyperspy,2015-07-09,4032.0,rank-3,685
Python,https://github.com/hyperspy/hyperspy,2015-07-11,4045.0,rank-3,685
Python,https://github.com/hyperspy/hyperspy,2015-07-13,4053.0,rank-3,685
Python,https://github.com/hyperspy/hyperspy,2015-07-14,4064.0,rank-3,685
Python,https://github.com/hyperspy/hyperspy,2015-07-15,4067.0,rank-3,685
Python,https://github.com/hyperspy/hyperspy,2015-07-16,4079.0,rank-3,685
Python,https://github.com/hyperspy/hyperspy,2015-07-17,4081.0,rank-3,685
Python,https://github.com/hyperspy/hyperspy,2015-07-20,4087.0,rank-3,685
Python,https://github.com/hyperspy/hyperspy,2015-07-21,4143.0,rank-3,685
Python,https://github.com/hyperspy/hyperspy,2015-07-22,4153.0,rank-3,685
Python,https://github.com/hyperspy/hyperspy,2015-07-23,4179.0,rank-3,685
Python,https://github.com/hyperspy/hyperspy,2015-07-24,4226.0,rank-3,685
Python,https://github.com/hyperspy/hyperspy,2015-07-26,4229.0,rank-3,685
Python,https://github.com/hyperspy/hyperspy,2015-07-27,4236.0,rank-3,685
Python,https://github.com/hyperspy/hyperspy,2015-07-28,4241.0,rank-3,685
Python,https://github.com/hyperspy/hyperspy,2015-07-29,4250.0,rank-3,685
Python,https://github.com/hyperspy/hyperspy,2015-07-30,4289.0,rank-3,685
Python,https://github.com/hyperspy/hyperspy,2015-07-31,4299.0,rank-3,685
Python,https://github.com/hyperspy/hyperspy,2015-08-01,4300.0,rank-3,685
Python,https://github.com/hyperspy/hyperspy,2015-08-02,4304.0,rank-3,685
Python,https://github.com/hyperspy/hyperspy,2015-08-03,4307.0,rank-3,685
Python,https://github.com/hyperspy/hyperspy,2015-08-04,4317.0,rank-3,685
Python,https://github.com/hyperspy/hyperspy,2015-08-05,4338.0,rank-3,685
Python,https://github.com/hyperspy/hyperspy,2015-08-06,4399.0,rank-3,685
Python,https://github.com/hyperspy/hyperspy,2015-08-07,4450.0,rank-3,685
Python,https://github.com/hyperspy/hyperspy,2015-08-10,4485.0,rank-3,685
Python,https://github.com/hyperspy/hyperspy,2015-08-11,4517.0,rank-3,685
Python,https://github.com/hyperspy/hyperspy,2015-08-12,4541.0,rank-3,685
Python,https://github.com/hyperspy/hyperspy,2015-08-13,4548.0,rank-3,685
Python,https://github.com/hyperspy/hyperspy,2015-08-14,4553.0,rank-3,685
Python,https://github.com/hyperspy/hyperspy,2015-08-15,4554.0,rank-3,685
Python,https://github.com/hyperspy/hyperspy,2015-08-17,4556.0,rank-3,685
Python,https://github.com/hyperspy/hyperspy,2015-08-19,4558.0,rank-3,685
Python,https://github.com/hyperspy/hyperspy,2015-08-20,4559.0,rank-3,685
Python,https://github.com/hyperspy/hyperspy,2015-08-22,4560.0,rank-3,685
Python,https://github.com/hyperspy/hyperspy,2015-08-23,4564.0,rank-3,685
Python,https://github.com/hyperspy/hyperspy,2015-08-27,4569.0,rank-3,685
Python,https://github.com/hyperspy/hyperspy,2015-08-29,4573.0,rank-3,685
Python,https://github.com/hyperspy/hyperspy,2015-09-02,4574.0,rank-3,685
Python,https://github.com/hyperspy/hyperspy,2015-09-04,4577.0,rank-3,685
Python,https://github.com/hyperspy/hyperspy,2015-09-06,4579.0,rank-3,685
Python,https://github.com/hyperspy/hyperspy,2015-09-07,4587.0,rank-3,685
Python,https://github.com/hyperspy/hyperspy,2015-09-08,4590.0,rank-3,685
Python,https://github.com/hyperspy/hyperspy,2015-09-09,4592.0,rank-3,685
Python,https://github.com/hyperspy/hyperspy,2015-09-10,4595.0,rank-3,685
Python,https://github.com/hyperspy/hyperspy,2015-09-18,4598.0,rank-3,685
Python,https://github.com/hyperspy/hyperspy,2015-09-19,4599.0,rank-3,685
Python,https://github.com/hyperspy/hyperspy,2015-09-23,4605.0,rank-3,685
Python,https://github.com/hyperspy/hyperspy,2015-09-24,4607.0,rank-3,685
Python,https://github.com/hyperspy/hyperspy,2015-09-25,4613.0,rank-3,685
Python,https://github.com/hyperspy/hyperspy,2015-09-28,4614.0,rank-3,685
Python,https://github.com/hyperspy/hyperspy,2015-10-06,4620.0,rank-3,685
Python,https://github.com/hyperspy/hyperspy,2015-10-07,4622.0,rank-3,685
Python,https://github.com/hyperspy/hyperspy,2015-10-13,4623.0,rank-3,685
Python,https://github.com/hyperspy/hyperspy,2015-10-21,4624.0,rank-3,685
Python,https://github.com/hyperspy/hyperspy,2015-10-27,4627.0,rank-3,685
Python,https://github.com/hyperspy/hyperspy,2015-10-29,4630.0,rank-3,685
Python,https://github.com/hyperspy/hyperspy,2015-10-30,4631.0,rank-3,685
Python,https://github.com/hyperspy/hyperspy,2015-11-02,4636.0,rank-3,685
Python,https://github.com/hyperspy/hyperspy,2015-11-03,4661.0,rank-3,685
Python,https://github.com/hyperspy/hyperspy,2015-11-04,4676.0,rank-3,685
Python,https://github.com/hyperspy/hyperspy,2015-11-05,4684.0,rank-3,685
Python,https://github.com/hyperspy/hyperspy,2015-11-06,4700.0,rank-3,685
Python,https://github.com/hyperspy/hyperspy,2015-11-07,4701.0,rank-3,685
Python,https://github.com/hyperspy/hyperspy,2015-11-08,4702.0,rank-3,685
Python,https://github.com/hyperspy/hyperspy,2015-11-09,4716.0,rank-3,685
Python,https://github.com/hyperspy/hyperspy,2015-11-10,4720.0,rank-3,685
Python,https://github.com/hyperspy/hyperspy,2015-11-13,4722.0,rank-3,685
Python,https://github.com/hyperspy/hyperspy,2015-11-17,4726.0,rank-3,685
Python,https://github.com/hyperspy/hyperspy,2015-11-20,4728.0,rank-3,685
Python,https://github.com/hyperspy/hyperspy,2015-11-22,4732.0,rank-3,685
Python,https://github.com/hyperspy/hyperspy,2015-11-23,4733.0,rank-3,685
Python,https://github.com/hyperspy/hyperspy,2015-11-24,4734.0,rank-3,685
Python,https://github.com/hyperspy/hyperspy,2015-11-25,4736.0,rank-3,685
Python,https://github.com/hyperspy/hyperspy,2015-11-26,4738.0,rank-3,685
Python,https://github.com/hyperspy/hyperspy,2015-11-27,4741.0,rank-3,685
Python,https://github.com/hyperspy/hyperspy,2015-12-01,4747.0,rank-3,685
Python,https://github.com/hyperspy/hyperspy,2015-12-02,4775.0,rank-3,685
Python,https://github.com/hyperspy/hyperspy,2015-12-03,4789.0,rank-3,685
Python,https://github.com/hyperspy/hyperspy,2015-12-04,4797.0,rank-3,685
Python,https://github.com/hyperspy/hyperspy,2015-12-05,4802.0,rank-3,685
Python,https://github.com/hyperspy/hyperspy,2015-12-06,4824.0,rank-3,685
Python,https://github.com/hyperspy/hyperspy,2015-12-07,4845.0,rank-3,685
Python,https://github.com/hyperspy/hyperspy,2015-12-08,4860.0,rank-3,685
Python,https://github.com/hyperspy/hyperspy,2015-12-09,4875.0,rank-3,685
Python,https://github.com/hyperspy/hyperspy,2015-12-10,4890.0,rank-3,685
Python,https://github.com/hyperspy/hyperspy,2015-12-11,4896.0,rank-3,685
Python,https://github.com/hyperspy/hyperspy,2015-12-12,4904.0,rank-3,685
Python,https://github.com/hyperspy/hyperspy,2015-12-13,4908.0,rank-3,685
Python,https://github.com/hyperspy/hyperspy,2015-12-14,4918.0,rank-3,685
Python,https://github.com/hyperspy/hyperspy,2015-12-15,4939.0,rank-3,685
Python,https://github.com/hyperspy/hyperspy,2015-12-16,4947.0,rank-3,685
Python,https://github.com/hyperspy/hyperspy,2015-12-18,4962.0,rank-3,685
Python,https://github.com/hyperspy/hyperspy,2015-12-19,4970.0,rank-3,685
Python,https://github.com/hyperspy/hyperspy,2015-12-20,4974.0,rank-3,685
Python,https://github.com/hyperspy/hyperspy,2015-12-21,4975.0,rank-3,685
Python,https://github.com/hyperspy/hyperspy,2015-12-23,4978.0,rank-3,685
Python,https://github.com/hyperspy/hyperspy,2015-12-29,4982.0,rank-3,685
Python,https://github.com/hyperspy/hyperspy,2015-12-30,4984.0,rank-3,685
Python,https://github.com/hyperspy/hyperspy,2015-12-31,4987.0,rank-3,685
Python,https://github.com/hyperspy/hyperspy,2016-01-01,4993.0,rank-3,685
Python,https://github.com/hyperspy/hyperspy,2016-01-04,4995.0,rank-3,685
Python,https://github.com/hyperspy/hyperspy,2016-01-05,5000.0,rank-3,685
Python,https://github.com/hyperspy/hyperspy,2016-01-06,5011.0,rank-3,685
Python,https://github.com/hyperspy/hyperspy,2016-01-07,5025.0,rank-3,685
Python,https://github.com/hyperspy/hyperspy,2016-01-08,5033.0,rank-3,685
Python,https://github.com/hyperspy/hyperspy,2016-01-09,5035.0,rank-3,685
Python,https://github.com/hyperspy/hyperspy,2016-01-11,5048.0,rank-3,685
Python,https://github.com/hyperspy/hyperspy,2016-01-12,5073.0,rank-3,685
Python,https://github.com/hyperspy/hyperspy,2016-01-13,5100.0,rank-3,685
Python,https://github.com/hyperspy/hyperspy,2016-01-14,5120.0,rank-3,685
Python,https://github.com/hyperspy/hyperspy,2016-01-15,5141.0,rank-3,685
Python,https://github.com/hyperspy/hyperspy,2016-01-17,5145.0,rank-3,685
Python,https://github.com/hyperspy/hyperspy,2016-01-18,5166.0,rank-3,685
Python,https://github.com/hyperspy/hyperspy,2016-01-19,5184.0,rank-3,685
Python,https://github.com/hyperspy/hyperspy,2016-01-20,5204.0,rank-3,685
Python,https://github.com/hyperspy/hyperspy,2016-01-21,5216.0,rank-3,685
Python,https://github.com/hyperspy/hyperspy,2016-01-22,5259.0,rank-3,685
Python,https://github.com/hyperspy/hyperspy,2016-01-25,5266.0,rank-3,685
Python,https://github.com/hyperspy/hyperspy,2016-01-26,5287.0,rank-3,685
Python,https://github.com/hyperspy/hyperspy,2016-01-27,5327.0,rank-3,685
Python,https://github.com/hyperspy/hyperspy,2016-01-28,5361.0,rank-3,685
Python,https://github.com/hyperspy/hyperspy,2016-01-29,5375.0,rank-3,685
Python,https://github.com/hyperspy/hyperspy,2016-01-30,5393.0,rank-3,685
Python,https://github.com/hyperspy/hyperspy,2016-01-31,5405.0,rank-3,685
Python,https://github.com/hyperspy/hyperspy,2016-02-01,5431.0,rank-3,685
Python,https://github.com/hyperspy/hyperspy,2016-02-03,5449.0,rank-3,685
Python,https://github.com/hyperspy/hyperspy,2016-02-04,5461.0,rank-3,685
Python,https://github.com/hyperspy/hyperspy,2016-02-05,5467.0,rank-3,685
Python,https://github.com/hyperspy/hyperspy,2016-02-08,5472.0,rank-3,685
Python,https://github.com/hyperspy/hyperspy,2016-02-09,5485.0,rank-3,685
Python,https://github.com/hyperspy/hyperspy,2016-02-10,5494.0,rank-3,685
Python,https://github.com/hyperspy/hyperspy,2016-02-11,5511.0,rank-3,685
Python,https://github.com/hyperspy/hyperspy,2016-02-12,5527.0,rank-3,685
Python,https://github.com/hyperspy/hyperspy,2016-02-13,5530.0,rank-3,685
Python,https://github.com/hyperspy/hyperspy,2016-02-14,5532.0,rank-3,685
Python,https://github.com/hyperspy/hyperspy,2016-02-15,5559.0,rank-3,685
Python,https://github.com/hyperspy/hyperspy,2016-02-16,5566.0,rank-3,685
Python,https://github.com/hyperspy/hyperspy,2016-02-17,5567.0,rank-3,685
Python,https://github.com/hyperspy/hyperspy,2016-02-18,5574.0,rank-3,685
Python,https://github.com/hyperspy/hyperspy,2016-02-19,5579.0,rank-3,685
Python,https://github.com/hyperspy/hyperspy,2016-02-20,5586.0,rank-3,685
Python,https://github.com/hyperspy/hyperspy,2016-02-21,5590.0,rank-3,685
Python,https://github.com/hyperspy/hyperspy,2016-02-22,5594.0,rank-3,685
Python,https://github.com/hyperspy/hyperspy,2016-02-23,5597.0,rank-3,685
Python,https://github.com/hyperspy/hyperspy,2016-02-24,5613.0,rank-3,685
Python,https://github.com/hyperspy/hyperspy,2016-02-25,5619.0,rank-3,685
Python,https://github.com/hyperspy/hyperspy,2016-02-26,5629.0,rank-3,685
Python,https://github.com/hyperspy/hyperspy,2016-02-28,5631.0,rank-3,685
Python,https://github.com/hyperspy/hyperspy,2016-02-29,5641.0,rank-3,685
Python,https://github.com/hyperspy/hyperspy,2016-03-01,5646.0,rank-3,685
Python,https://github.com/hyperspy/hyperspy,2016-03-02,5673.0,rank-3,685
Python,https://github.com/hyperspy/hyperspy,2016-03-03,5684.0,rank-3,685
Python,https://github.com/hyperspy/hyperspy,2016-03-04,5701.0,rank-3,685
Python,https://github.com/hyperspy/hyperspy,2016-03-06,5702.0,rank-3,685
Python,https://github.com/hyperspy/hyperspy,2016-03-07,5705.0,rank-3,685
Python,https://github.com/hyperspy/hyperspy,2016-03-08,5707.0,rank-3,685
Python,https://github.com/hyperspy/hyperspy,2016-03-09,5708.0,rank-3,685
Python,https://github.com/hyperspy/hyperspy,2016-03-10,5742.0,rank-3,685
Python,https://github.com/hyperspy/hyperspy,2016-03-11,5743.0,rank-3,685
Python,https://github.com/hyperspy/hyperspy,2016-03-14,5744.0,rank-3,685
Python,https://github.com/hyperspy/hyperspy,2016-03-15,5747.0,rank-3,685
Python,https://github.com/hyperspy/hyperspy,2016-03-17,5748.0,rank-3,685
Python,https://github.com/hyperspy/hyperspy,2016-03-20,5758.0,rank-3,685
Python,https://github.com/hyperspy/hyperspy,2016-03-22,5763.0,rank-3,685
Python,https://github.com/hyperspy/hyperspy,2016-03-23,5766.0,rank-3,685
Python,https://github.com/hyperspy/hyperspy,2016-03-24,5769.0,rank-3,685
Python,https://github.com/hyperspy/hyperspy,2016-03-29,5771.0,rank-3,685
Python,https://github.com/hyperspy/hyperspy,2016-03-30,5774.0,rank-3,685
Python,https://github.com/hyperspy/hyperspy,2016-03-31,5785.0,rank-3,685
Python,https://github.com/hyperspy/hyperspy,2016-04-01,5794.0,rank-3,685
Python,https://github.com/hyperspy/hyperspy,2016-04-02,5804.0,rank-3,685
Python,https://github.com/hyperspy/hyperspy,2016-04-03,5821.0,rank-3,685
Python,https://github.com/hyperspy/hyperspy,2016-04-04,5838.0,rank-3,685
Python,https://github.com/hyperspy/hyperspy,2016-04-05,5848.0,rank-3,685
Python,https://github.com/hyperspy/hyperspy,2016-04-06,5853.0,rank-3,685
Python,https://github.com/hyperspy/hyperspy,2016-04-07,5871.0,rank-3,685
Python,https://github.com/hyperspy/hyperspy,2016-04-08,5873.0,rank-3,685
Python,https://github.com/hyperspy/hyperspy,2016-04-09,5875.0,rank-3,685
Python,https://github.com/hyperspy/hyperspy,2016-04-10,5880.0,rank-3,685
Python,https://github.com/hyperspy/hyperspy,2016-04-11,5894.0,rank-3,685
Python,https://github.com/hyperspy/hyperspy,2016-04-12,5895.0,rank-3,685
Python,https://github.com/hyperspy/hyperspy,2016-04-13,5896.0,rank-3,685
Python,https://github.com/hyperspy/hyperspy,2016-04-14,5899.0,rank-3,685
Python,https://github.com/hyperspy/hyperspy,2016-04-15,5923.0,rank-3,685
Python,https://github.com/hyperspy/hyperspy,2016-04-16,5939.0,rank-3,685
Python,https://github.com/hyperspy/hyperspy,2016-04-17,5952.0,rank-3,685
Python,https://github.com/hyperspy/hyperspy,2016-04-18,5956.0,rank-3,685
Python,https://github.com/hyperspy/hyperspy,2016-04-22,5969.0,rank-3,685
Python,https://github.com/hyperspy/hyperspy,2016-04-23,5975.0,rank-3,685
Python,https://github.com/hyperspy/hyperspy,2016-04-24,5981.0,rank-3,685
Python,https://github.com/hyperspy/hyperspy,2016-04-25,5986.0,rank-3,685
Python,https://github.com/hyperspy/hyperspy,2016-04-26,5992.0,rank-3,685
Python,https://github.com/hyperspy/hyperspy,2016-04-27,6010.0,rank-3,685
Python,https://github.com/hyperspy/hyperspy,2016-04-28,6035.0,rank-3,685
Python,https://github.com/hyperspy/hyperspy,2016-04-29,6065.0,rank-3,685
Python,https://github.com/hyperspy/hyperspy,2016-04-30,6067.0,rank-3,685
Python,https://github.com/hyperspy/hyperspy,2016-05-01,6077.0,rank-3,685
Python,https://github.com/hyperspy/hyperspy,2016-05-02,6089.0,rank-3,685
Python,https://github.com/hyperspy/hyperspy,2016-05-03,6108.0,rank-3,685
Python,https://github.com/hyperspy/hyperspy,2016-05-04,6120.0,rank-3,685
Python,https://github.com/hyperspy/hyperspy,2016-05-05,6129.0,rank-3,685
Python,https://github.com/hyperspy/hyperspy,2016-05-06,6133.0,rank-3,685
Python,https://github.com/hyperspy/hyperspy,2016-05-07,6134.0,rank-3,685
Python,https://github.com/hyperspy/hyperspy,2016-05-09,6136.0,rank-3,685
Python,https://github.com/hyperspy/hyperspy,2016-05-10,6145.0,rank-3,685
Python,https://github.com/hyperspy/hyperspy,2016-05-11,6149.0,rank-3,685
Python,https://github.com/hyperspy/hyperspy,2016-05-12,6152.0,rank-3,685
Python,https://github.com/hyperspy/hyperspy,2016-05-18,6157.0,rank-3,685
Python,https://github.com/hyperspy/hyperspy,2016-05-19,6159.0,rank-3,685
Python,https://github.com/hyperspy/hyperspy,2016-05-23,6168.0,rank-3,685
Python,https://github.com/hyperspy/hyperspy,2016-05-24,6178.0,rank-3,685
Python,https://github.com/hyperspy/hyperspy,2016-05-25,6217.0,rank-3,685
Python,https://github.com/hyperspy/hyperspy,2016-05-26,6249.0,rank-3,685
Python,https://github.com/hyperspy/hyperspy,2016-05-27,6284.0,rank-3,685
Python,https://github.com/hyperspy/hyperspy,2016-05-28,6288.0,rank-3,685
Python,https://github.com/hyperspy/hyperspy,2016-05-29,6293.0,rank-3,685
Python,https://github.com/hyperspy/hyperspy,2016-05-30,6300.0,rank-3,685
Python,https://github.com/hyperspy/hyperspy,2016-05-31,6312.0,rank-3,685
Python,https://github.com/hyperspy/hyperspy,2016-06-01,6320.0,rank-3,685
Python,https://github.com/hyperspy/hyperspy,2016-06-02,6328.0,rank-3,685
Python,https://github.com/hyperspy/hyperspy,2016-06-03,6340.0,rank-3,685
Python,https://github.com/hyperspy/hyperspy,2016-06-04,6342.0,rank-3,685
Python,https://github.com/hyperspy/hyperspy,2016-06-09,6345.0,rank-3,685
Python,https://github.com/hyperspy/hyperspy,2016-06-10,6346.0,rank-3,685
Python,https://github.com/hyperspy/hyperspy,2016-06-12,6351.0,rank-3,685
Python,https://github.com/hyperspy/hyperspy,2016-06-13,6359.0,rank-3,685
Python,https://github.com/hyperspy/hyperspy,2016-06-14,6373.0,rank-3,685
Python,https://github.com/hyperspy/hyperspy,2016-06-15,6384.0,rank-3,685
Python,https://github.com/hyperspy/hyperspy,2016-06-16,6403.0,rank-3,685
Python,https://github.com/hyperspy/hyperspy,2016-06-17,6422.0,rank-3,685
Python,https://github.com/hyperspy/hyperspy,2016-06-18,6438.0,rank-3,685
Python,https://github.com/hyperspy/hyperspy,2016-06-19,6449.0,rank-3,685
Python,https://github.com/hyperspy/hyperspy,2016-06-20,6461.0,rank-3,685
Python,https://github.com/hyperspy/hyperspy,2016-06-21,6470.0,rank-3,685
Python,https://github.com/hyperspy/hyperspy,2016-06-22,6487.0,rank-3,685
Python,https://github.com/hyperspy/hyperspy,2016-06-23,6500.0,rank-3,685
Python,https://github.com/hyperspy/hyperspy,2016-06-24,6505.0,rank-3,685
Python,https://github.com/hyperspy/hyperspy,2016-06-25,6507.0,rank-3,685
Python,https://github.com/hyperspy/hyperspy,2016-06-26,6516.0,rank-3,685
Python,https://github.com/hyperspy/hyperspy,2016-06-27,6524.0,rank-3,685
Python,https://github.com/hyperspy/hyperspy,2016-06-29,6531.0,rank-3,685
Python,https://github.com/hyperspy/hyperspy,2016-07-01,6532.0,rank-3,685
Python,https://github.com/hyperspy/hyperspy,2016-07-02,6533.0,rank-3,685
Python,https://github.com/hyperspy/hyperspy,2016-07-03,6547.0,rank-3,685
Python,https://github.com/hyperspy/hyperspy,2016-07-04,6549.0,rank-3,685
Python,https://github.com/hyperspy/hyperspy,2016-07-05,6560.0,rank-3,685
Python,https://github.com/hyperspy/hyperspy,2016-07-06,6564.0,rank-3,685
Python,https://github.com/hyperspy/hyperspy,2016-07-07,6576.0,rank-3,685
Python,https://github.com/hyperspy/hyperspy,2016-07-08,6583.0,rank-3,685
Python,https://github.com/hyperspy/hyperspy,2016-07-09,6611.0,rank-3,685
Python,https://github.com/hyperspy/hyperspy,2016-07-10,6645.0,rank-3,685
Python,https://github.com/hyperspy/hyperspy,2016-07-11,6670.0,rank-3,685
Python,https://github.com/hyperspy/hyperspy,2016-07-12,6728.0,rank-3,685
Python,https://github.com/hyperspy/hyperspy,2016-07-13,6793.0,rank-3,685
Python,https://github.com/hyperspy/hyperspy,2016-07-14,6829.0,rank-3,685
Python,https://github.com/hyperspy/hyperspy,2016-07-15,6843.0,rank-3,685
Python,https://github.com/hyperspy/hyperspy,2016-07-16,6845.0,rank-3,685
Python,https://github.com/hyperspy/hyperspy,2016-07-17,6852.0,rank-3,685
Python,https://github.com/hyperspy/hyperspy,2016-07-18,6882.0,rank-3,685
Python,https://github.com/hyperspy/hyperspy,2016-07-19,6888.0,rank-3,685
Python,https://github.com/hyperspy/hyperspy,2016-07-20,6902.0,rank-3,685
Python,https://github.com/hyperspy/hyperspy,2016-07-21,6906.0,rank-3,685
Python,https://github.com/hyperspy/hyperspy,2016-07-24,6914.0,rank-3,685
Python,https://github.com/hyperspy/hyperspy,2016-07-25,6920.0,rank-3,685
Python,https://github.com/hyperspy/hyperspy,2016-07-26,6946.0,rank-3,685
Python,https://github.com/hyperspy/hyperspy,2016-07-27,6982.0,rank-3,685
Python,https://github.com/hyperspy/hyperspy,2016-07-28,6992.0,rank-3,685
Python,https://github.com/hyperspy/hyperspy,2016-07-29,7010.0,rank-3,685
Python,https://github.com/hyperspy/hyperspy,2016-07-30,7022.0,rank-3,685
Python,https://github.com/hyperspy/hyperspy,2016-07-31,7028.0,rank-3,685
Python,https://github.com/hyperspy/hyperspy,2016-08-01,7040.0,rank-3,685
Python,https://github.com/hyperspy/hyperspy,2016-08-02,7070.0,rank-3,685
Python,https://github.com/hyperspy/hyperspy,2016-08-03,7082.0,rank-3,685
Python,https://github.com/hyperspy/hyperspy,2016-08-05,7089.0,rank-3,685
Python,https://github.com/hyperspy/hyperspy,2016-08-06,7095.0,rank-3,685
Python,https://github.com/hyperspy/hyperspy,2016-08-07,7097.0,rank-3,685
Python,https://github.com/hyperspy/hyperspy,2016-08-08,7101.0,rank-3,685
Python,https://github.com/hyperspy/hyperspy,2016-08-09,7106.0,rank-3,685
Python,https://github.com/hyperspy/hyperspy,2016-08-10,7107.0,rank-3,685
Python,https://github.com/hyperspy/hyperspy,2016-08-11,7110.0,rank-3,685
Python,https://github.com/hyperspy/hyperspy,2016-08-12,7122.0,rank-3,685
Python,https://github.com/hyperspy/hyperspy,2016-08-14,7126.0,rank-3,685
Python,https://github.com/hyperspy/hyperspy,2016-08-15,7141.0,rank-3,685
Python,https://github.com/hyperspy/hyperspy,2016-08-19,7145.0,rank-3,685
Python,https://github.com/hyperspy/hyperspy,2016-08-21,7146.0,rank-3,685
Python,https://github.com/hyperspy/hyperspy,2016-08-22,7150.0,rank-3,685
Python,https://github.com/hyperspy/hyperspy,2016-08-23,7167.0,rank-3,685
Python,https://github.com/hyperspy/hyperspy,2016-08-24,7174.0,rank-3,685
Python,https://github.com/hyperspy/hyperspy,2016-08-25,7181.0,rank-3,685
Python,https://github.com/hyperspy/hyperspy,2016-08-26,7183.0,rank-3,685
Python,https://github.com/hyperspy/hyperspy,2016-09-02,7185.0,rank-3,685
Python,https://github.com/hyperspy/hyperspy,2016-09-05,7189.0,rank-3,685
Python,https://github.com/hyperspy/hyperspy,2016-09-06,7192.0,rank-3,685
Python,https://github.com/hyperspy/hyperspy,2016-09-07,7198.0,rank-3,685
Python,https://github.com/hyperspy/hyperspy,2016-09-08,7201.0,rank-3,685
Python,https://github.com/hyperspy/hyperspy,2016-09-09,7204.0,rank-3,685
Python,https://github.com/hyperspy/hyperspy,2016-09-12,7206.0,rank-3,685
Python,https://github.com/hyperspy/hyperspy,2016-09-14,7207.0,rank-3,685
Python,https://github.com/hyperspy/hyperspy,2016-09-15,7209.0,rank-3,685
Python,https://github.com/hyperspy/hyperspy,2016-09-16,7213.0,rank-3,685
Python,https://github.com/hyperspy/hyperspy,2016-09-19,7215.0,rank-3,685
Python,https://github.com/hyperspy/hyperspy,2016-09-21,7216.0,rank-3,685
Python,https://github.com/hyperspy/hyperspy,2016-09-22,7217.0,rank-3,685
Python,https://github.com/hyperspy/hyperspy,2016-09-23,7219.0,rank-3,685
Python,https://github.com/hyperspy/hyperspy,2016-09-28,7221.0,rank-3,685
Python,https://github.com/hyperspy/hyperspy,2016-09-30,7222.0,rank-3,685
Python,https://github.com/hyperspy/hyperspy,2016-10-03,7224.0,rank-3,685
Python,https://github.com/hyperspy/hyperspy,2016-10-04,7225.0,rank-3,685
Python,https://github.com/hyperspy/hyperspy,2016-10-07,7226.0,rank-3,685
Python,https://github.com/hyperspy/hyperspy,2016-10-08,7227.0,rank-3,685
Python,https://github.com/hyperspy/hyperspy,2016-10-10,7228.0,rank-3,685
Python,https://github.com/hyperspy/hyperspy,2016-10-12,7244.0,rank-3,685
Python,https://github.com/hyperspy/hyperspy,2016-10-13,7263.0,rank-3,685
Python,https://github.com/hyperspy/hyperspy,2016-10-14,7274.0,rank-3,685
Python,https://github.com/hyperspy/hyperspy,2016-10-16,7277.0,rank-3,685
Python,https://github.com/hyperspy/hyperspy,2016-10-17,7282.0,rank-3,685
Python,https://github.com/hyperspy/hyperspy,2016-10-20,7283.0,rank-3,685
Python,https://github.com/hyperspy/hyperspy,2016-10-25,7285.0,rank-3,685
Python,https://github.com/hyperspy/hyperspy,2016-10-27,7286.0,rank-3,685
Python,https://github.com/hyperspy/hyperspy,2016-10-28,7294.0,rank-3,685
Python,https://github.com/hyperspy/hyperspy,2016-10-30,7295.0,rank-3,685
Python,https://github.com/hyperspy/hyperspy,2016-11-01,7297.0,rank-3,685
Python,https://github.com/hyperspy/hyperspy,2016-11-02,7299.0,rank-3,685
Python,https://github.com/hyperspy/hyperspy,2016-11-03,7303.0,rank-3,685
Python,https://github.com/hyperspy/hyperspy,2016-11-07,7305.0,rank-3,685
Python,https://github.com/hyperspy/hyperspy,2016-11-08,7310.0,rank-3,685
Python,https://github.com/hyperspy/hyperspy,2016-11-09,7311.0,rank-3,685
Python,https://github.com/hyperspy/hyperspy,2016-11-10,7312.0,rank-3,685
Python,https://github.com/hyperspy/hyperspy,2016-11-11,7318.0,rank-3,685
Python,https://github.com/hyperspy/hyperspy,2016-11-14,7319.0,rank-3,685
Python,https://github.com/hyperspy/hyperspy,2016-11-17,7323.0,rank-3,685
Python,https://github.com/hyperspy/hyperspy,2016-11-18,7328.0,rank-3,685
Python,https://github.com/hyperspy/hyperspy,2016-11-19,7330.0,rank-3,685
Python,https://github.com/hyperspy/hyperspy,2016-11-21,7336.0,rank-3,685
Python,https://github.com/hyperspy/hyperspy,2016-11-22,7346.0,rank-3,685
Python,https://github.com/hyperspy/hyperspy,2016-11-23,7347.0,rank-3,685
Python,https://github.com/hyperspy/hyperspy,2016-11-26,7350.0,rank-3,685
Python,https://github.com/hyperspy/hyperspy,2016-11-28,7360.0,rank-3,685
Python,https://github.com/hyperspy/hyperspy,2016-11-29,7372.0,rank-3,685
Python,https://github.com/hyperspy/hyperspy,2016-11-30,7391.0,rank-3,685
Python,https://github.com/hyperspy/hyperspy,2016-12-02,7409.0,rank-3,685
Python,https://github.com/hyperspy/hyperspy,2016-12-05,7425.0,rank-3,685
Python,https://github.com/hyperspy/hyperspy,2016-12-06,7426.0,rank-3,685
Python,https://github.com/hyperspy/hyperspy,2016-12-07,7427.0,rank-3,685
Python,https://github.com/hyperspy/hyperspy,2016-12-08,7430.0,rank-3,685
Python,https://github.com/hyperspy/hyperspy,2016-12-09,7431.0,rank-3,685
Python,https://github.com/hyperspy/hyperspy,2016-12-12,7432.0,rank-3,685
Python,https://github.com/hyperspy/hyperspy,2016-12-13,7442.0,rank-3,685
Python,https://github.com/hyperspy/hyperspy,2016-12-14,7453.0,rank-3,685
Python,https://github.com/hyperspy/hyperspy,2016-12-15,7455.0,rank-3,685
Python,https://github.com/hyperspy/hyperspy,2016-12-16,7458.0,rank-3,685
Python,https://github.com/hyperspy/hyperspy,2016-12-19,7460.0,rank-3,685
Python,https://github.com/hyperspy/hyperspy,2016-12-20,7465.0,rank-3,685
Python,https://github.com/hyperspy/hyperspy,2016-12-21,7472.0,rank-3,685
Python,https://github.com/hyperspy/hyperspy,2016-12-22,7492.0,rank-3,685
Python,https://github.com/hyperspy/hyperspy,2016-12-23,7504.0,rank-3,685
Python,https://github.com/hyperspy/hyperspy,2016-12-24,7506.0,rank-3,685
Python,https://github.com/hyperspy/hyperspy,2016-12-25,7507.0,rank-3,685
Python,https://github.com/hyperspy/hyperspy,2016-12-26,7512.0,rank-3,685
Python,https://github.com/hyperspy/hyperspy,2016-12-27,7517.0,rank-3,685
Python,https://github.com/hyperspy/hyperspy,2016-12-28,7523.0,rank-3,685
Python,https://github.com/hyperspy/hyperspy,2017-01-02,7524.0,rank-3,685
Python,https://github.com/hyperspy/hyperspy,2017-01-03,7528.0,rank-3,685
Python,https://github.com/hyperspy/hyperspy,2017-01-04,7529.0,rank-3,685
Python,https://github.com/hyperspy/hyperspy,2017-01-05,7539.0,rank-3,685
Python,https://github.com/hyperspy/hyperspy,2017-01-06,7540.0,rank-3,685
Python,https://github.com/hyperspy/hyperspy,2017-01-07,7546.0,rank-3,685
Python,https://github.com/hyperspy/hyperspy,2017-01-08,7549.0,rank-3,685
Python,https://github.com/hyperspy/hyperspy,2017-01-09,7564.0,rank-3,685
Python,https://github.com/hyperspy/hyperspy,2017-01-10,7582.0,rank-3,685
Python,https://github.com/hyperspy/hyperspy,2017-01-11,7602.0,rank-3,685
Python,https://github.com/hyperspy/hyperspy,2017-01-12,7616.0,rank-3,685
Python,https://github.com/hyperspy/hyperspy,2017-01-13,7634.0,rank-3,685
Python,https://github.com/hyperspy/hyperspy,2017-01-14,7640.0,rank-3,685
Python,https://github.com/hyperspy/hyperspy,2017-01-16,7646.0,rank-3,685
Python,https://github.com/hyperspy/hyperspy,2017-01-17,7649.0,rank-3,685
Python,https://github.com/hyperspy/hyperspy,2017-01-18,7652.0,rank-3,685
Python,https://github.com/hyperspy/hyperspy,2017-01-19,7658.0,rank-3,685
Python,https://github.com/hyperspy/hyperspy,2017-01-20,7661.0,rank-3,685
Python,https://github.com/hyperspy/hyperspy,2017-01-21,7669.0,rank-3,685
Python,https://github.com/hyperspy/hyperspy,2017-01-22,7670.0,rank-3,685
Python,https://github.com/hyperspy/hyperspy,2017-01-23,7671.0,rank-3,685
Python,https://github.com/hyperspy/hyperspy,2017-01-26,7672.0,rank-3,685
Python,https://github.com/hyperspy/hyperspy,2017-01-27,7677.0,rank-3,685
Python,https://github.com/hyperspy/hyperspy,2017-01-28,7697.0,rank-3,685
Python,https://github.com/hyperspy/hyperspy,2017-01-29,7701.0,rank-3,685
Python,https://github.com/hyperspy/hyperspy,2017-01-30,7703.0,rank-3,685
Python,https://github.com/hyperspy/hyperspy,2017-01-31,7712.0,rank-3,685
Python,https://github.com/hyperspy/hyperspy,2017-02-01,7734.0,rank-3,685
Python,https://github.com/hyperspy/hyperspy,2017-02-02,7745.0,rank-3,685
Python,https://github.com/hyperspy/hyperspy,2017-02-03,7757.0,rank-3,685
Python,https://github.com/hyperspy/hyperspy,2017-02-04,7761.0,rank-3,685
Python,https://github.com/hyperspy/hyperspy,2017-02-05,7783.0,rank-3,685
Python,https://github.com/hyperspy/hyperspy,2017-02-06,7805.0,rank-3,685
Python,https://github.com/hyperspy/hyperspy,2017-02-07,7821.0,rank-3,685
Python,https://github.com/hyperspy/hyperspy,2017-02-08,7847.0,rank-3,685
Python,https://github.com/hyperspy/hyperspy,2017-02-09,7871.0,rank-3,685
Python,https://github.com/hyperspy/hyperspy,2017-02-10,7887.0,rank-3,685
Python,https://github.com/hyperspy/hyperspy,2017-02-11,7892.0,rank-3,685
Python,https://github.com/hyperspy/hyperspy,2017-02-12,7897.0,rank-3,685
Python,https://github.com/hyperspy/hyperspy,2017-02-13,7911.0,rank-3,685
Python,https://github.com/hyperspy/hyperspy,2017-02-14,7917.0,rank-3,685
Python,https://github.com/hyperspy/hyperspy,2017-02-15,7920.0,rank-3,685
Python,https://github.com/hyperspy/hyperspy,2017-02-16,7934.0,rank-3,685
Python,https://github.com/hyperspy/hyperspy,2017-02-17,7948.0,rank-3,685
Python,https://github.com/hyperspy/hyperspy,2017-02-18,7970.0,rank-3,685
Python,https://github.com/hyperspy/hyperspy,2017-02-19,8003.0,rank-3,685
Python,https://github.com/hyperspy/hyperspy,2017-02-20,8027.0,rank-3,685
Python,https://github.com/hyperspy/hyperspy,2017-02-21,8043.0,rank-3,685
Python,https://github.com/hyperspy/hyperspy,2017-02-22,8063.0,rank-3,685
Python,https://github.com/hyperspy/hyperspy,2017-02-23,8076.0,rank-3,685
Python,https://github.com/hyperspy/hyperspy,2017-02-24,8098.0,rank-3,685
Python,https://github.com/hyperspy/hyperspy,2017-02-25,8109.0,rank-3,685
Python,https://github.com/hyperspy/hyperspy,2017-02-26,8112.0,rank-3,685
Python,https://github.com/hyperspy/hyperspy,2017-02-27,8119.0,rank-3,685
Python,https://github.com/hyperspy/hyperspy,2017-02-28,8152.0,rank-3,685
Python,https://github.com/hyperspy/hyperspy,2017-03-01,8175.0,rank-3,685
Python,https://github.com/hyperspy/hyperspy,2017-03-02,8186.0,rank-3,685
Python,https://github.com/hyperspy/hyperspy,2017-03-03,8191.0,rank-3,685
Python,https://github.com/hyperspy/hyperspy,2017-03-04,8203.0,rank-3,685
Python,https://github.com/hyperspy/hyperspy,2017-03-05,8208.0,rank-3,685
Python,https://github.com/hyperspy/hyperspy,2017-03-06,8215.0,rank-3,685
Python,https://github.com/hyperspy/hyperspy,2017-03-07,8216.0,rank-3,685
Python,https://github.com/hyperspy/hyperspy,2017-03-09,8225.0,rank-3,685
Python,https://github.com/hyperspy/hyperspy,2017-03-10,8228.0,rank-3,685
Python,https://github.com/hyperspy/hyperspy,2017-03-11,8229.0,rank-3,685
Python,https://github.com/hyperspy/hyperspy,2017-03-13,8231.0,rank-3,685
Python,https://github.com/hyperspy/hyperspy,2017-03-14,8234.0,rank-3,685
Python,https://github.com/hyperspy/hyperspy,2017-03-15,8245.0,rank-3,685
Python,https://github.com/hyperspy/hyperspy,2017-03-16,8249.0,rank-3,685
Python,https://github.com/hyperspy/hyperspy,2017-03-17,8260.0,rank-3,685
Python,https://github.com/hyperspy/hyperspy,2017-03-18,8262.0,rank-3,685
Python,https://github.com/hyperspy/hyperspy,2017-03-19,8266.0,rank-3,685
Python,https://github.com/hyperspy/hyperspy,2017-03-20,8272.0,rank-3,685
Python,https://github.com/hyperspy/hyperspy,2017-03-21,8275.0,rank-3,685
Python,https://github.com/hyperspy/hyperspy,2017-03-22,8297.0,rank-3,685
Python,https://github.com/hyperspy/hyperspy,2017-03-23,8316.0,rank-3,685
Python,https://github.com/hyperspy/hyperspy,2017-03-24,8320.0,rank-3,685
Python,https://github.com/hyperspy/hyperspy,2017-03-25,8321.0,rank-3,685
Python,https://github.com/hyperspy/hyperspy,2017-03-27,8342.0,rank-3,685
Python,https://github.com/hyperspy/hyperspy,2017-03-28,8350.0,rank-3,685
Python,https://github.com/hyperspy/hyperspy,2017-03-31,8367.0,rank-3,685
Python,https://github.com/hyperspy/hyperspy,2017-04-02,8387.0,rank-3,685
Python,https://github.com/hyperspy/hyperspy,2017-04-03,8400.0,rank-3,685
Python,https://github.com/hyperspy/hyperspy,2017-04-04,8410.0,rank-3,685
Python,https://github.com/hyperspy/hyperspy,2017-04-05,8419.0,rank-3,685
Python,https://github.com/hyperspy/hyperspy,2017-04-06,8432.0,rank-3,685
Python,https://github.com/hyperspy/hyperspy,2017-04-07,8448.0,rank-3,685
Python,https://github.com/hyperspy/hyperspy,2017-04-08,8480.0,rank-3,685
Python,https://github.com/hyperspy/hyperspy,2017-04-09,8519.0,rank-3,685
Python,https://github.com/hyperspy/hyperspy,2017-04-10,8533.0,rank-3,685
Python,https://github.com/hyperspy/hyperspy,2017-04-11,8560.0,rank-3,685
Python,https://github.com/hyperspy/hyperspy,2017-04-12,8577.0,rank-3,685
Python,https://github.com/hyperspy/hyperspy,2017-04-13,8583.0,rank-3,685
Python,https://github.com/hyperspy/hyperspy,2017-04-14,8597.0,rank-3,685
Python,https://github.com/hyperspy/hyperspy,2017-04-15,8601.0,rank-3,685
Python,https://github.com/hyperspy/hyperspy,2017-04-16,8602.0,rank-3,685
Python,https://github.com/hyperspy/hyperspy,2017-04-18,8603.0,rank-3,685
Python,https://github.com/hyperspy/hyperspy,2017-04-20,8604.0,rank-3,685
Python,https://github.com/hyperspy/hyperspy,2017-04-21,8605.0,rank-3,685
Python,https://github.com/hyperspy/hyperspy,2017-04-24,8610.0,rank-3,685
Python,https://github.com/hyperspy/hyperspy,2017-04-25,8614.0,rank-3,685
Python,https://github.com/hyperspy/hyperspy,2017-04-26,8615.0,rank-3,685
Python,https://github.com/hyperspy/hyperspy,2017-04-27,8616.0,rank-3,685
Python,https://github.com/hyperspy/hyperspy,2017-04-28,8626.0,rank-3,685
Python,https://github.com/hyperspy/hyperspy,2017-04-29,8628.0,rank-3,685
Python,https://github.com/hyperspy/hyperspy,2017-04-30,8632.0,rank-3,685
Python,https://github.com/hyperspy/hyperspy,2017-05-01,8634.0,rank-3,685
Python,https://github.com/hyperspy/hyperspy,2017-05-02,8637.0,rank-3,685
Python,https://github.com/hyperspy/hyperspy,2017-05-03,8640.0,rank-3,685
Python,https://github.com/hyperspy/hyperspy,2017-05-04,8644.0,rank-3,685
Python,https://github.com/hyperspy/hyperspy,2017-05-07,8645.0,rank-3,685
Python,https://github.com/hyperspy/hyperspy,2017-05-08,8648.0,rank-3,685
Python,https://github.com/hyperspy/hyperspy,2017-05-09,8653.0,rank-3,685
Python,https://github.com/hyperspy/hyperspy,2017-05-10,8659.0,rank-3,685
Python,https://github.com/hyperspy/hyperspy,2017-05-11,8673.0,rank-3,685
Python,https://github.com/hyperspy/hyperspy,2017-05-12,8691.0,rank-3,685
Python,https://github.com/hyperspy/hyperspy,2017-05-15,8692.0,rank-3,685
Python,https://github.com/hyperspy/hyperspy,2017-05-16,8711.0,rank-3,685
Python,https://github.com/hyperspy/hyperspy,2017-05-17,8720.0,rank-3,685
Python,https://github.com/hyperspy/hyperspy,2017-05-18,8721.0,rank-3,685
Python,https://github.com/hyperspy/hyperspy,2017-05-22,8729.0,rank-3,685
Python,https://github.com/hyperspy/hyperspy,2017-05-23,8755.0,rank-3,685
Python,https://github.com/hyperspy/hyperspy,2017-05-24,8813.0,rank-3,685
Python,https://github.com/hyperspy/hyperspy,2017-05-25,8851.0,rank-3,685
Python,https://github.com/hyperspy/hyperspy,2017-05-26,8882.0,rank-3,685
Python,https://github.com/hyperspy/hyperspy,2017-05-27,8914.0,rank-3,685
Python,https://github.com/hyperspy/hyperspy,2017-05-28,8918.0,rank-3,685
Python,https://github.com/hyperspy/hyperspy,2017-05-30,8922.0,rank-3,685
Python,https://github.com/hyperspy/hyperspy,2017-05-31,8923.0,rank-3,685
Python,https://github.com/hyperspy/hyperspy,2017-06-02,8924.0,rank-3,685
Python,https://github.com/hyperspy/hyperspy,2017-06-03,8925.0,rank-3,685
Python,https://github.com/hyperspy/hyperspy,2017-06-05,8929.0,rank-3,685
Python,https://github.com/hyperspy/hyperspy,2017-06-06,8934.0,rank-3,685
Python,https://github.com/hyperspy/hyperspy,2017-06-14,8938.0,rank-3,685
Python,https://github.com/hyperspy/hyperspy,2017-06-15,8939.0,rank-3,685
Python,https://github.com/hyperspy/hyperspy,2017-06-16,8940.0,rank-3,685
Python,https://github.com/hyperspy/hyperspy,2017-06-17,8942.0,rank-3,685
Python,https://github.com/hyperspy/hyperspy,2017-06-21,8945.0,rank-3,685
Python,https://github.com/hyperspy/hyperspy,2017-06-22,8948.0,rank-3,685
Python,https://github.com/hyperspy/hyperspy,2017-06-23,8952.0,rank-3,685
Python,https://github.com/hyperspy/hyperspy,2017-06-24,8954.0,rank-3,685
Python,https://github.com/hyperspy/hyperspy,2017-06-30,8955.0,rank-3,685
Python,https://github.com/hyperspy/hyperspy,2017-07-06,8956.0,rank-3,685
Python,https://github.com/hyperspy/hyperspy,2017-07-07,8957.0,rank-3,685
Python,https://github.com/hyperspy/hyperspy,2017-07-09,8958.0,rank-3,685
Python,https://github.com/hyperspy/hyperspy,2017-07-10,8959.0,rank-3,685
Python,https://github.com/hyperspy/hyperspy,2017-07-12,8966.0,rank-3,685
Python,https://github.com/hyperspy/hyperspy,2017-07-13,8968.0,rank-3,685
Python,https://github.com/hyperspy/hyperspy,2017-07-18,8969.0,rank-3,685
Python,https://github.com/hyperspy/hyperspy,2017-07-19,8971.0,rank-3,685
Python,https://github.com/hyperspy/hyperspy,2017-07-20,8973.0,rank-3,685
Python,https://github.com/hyperspy/hyperspy,2017-07-21,8978.0,rank-3,685
Python,https://github.com/hyperspy/hyperspy,2017-07-22,8979.0,rank-3,685
Python,https://github.com/hyperspy/hyperspy,2017-07-24,8982.0,rank-3,685
Python,https://github.com/hyperspy/hyperspy,2017-07-25,8985.0,rank-3,685
Python,https://github.com/hyperspy/hyperspy,2017-07-26,8988.0,rank-3,685
Python,https://github.com/hyperspy/hyperspy,2017-07-27,8989.0,rank-3,685
Python,https://github.com/hyperspy/hyperspy,2017-08-02,8992.0,rank-3,685
Python,https://github.com/hyperspy/hyperspy,2017-08-04,8993.0,rank-3,685
Python,https://github.com/hyperspy/hyperspy,2017-08-05,8995.0,rank-3,685
Python,https://github.com/hyperspy/hyperspy,2017-08-06,8996.0,rank-3,685
Python,https://github.com/hyperspy/hyperspy,2017-08-07,8998.0,rank-3,685
Python,https://github.com/hyperspy/hyperspy,2017-08-08,9000.0,rank-3,685
Python,https://github.com/hyperspy/hyperspy,2017-08-11,9002.0,rank-3,685
Python,https://github.com/hyperspy/hyperspy,2017-08-13,9003.0,rank-3,685
Python,https://github.com/hyperspy/hyperspy,2017-08-15,9013.0,rank-3,685
Python,https://github.com/hyperspy/hyperspy,2017-08-16,9017.0,rank-3,685
Python,https://github.com/hyperspy/hyperspy,2017-08-17,9018.0,rank-3,685
Python,https://github.com/hyperspy/hyperspy,2017-08-18,9019.0,rank-3,685
Python,https://github.com/hyperspy/hyperspy,2017-08-19,9023.0,rank-3,685
Python,https://github.com/hyperspy/hyperspy,2017-08-20,9026.0,rank-3,685
Python,https://github.com/hyperspy/hyperspy,2017-08-21,9027.0,rank-3,685
Python,https://github.com/hyperspy/hyperspy,2017-08-23,9031.0,rank-3,685
Python,https://github.com/hyperspy/hyperspy,2017-08-24,9033.0,rank-3,685
Python,https://github.com/hyperspy/hyperspy,2017-08-25,9035.0,rank-3,685
Python,https://github.com/hyperspy/hyperspy,2017-08-27,9036.0,rank-3,685
Python,https://github.com/hyperspy/hyperspy,2017-08-28,9038.0,rank-3,685
Python,https://github.com/hyperspy/hyperspy,2017-08-29,9041.0,rank-3,685
Python,https://github.com/hyperspy/hyperspy,2017-08-31,9044.0,rank-3,685
Python,https://github.com/hyperspy/hyperspy,2017-09-01,9048.0,rank-3,685
Python,https://github.com/hyperspy/hyperspy,2017-09-03,9049.0,rank-3,685
Python,https://github.com/hyperspy/hyperspy,2017-09-04,9050.0,rank-3,685
Python,https://github.com/hyperspy/hyperspy,2017-09-05,9052.0,rank-3,685
Python,https://github.com/hyperspy/hyperspy,2017-09-07,9054.0,rank-3,685
Python,https://github.com/hyperspy/hyperspy,2017-09-08,9055.0,rank-3,685
Python,https://github.com/hyperspy/hyperspy,2017-09-09,9058.0,rank-3,685
Python,https://github.com/hyperspy/hyperspy,2017-09-10,9059.0,rank-3,685
Python,https://github.com/hyperspy/hyperspy,2017-09-11,9060.0,rank-3,685
Python,https://github.com/hyperspy/hyperspy,2017-09-13,9065.0,rank-3,685
Python,https://github.com/hyperspy/hyperspy,2017-09-14,9067.0,rank-3,685
Python,https://github.com/hyperspy/hyperspy,2017-09-15,9068.0,rank-3,685
Python,https://github.com/hyperspy/hyperspy,2017-09-17,9070.0,rank-3,685
Python,https://github.com/hyperspy/hyperspy,2017-09-18,9071.0,rank-3,685
Python,https://github.com/hyperspy/hyperspy,2017-09-19,9076.0,rank-3,685
Python,https://github.com/hyperspy/hyperspy,2017-09-20,9082.0,rank-3,685
Python,https://github.com/hyperspy/hyperspy,2017-09-25,9083.0,rank-3,685
Python,https://github.com/hyperspy/hyperspy,2017-09-26,9088.0,rank-3,685
Python,https://github.com/hyperspy/hyperspy,2017-09-27,9089.0,rank-3,685
Python,https://github.com/hyperspy/hyperspy,2017-09-28,9095.0,rank-3,685
Python,https://github.com/hyperspy/hyperspy,2017-09-29,9099.0,rank-3,685
Python,https://github.com/hyperspy/hyperspy,2017-09-30,9103.0,rank-3,685
Python,https://github.com/hyperspy/hyperspy,2017-10-02,9104.0,rank-3,685
Python,https://github.com/hyperspy/hyperspy,2017-10-03,9106.0,rank-3,685
Python,https://github.com/hyperspy/hyperspy,2017-10-04,9111.0,rank-3,685
Python,https://github.com/hyperspy/hyperspy,2017-10-05,9125.0,rank-3,685
Python,https://github.com/hyperspy/hyperspy,2017-10-06,9130.0,rank-3,685
Python,https://github.com/hyperspy/hyperspy,2017-10-08,9131.0,rank-3,685
Python,https://github.com/hyperspy/hyperspy,2017-10-09,9134.0,rank-3,685
Python,https://github.com/hyperspy/hyperspy,2017-10-10,9139.0,rank-3,685
Python,https://github.com/hyperspy/hyperspy,2017-10-11,9144.0,rank-3,685
Python,https://github.com/hyperspy/hyperspy,2017-10-12,9148.0,rank-3,685
Python,https://github.com/hyperspy/hyperspy,2017-10-13,9152.0,rank-3,685
Python,https://github.com/hyperspy/hyperspy,2017-10-14,9155.0,rank-3,685
Python,https://github.com/hyperspy/hyperspy,2017-10-15,9157.0,rank-3,685
Python,https://github.com/hyperspy/hyperspy,2017-10-16,9158.0,rank-3,685
Python,https://github.com/hyperspy/hyperspy,2017-10-17,9159.0,rank-3,685
Python,https://github.com/hyperspy/hyperspy,2017-10-20,9161.0,rank-3,685
Python,https://github.com/hyperspy/hyperspy,2017-10-24,9162.0,rank-3,685
Python,https://github.com/hyperspy/hyperspy,2017-10-25,9163.0,rank-3,685
Python,https://github.com/hyperspy/hyperspy,2017-10-26,9164.0,rank-3,685
Python,https://github.com/hyperspy/hyperspy,2017-10-29,9165.0,rank-3,685
Python,https://github.com/hyperspy/hyperspy,2017-11-11,9166.0,rank-3,685
Python,https://github.com/hyperspy/hyperspy,2017-11-16,9167.0,rank-3,685
Python,https://github.com/hyperspy/hyperspy,2017-11-22,9170.0,rank-3,685
Python,https://github.com/hyperspy/hyperspy,2017-11-28,9174.0,rank-3,685
Python,https://github.com/hyperspy/hyperspy,2017-11-30,9175.0,rank-3,685
Python,https://github.com/hyperspy/hyperspy,2017-12-05,9178.0,rank-3,685
Python,https://github.com/hyperspy/hyperspy,2017-12-10,9180.0,rank-3,685
Python,https://github.com/hyperspy/hyperspy,2017-12-11,9181.0,rank-3,685
Python,https://github.com/hyperspy/hyperspy,2017-12-14,9185.0,rank-3,685
Python,https://github.com/hyperspy/hyperspy,2017-12-15,9186.0,rank-3,685
Python,https://github.com/hyperspy/hyperspy,2017-12-16,9188.0,rank-3,685
Python,https://github.com/hyperspy/hyperspy,2017-12-17,9190.0,rank-3,685
Python,https://github.com/hyperspy/hyperspy,2017-12-20,9191.0,rank-3,685
Python,https://github.com/hyperspy/hyperspy,2018-01-05,9197.0,rank-3,685
Python,https://github.com/hyperspy/hyperspy,2018-01-09,9200.0,rank-3,685
Python,https://github.com/hyperspy/hyperspy,2018-01-11,9205.0,rank-3,685
Python,https://github.com/hyperspy/hyperspy,2018-01-12,9211.0,rank-3,685
Python,https://github.com/hyperspy/hyperspy,2018-01-13,9212.0,rank-3,685
Python,https://github.com/hyperspy/hyperspy,2018-01-14,9215.0,rank-3,685
Python,https://github.com/hyperspy/hyperspy,2018-01-15,9217.0,rank-3,685
Python,https://github.com/hyperspy/hyperspy,2018-01-17,9219.0,rank-3,685
Python,https://github.com/hyperspy/hyperspy,2018-01-18,9225.0,rank-3,685
Python,https://github.com/hyperspy/hyperspy,2018-01-19,9228.0,rank-3,685
Python,https://github.com/hyperspy/hyperspy,2018-01-20,9231.0,rank-3,685
Python,https://github.com/hyperspy/hyperspy,2018-01-21,9236.0,rank-3,685
Python,https://github.com/hyperspy/hyperspy,2018-01-22,9255.0,rank-3,685
Python,https://github.com/hyperspy/hyperspy,2018-01-23,9278.0,rank-3,685
Python,https://github.com/hyperspy/hyperspy,2018-01-24,9279.0,rank-3,685
Python,https://github.com/hyperspy/hyperspy,2018-01-25,9281.0,rank-3,685
Python,https://github.com/hyperspy/hyperspy,2018-01-26,9284.0,rank-3,685
Python,https://github.com/hyperspy/hyperspy,2018-01-27,9291.0,rank-3,685
Python,https://github.com/hyperspy/hyperspy,2018-01-28,9293.0,rank-3,685
Python,https://github.com/hyperspy/hyperspy,2018-01-29,9294.0,rank-3,685
Python,https://github.com/hyperspy/hyperspy,2018-01-30,9297.0,rank-3,685
Python,https://github.com/hyperspy/hyperspy,2018-01-31,9303.0,rank-3,685
Python,https://github.com/hyperspy/hyperspy,2018-02-02,9307.0,rank-3,685
Python,https://github.com/hyperspy/hyperspy,2018-02-03,9308.0,rank-3,685
Python,https://github.com/hyperspy/hyperspy,2018-02-04,9309.0,rank-3,685
Python,https://github.com/hyperspy/hyperspy,2018-02-05,9320.0,rank-3,685
Python,https://github.com/hyperspy/hyperspy,2018-02-06,9335.0,rank-3,685
Python,https://github.com/hyperspy/hyperspy,2018-02-07,9340.0,rank-3,685
Python,https://github.com/hyperspy/hyperspy,2018-02-08,9346.0,rank-3,685
Python,https://github.com/hyperspy/hyperspy,2018-02-09,9350.0,rank-3,685
Python,https://github.com/hyperspy/hyperspy,2018-02-10,9354.0,rank-3,685
Python,https://github.com/hyperspy/hyperspy,2018-02-12,9357.0,rank-3,685
Python,https://github.com/hyperspy/hyperspy,2018-02-13,9362.0,rank-3,685
Python,https://github.com/hyperspy/hyperspy,2018-02-14,9366.0,rank-3,685
Python,https://github.com/hyperspy/hyperspy,2018-02-16,9367.0,rank-3,685
Python,https://github.com/hyperspy/hyperspy,2018-02-17,9368.0,rank-3,685
Python,https://github.com/hyperspy/hyperspy,2018-02-18,9370.0,rank-3,685
Python,https://github.com/hyperspy/hyperspy,2018-02-19,9374.0,rank-3,685
Python,https://github.com/hyperspy/hyperspy,2018-02-20,9378.0,rank-3,685
Python,https://github.com/hyperspy/hyperspy,2018-02-21,9379.0,rank-3,685
Python,https://github.com/hyperspy/hyperspy,2018-02-22,9380.0,rank-3,685
Python,https://github.com/hyperspy/hyperspy,2018-02-23,9381.0,rank-3,685
Python,https://github.com/hyperspy/hyperspy,2018-02-25,9382.0,rank-3,685
Python,https://github.com/hyperspy/hyperspy,2018-02-26,9392.0,rank-3,685
Python,https://github.com/hyperspy/hyperspy,2018-02-27,9401.0,rank-3,685
Python,https://github.com/hyperspy/hyperspy,2018-02-28,9405.0,rank-3,685
Python,https://github.com/hyperspy/hyperspy,2018-03-01,9422.0,rank-3,685
Python,https://github.com/hyperspy/hyperspy,2018-03-02,9436.0,rank-3,685
Python,https://github.com/hyperspy/hyperspy,2018-03-03,9437.0,rank-3,685
Python,https://github.com/hyperspy/hyperspy,2018-03-04,9444.0,rank-3,685
Python,https://github.com/hyperspy/hyperspy,2018-03-05,9456.0,rank-3,685
Python,https://github.com/hyperspy/hyperspy,2018-03-06,9458.0,rank-3,685
Python,https://github.com/hyperspy/hyperspy,2018-03-07,9461.0,rank-3,685
Python,https://github.com/hyperspy/hyperspy,2018-03-08,9465.0,rank-3,685
Python,https://github.com/hyperspy/hyperspy,2018-03-09,9467.0,rank-3,685
Python,https://github.com/hyperspy/hyperspy,2018-03-11,9468.0,rank-3,685
Python,https://github.com/hyperspy/hyperspy,2018-03-13,9469.0,rank-3,685
Python,https://github.com/hyperspy/hyperspy,2018-03-14,9471.0,rank-3,685
Python,https://github.com/hyperspy/hyperspy,2018-03-15,9492.0,rank-3,685
Python,https://github.com/hyperspy/hyperspy,2018-03-16,9501.0,rank-3,685
Python,https://github.com/hyperspy/hyperspy,2018-03-17,9502.0,rank-3,685
Python,https://github.com/hyperspy/hyperspy,2018-03-18,9504.0,rank-3,685
Python,https://github.com/hyperspy/hyperspy,2018-03-19,9507.0,rank-3,685
Python,https://github.com/hyperspy/hyperspy,2018-03-20,9520.0,rank-3,685
Python,https://github.com/hyperspy/hyperspy,2018-03-21,9530.0,rank-3,685
Python,https://github.com/hyperspy/hyperspy,2018-03-22,9538.0,rank-3,685
Python,https://github.com/hyperspy/hyperspy,2018-03-23,9539.0,rank-3,685
Python,https://github.com/hyperspy/hyperspy,2018-03-26,9540.0,rank-3,685
Python,https://github.com/hyperspy/hyperspy,2018-03-28,9542.0,rank-3,685
Python,https://github.com/hyperspy/hyperspy,2018-03-29,9543.0,rank-3,685
Python,https://github.com/hyperspy/hyperspy,2018-03-31,9544.0,rank-3,685
Python,https://github.com/hyperspy/hyperspy,2018-04-01,9546.0,rank-3,685
Python,https://github.com/hyperspy/hyperspy,2018-04-03,9549.0,rank-3,685
Python,https://github.com/hyperspy/hyperspy,2018-04-04,9555.0,rank-3,685
Python,https://github.com/hyperspy/hyperspy,2018-04-05,9568.0,rank-3,685
Python,https://github.com/hyperspy/hyperspy,2018-04-06,9586.0,rank-3,685
Python,https://github.com/hyperspy/hyperspy,2018-04-07,9590.0,rank-3,685
Python,https://github.com/hyperspy/hyperspy,2018-04-08,9593.0,rank-3,685
Python,https://github.com/hyperspy/hyperspy,2018-04-09,9604.0,rank-3,685
Python,https://github.com/hyperspy/hyperspy,2018-04-10,9616.0,rank-3,685
Python,https://github.com/hyperspy/hyperspy,2018-04-11,9631.0,rank-3,685
Python,https://github.com/hyperspy/hyperspy,2018-04-12,9647.0,rank-3,685
Python,https://github.com/hyperspy/hyperspy,2018-04-13,9657.0,rank-3,685
Python,https://github.com/hyperspy/hyperspy,2018-04-14,9659.0,rank-3,685
Python,https://github.com/hyperspy/hyperspy,2018-04-15,9661.0,rank-3,685
Python,https://github.com/hyperspy/hyperspy,2018-04-16,9669.0,rank-3,685
Python,https://github.com/hyperspy/hyperspy,2018-04-17,9681.0,rank-3,685
Python,https://github.com/hyperspy/hyperspy,2018-04-18,9684.0,rank-3,685
Python,https://github.com/hyperspy/hyperspy,2018-04-19,9714.0,rank-3,685
Python,https://github.com/hyperspy/hyperspy,2018-04-20,9715.0,rank-3,685
Python,https://github.com/hyperspy/hyperspy,2018-04-21,9716.0,rank-3,685
Python,https://github.com/hyperspy/hyperspy,2018-04-22,9717.0,rank-3,685
Python,https://github.com/hyperspy/hyperspy,2018-04-23,9718.0,rank-3,685
Python,https://github.com/hyperspy/hyperspy,2018-04-24,9721.0,rank-3,685
Python,https://github.com/hyperspy/hyperspy,2018-04-25,9725.0,rank-3,685
Python,https://github.com/hyperspy/hyperspy,2018-04-26,9728.0,rank-3,685
Python,https://github.com/hyperspy/hyperspy,2018-04-27,9732.0,rank-3,685
Python,https://github.com/hyperspy/hyperspy,2018-04-28,9736.0,rank-3,685
Python,https://github.com/hyperspy/hyperspy,2018-04-29,9741.0,rank-3,685
Python,https://github.com/hyperspy/hyperspy,2018-05-01,9742.0,rank-3,685
Python,https://github.com/hyperspy/hyperspy,2018-05-02,9744.0,rank-3,685
Python,https://github.com/hyperspy/hyperspy,2018-05-03,9747.0,rank-3,685
Python,https://github.com/hyperspy/hyperspy,2018-05-08,9752.0,rank-3,685
Python,https://github.com/hyperspy/hyperspy,2018-05-09,9755.0,rank-3,685
Python,https://github.com/hyperspy/hyperspy,2018-05-12,9757.0,rank-3,685
Python,https://github.com/hyperspy/hyperspy,2018-05-13,9759.0,rank-3,685
Python,https://github.com/hyperspy/hyperspy,2018-05-14,9763.0,rank-3,685
Python,https://github.com/hyperspy/hyperspy,2018-05-15,9767.0,rank-3,685
Python,https://github.com/hyperspy/hyperspy,2018-05-16,9771.0,rank-3,685
Python,https://github.com/hyperspy/hyperspy,2018-05-17,9773.0,rank-3,685
Python,https://github.com/hyperspy/hyperspy,2018-05-20,9774.0,rank-3,685
Python,https://github.com/hyperspy/hyperspy,2018-05-21,9776.0,rank-3,685
Python,https://github.com/hyperspy/hyperspy,2018-05-23,9784.0,rank-3,685
Python,https://github.com/hyperspy/hyperspy,2018-05-24,9786.0,rank-3,685
Python,https://github.com/hyperspy/hyperspy,2018-05-25,9789.0,rank-3,685
Python,https://github.com/hyperspy/hyperspy,2018-05-26,9791.0,rank-3,685
Python,https://github.com/hyperspy/hyperspy,2018-05-27,9792.0,rank-3,685
Python,https://github.com/hyperspy/hyperspy,2018-05-29,9794.0,rank-3,685
Python,https://github.com/hyperspy/hyperspy,2018-05-30,9798.0,rank-3,685
Python,https://github.com/hyperspy/hyperspy,2018-05-31,9805.0,rank-3,685
Python,https://github.com/hyperspy/hyperspy,2018-06-01,9808.0,rank-3,685
Python,https://github.com/hyperspy/hyperspy,2018-06-04,9809.0,rank-3,685
Python,https://github.com/hyperspy/hyperspy,2018-06-05,9812.0,rank-3,685
Python,https://github.com/hyperspy/hyperspy,2018-06-07,9816.0,rank-3,685
Python,https://github.com/hyperspy/hyperspy,2018-06-11,9820.0,rank-3,685
Python,https://github.com/hyperspy/hyperspy,2018-06-12,9824.0,rank-3,685
Python,https://github.com/hyperspy/hyperspy,2018-06-13,9825.0,rank-3,685
Python,https://github.com/hyperspy/hyperspy,2018-06-18,9829.0,rank-3,685
Python,https://github.com/hyperspy/hyperspy,2018-06-20,9831.0,rank-3,685
Python,https://github.com/hyperspy/hyperspy,2018-06-21,9833.0,rank-3,685
Python,https://github.com/hyperspy/hyperspy,2018-06-25,9835.0,rank-3,685
Python,https://github.com/hyperspy/hyperspy,2018-06-27,9842.0,rank-3,685
Python,https://github.com/hyperspy/hyperspy,2018-06-29,9844.0,rank-3,685
Python,https://github.com/hyperspy/hyperspy,2018-06-30,9849.0,rank-3,685
Python,https://github.com/hyperspy/hyperspy,2018-07-02,9882.0,rank-3,685
Python,https://github.com/hyperspy/hyperspy,2018-07-03,9918.0,rank-3,685
Python,https://github.com/hyperspy/hyperspy,2018-07-04,9920.0,rank-3,685
Python,https://github.com/hyperspy/hyperspy,2018-07-06,9923.0,rank-3,685
Python,https://github.com/hyperspy/hyperspy,2018-07-10,9927.0,rank-3,685
Python,https://github.com/hyperspy/hyperspy,2018-07-11,9932.0,rank-3,685
Python,https://github.com/hyperspy/hyperspy,2018-07-12,9935.0,rank-3,685
Python,https://github.com/hyperspy/hyperspy,2018-07-13,9937.0,rank-3,685
Python,https://github.com/hyperspy/hyperspy,2018-07-16,9940.0,rank-3,685
Python,https://github.com/hyperspy/hyperspy,2018-07-17,9944.0,rank-3,685
Python,https://github.com/hyperspy/hyperspy,2018-07-18,9961.0,rank-3,685
Python,https://github.com/hyperspy/hyperspy,2018-07-19,9967.0,rank-3,685
Python,https://github.com/hyperspy/hyperspy,2018-07-20,9972.0,rank-3,685
Python,https://github.com/hyperspy/hyperspy,2018-07-25,9975.0,rank-3,685
Python,https://github.com/hyperspy/hyperspy,2018-07-26,9991.0,rank-3,685
Python,https://github.com/hyperspy/hyperspy,2018-07-27,9995.0,rank-3,685
Python,https://github.com/hyperspy/hyperspy,2018-07-30,9996.0,rank-3,685
Python,https://github.com/hyperspy/hyperspy,2018-07-31,9999.0,rank-3,685
Python,https://github.com/hyperspy/hyperspy,2018-08-01,10000.0,rank-3,685
Python,https://github.com/hyperspy/hyperspy,2018-08-02,10001.0,rank-3,685
Python,https://github.com/hyperspy/hyperspy,2018-08-07,10002.0,rank-3,685
Python,https://github.com/hyperspy/hyperspy,2018-08-08,10009.0,rank-3,685
Python,https://github.com/hyperspy/hyperspy,2018-08-09,10010.0,rank-3,685
Python,https://github.com/hyperspy/hyperspy,2018-08-13,10014.0,rank-3,685
Python,https://github.com/hyperspy/hyperspy,2018-08-15,10016.0,rank-3,685
Python,https://github.com/hyperspy/hyperspy,2018-08-16,10018.0,rank-3,685
Python,https://github.com/hyperspy/hyperspy,2018-08-17,10019.0,rank-3,685
Python,https://github.com/hyperspy/hyperspy,2018-08-18,10024.0,rank-3,685
Python,https://github.com/hyperspy/hyperspy,2018-08-19,10027.0,rank-3,685
Python,https://github.com/hyperspy/hyperspy,2018-08-20,10028.0,rank-3,685
Python,https://github.com/hyperspy/hyperspy,2018-08-22,10035.0,rank-3,685
Python,https://github.com/hyperspy/hyperspy,2018-08-23,10054.0,rank-3,685
Python,https://github.com/hyperspy/hyperspy,2018-08-24,10071.0,rank-3,685
Python,https://github.com/hyperspy/hyperspy,2018-08-27,10076.0,rank-3,685
Python,https://github.com/hyperspy/hyperspy,2018-08-28,10102.0,rank-3,685
Python,https://github.com/hyperspy/hyperspy,2018-08-29,10116.0,rank-3,685
Python,https://github.com/hyperspy/hyperspy,2018-08-30,10128.0,rank-3,685
Python,https://github.com/hyperspy/hyperspy,2018-08-31,10148.0,rank-3,685
Python,https://github.com/hyperspy/hyperspy,2018-09-01,10153.0,rank-3,685
Python,https://github.com/hyperspy/hyperspy,2018-09-03,10166.0,rank-3,685
Python,https://github.com/hyperspy/hyperspy,2018-09-04,10171.0,rank-3,685
Python,https://github.com/hyperspy/hyperspy,2018-09-10,10172.0,rank-3,685
Python,https://github.com/hyperspy/hyperspy,2018-09-14,10177.0,rank-3,685
Python,https://github.com/hyperspy/hyperspy,2018-09-18,10180.0,rank-3,685
Python,https://github.com/hyperspy/hyperspy,2018-09-21,10181.0,rank-3,685
Python,https://github.com/hyperspy/hyperspy,2018-09-23,10185.0,rank-3,685
Python,https://github.com/hyperspy/hyperspy,2018-09-24,10186.0,rank-3,685
Python,https://github.com/hyperspy/hyperspy,2018-09-25,10191.0,rank-3,685
Python,https://github.com/hyperspy/hyperspy,2018-09-26,10194.0,rank-3,685
Python,https://github.com/hyperspy/hyperspy,2018-09-27,10195.0,rank-3,685
Python,https://github.com/hyperspy/hyperspy,2018-09-28,10198.0,rank-3,685
Python,https://github.com/hyperspy/hyperspy,2018-09-29,10202.0,rank-3,685
Python,https://github.com/hyperspy/hyperspy,2018-10-01,10205.0,rank-3,685
Python,https://github.com/hyperspy/hyperspy,2018-10-04,10208.0,rank-3,685
Python,https://github.com/hyperspy/hyperspy,2018-10-15,10212.0,rank-3,685
Python,https://github.com/hyperspy/hyperspy,2018-10-17,10214.0,rank-3,685
Python,https://github.com/hyperspy/hyperspy,2018-10-18,10219.0,rank-3,685
Python,https://github.com/hyperspy/hyperspy,2018-10-19,10224.0,rank-3,685
Python,https://github.com/hyperspy/hyperspy,2018-10-20,10236.0,rank-3,685
Python,https://github.com/hyperspy/hyperspy,2018-10-22,10239.0,rank-3,685
Python,https://github.com/hyperspy/hyperspy,2018-10-23,10246.0,rank-3,685
Python,https://github.com/hyperspy/hyperspy,2018-10-29,10247.0,rank-3,685
Python,https://github.com/hyperspy/hyperspy,2018-10-30,10248.0,rank-3,685
Python,https://github.com/hyperspy/hyperspy,2018-11-03,10250.0,rank-3,685
Python,https://github.com/hyperspy/hyperspy,2018-11-06,10251.0,rank-3,685
Python,https://github.com/hyperspy/hyperspy,2018-11-11,10253.0,rank-3,685
Python,https://github.com/hyperspy/hyperspy,2018-11-15,10259.0,rank-3,685
Python,https://github.com/hyperspy/hyperspy,2018-11-16,10264.0,rank-3,685
Python,https://github.com/hyperspy/hyperspy,2018-11-19,10268.0,rank-3,685
Python,https://github.com/hyperspy/hyperspy,2018-11-20,10269.0,rank-3,685
Python,https://github.com/hyperspy/hyperspy,2018-11-23,10271.0,rank-3,685
Python,https://github.com/hyperspy/hyperspy,2018-11-26,10273.0,rank-3,685
Python,https://github.com/hyperspy/hyperspy,2018-11-27,10275.0,rank-3,685
Python,https://github.com/hyperspy/hyperspy,2018-11-28,10277.0,rank-3,685
Python,https://github.com/hyperspy/hyperspy,2018-11-29,10278.0,rank-3,685
Python,https://github.com/hyperspy/hyperspy,2018-11-30,10280.0,rank-3,685
Python,https://github.com/hyperspy/hyperspy,2018-12-01,10288.0,rank-3,685
Python,https://github.com/hyperspy/hyperspy,2018-12-02,10291.0,rank-3,685
Python,https://github.com/hyperspy/hyperspy,2018-12-05,10296.0,rank-3,685
Python,https://github.com/hyperspy/hyperspy,2018-12-06,10303.0,rank-3,685
Python,https://github.com/hyperspy/hyperspy,2018-12-07,10308.0,rank-3,685
Python,https://github.com/hyperspy/hyperspy,2018-12-09,10309.0,rank-3,685
Python,https://github.com/hyperspy/hyperspy,2018-12-14,10312.0,rank-3,685
Python,https://github.com/hyperspy/hyperspy,2018-12-15,10315.0,rank-3,685
Python,https://github.com/hyperspy/hyperspy,2019-01-10,10320.0,rank-3,685
Python,https://github.com/hyperspy/hyperspy,2019-01-13,10323.0,rank-3,685
Python,https://github.com/hyperspy/hyperspy,2019-01-14,10324.0,rank-3,685
Python,https://github.com/hyperspy/hyperspy,2019-01-24,10333.0,rank-3,685
Python,https://github.com/hyperspy/hyperspy,2019-01-25,10335.0,rank-3,685
Python,https://github.com/hyperspy/hyperspy,2019-01-29,10336.0,rank-3,685
Python,https://github.com/hyperspy/hyperspy,2019-02-03,10341.0,rank-3,685
Python,https://github.com/hyperspy/hyperspy,2019-02-05,10345.0,rank-3,685
Python,https://github.com/hyperspy/hyperspy,2019-02-06,10346.0,rank-3,685
Python,https://github.com/hyperspy/hyperspy,2019-02-12,10347.0,rank-3,685
Python,https://github.com/hyperspy/hyperspy,2019-02-28,10348.0,rank-3,685
Python,https://github.com/hyperspy/hyperspy,2019-03-05,10351.0,rank-3,685
Python,https://github.com/hyperspy/hyperspy,2019-03-06,10358.0,rank-3,685
Python,https://github.com/hyperspy/hyperspy,2019-03-16,10360.0,rank-3,685
Python,https://github.com/hyperspy/hyperspy,2019-03-21,10363.0,rank-3,685
Python,https://github.com/hyperspy/hyperspy,2019-03-23,10367.0,rank-3,685
Python,https://github.com/hyperspy/hyperspy,2019-03-25,10371.0,rank-3,685
Python,https://github.com/hyperspy/hyperspy,2019-03-26,10377.0,rank-3,685
Python,https://github.com/hyperspy/hyperspy,2019-03-27,10406.0,rank-3,685
Python,https://github.com/hyperspy/hyperspy,2019-03-28,10408.0,rank-3,685
Python,https://github.com/hyperspy/hyperspy,2019-03-29,10414.0,rank-3,685
Python,https://github.com/hyperspy/hyperspy,2019-04-01,10416.0,rank-3,685
Python,https://github.com/hyperspy/hyperspy,2019-04-02,10421.0,rank-3,685
Python,https://github.com/hyperspy/hyperspy,2019-04-03,10426.0,rank-3,685
Python,https://github.com/hyperspy/hyperspy,2019-04-04,10428.0,rank-3,685
Python,https://github.com/hyperspy/hyperspy,2019-04-08,10429.0,rank-3,685
Python,https://github.com/hyperspy/hyperspy,2019-04-12,10430.0,rank-3,685
Python,https://github.com/hyperspy/hyperspy,2019-04-15,10434.0,rank-3,685
Python,https://github.com/hyperspy/hyperspy,2019-04-16,10447.0,rank-3,685
Python,https://github.com/hyperspy/hyperspy,2019-04-17,10468.0,rank-3,685
Python,https://github.com/hyperspy/hyperspy,2019-04-18,10492.0,rank-3,685
Python,https://github.com/hyperspy/hyperspy,2019-04-19,10508.0,rank-3,685
Python,https://github.com/hyperspy/hyperspy,2019-04-20,10519.0,rank-3,685
Python,https://github.com/hyperspy/hyperspy,2019-04-21,10527.0,rank-3,685
Python,https://github.com/hyperspy/hyperspy,2019-04-24,10534.0,rank-3,685
Python,https://github.com/hyperspy/hyperspy,2019-04-25,10536.0,rank-3,685
Python,https://github.com/hyperspy/hyperspy,2019-04-26,10540.0,rank-3,685
Python,https://github.com/hyperspy/hyperspy,2019-04-28,10541.0,rank-3,685
Python,https://github.com/hyperspy/hyperspy,2019-04-29,10548.0,rank-3,685
Python,https://github.com/hyperspy/hyperspy,2019-04-30,10549.0,rank-3,685
Python,https://github.com/hyperspy/hyperspy,2019-05-01,10559.0,rank-3,685
Python,https://github.com/hyperspy/hyperspy,2019-05-03,10571.0,rank-3,685
Python,https://github.com/hyperspy/hyperspy,2019-05-07,10573.0,rank-3,685
Python,https://github.com/hyperspy/hyperspy,2019-05-09,10581.0,rank-3,685
Python,https://github.com/hyperspy/hyperspy,2019-05-10,10582.0,rank-3,685
Python,https://github.com/hyperspy/hyperspy,2019-05-13,10593.0,rank-3,685
Python,https://github.com/hyperspy/hyperspy,2019-05-14,10609.0,rank-3,685
Python,https://github.com/hyperspy/hyperspy,2019-05-15,10617.0,rank-3,685
Python,https://github.com/hyperspy/hyperspy,2019-05-16,10632.0,rank-3,685
Python,https://github.com/hyperspy/hyperspy,2019-05-17,10650.0,rank-3,685
Python,https://github.com/hyperspy/hyperspy,2019-05-18,10654.0,rank-3,685
Python,https://github.com/hyperspy/hyperspy,2019-05-20,10672.0,rank-3,685
Python,https://github.com/hyperspy/hyperspy,2019-05-21,10681.0,rank-3,685
Python,https://github.com/hyperspy/hyperspy,2019-05-22,10689.0,rank-3,685
Python,https://github.com/hyperspy/hyperspy,2019-05-23,10701.0,rank-3,685
Python,https://github.com/hyperspy/hyperspy,2019-05-24,10710.0,rank-3,685
Python,https://github.com/hyperspy/hyperspy,2019-05-27,10714.0,rank-3,685
Python,https://github.com/hyperspy/hyperspy,2019-05-28,10715.0,rank-3,685
Python,https://github.com/hyperspy/hyperspy,2019-05-31,10720.0,rank-3,685
Python,https://github.com/hyperspy/hyperspy,2019-06-02,10722.0,rank-3,685
Python,https://github.com/hyperspy/hyperspy,2019-06-03,10731.0,rank-3,685
Python,https://github.com/hyperspy/hyperspy,2019-06-05,10747.0,rank-3,685
Python,https://github.com/hyperspy/hyperspy,2019-06-14,10751.0,rank-3,685
Python,https://github.com/hyperspy/hyperspy,2019-06-17,10766.0,rank-3,685
Python,https://github.com/hyperspy/hyperspy,2019-06-18,10781.0,rank-3,685
Python,https://github.com/hyperspy/hyperspy,2019-06-19,10786.0,rank-3,685
Python,https://github.com/hyperspy/hyperspy,2019-06-20,10789.0,rank-3,685
Python,https://github.com/hyperspy/hyperspy,2019-06-21,10799.0,rank-3,685
Python,https://github.com/hyperspy/hyperspy,2019-06-22,10804.0,rank-3,685
Python,https://github.com/hyperspy/hyperspy,2019-06-24,10805.0,rank-3,685
Python,https://github.com/hyperspy/hyperspy,2019-06-25,10810.0,rank-3,685
Python,https://github.com/hyperspy/hyperspy,2019-06-26,10815.0,rank-3,685
Python,https://github.com/hyperspy/hyperspy,2019-06-27,10818.0,rank-3,685
Python,https://github.com/hyperspy/hyperspy,2019-06-28,10819.0,rank-3,685
Python,https://github.com/hyperspy/hyperspy,2019-07-01,10824.0,rank-3,685
Python,https://github.com/hyperspy/hyperspy,2019-07-02,10828.0,rank-3,685
Python,https://github.com/hyperspy/hyperspy,2019-07-04,10834.0,rank-3,685
Python,https://github.com/hyperspy/hyperspy,2019-07-05,10837.0,rank-3,685
Python,https://github.com/hyperspy/hyperspy,2019-07-09,10839.0,rank-3,685
Python,https://github.com/hyperspy/hyperspy,2019-07-10,10840.0,rank-3,685
Python,https://github.com/hyperspy/hyperspy,2019-07-11,10852.0,rank-3,685
Python,https://github.com/hyperspy/hyperspy,2019-07-12,10860.0,rank-3,685
Python,https://github.com/hyperspy/hyperspy,2019-07-15,10878.0,rank-3,685
Python,https://github.com/hyperspy/hyperspy,2019-07-16,10900.0,rank-3,685
Python,https://github.com/hyperspy/hyperspy,2019-07-17,10902.0,rank-3,685
Python,https://github.com/hyperspy/hyperspy,2019-07-18,10916.0,rank-3,685
Python,https://github.com/hyperspy/hyperspy,2019-07-19,10937.0,rank-3,685
Python,https://github.com/hyperspy/hyperspy,2019-07-22,10942.0,rank-3,685
Python,https://github.com/hyperspy/hyperspy,2019-07-24,10945.0,rank-3,685
Python,https://github.com/hyperspy/hyperspy,2019-07-25,10970.0,rank-3,685
Python,https://github.com/hyperspy/hyperspy,2019-07-26,10983.0,rank-3,685
Python,https://github.com/hyperspy/hyperspy,2019-07-27,10999.0,rank-3,685
Python,https://github.com/hyperspy/hyperspy,2019-07-28,11008.0,rank-3,685
Python,https://github.com/hyperspy/hyperspy,2019-07-29,11009.0,rank-3,685
Python,https://github.com/hyperspy/hyperspy,2019-08-02,11011.0,rank-3,685
Python,https://github.com/hyperspy/hyperspy,2019-08-06,11015.0,rank-3,685
Python,https://github.com/hyperspy/hyperspy,2019-08-09,11016.0,rank-3,685
Python,https://github.com/hyperspy/hyperspy,2019-08-30,11017.0,rank-3,685
Python,https://github.com/hyperspy/hyperspy,2019-09-02,11028.0,rank-3,685
Python,https://github.com/hyperspy/hyperspy,2019-09-03,11036.0,rank-3,685
Python,https://github.com/hyperspy/hyperspy,2019-09-04,11041.0,rank-3,685
Python,https://github.com/hyperspy/hyperspy,2019-09-05,11049.0,rank-3,685
Python,https://github.com/hyperspy/hyperspy,2019-09-06,11056.0,rank-3,685
Python,https://github.com/hyperspy/hyperspy,2019-09-07,11060.0,rank-3,685
Python,https://github.com/hyperspy/hyperspy,2019-09-08,11062.0,rank-3,685
Python,https://github.com/hyperspy/hyperspy,2019-09-10,11066.0,rank-3,685
Python,https://github.com/hyperspy/hyperspy,2019-09-11,11068.0,rank-3,685
Python,https://github.com/hyperspy/hyperspy,2019-09-14,11069.0,rank-3,685
Python,https://github.com/hyperspy/hyperspy,2019-09-16,11073.0,rank-3,685
Python,https://github.com/hyperspy/hyperspy,2019-09-23,11078.0,rank-3,685
Python,https://github.com/hyperspy/hyperspy,2019-09-24,11079.0,rank-3,685
Python,https://github.com/hyperspy/hyperspy,2019-09-27,11083.0,rank-3,685
Python,https://github.com/hyperspy/hyperspy,2019-09-28,11085.0,rank-3,685
Python,https://github.com/hyperspy/hyperspy,2019-10-01,11088.0,rank-3,685
Python,https://github.com/hyperspy/hyperspy,2019-10-02,11089.0,rank-3,685
Python,https://github.com/hyperspy/hyperspy,2019-10-07,11091.0,rank-3,685
Python,https://github.com/hyperspy/hyperspy,2019-10-08,11095.0,rank-3,685
Python,https://github.com/hyperspy/hyperspy,2019-10-11,11098.0,rank-3,685
Python,https://github.com/hyperspy/hyperspy,2019-10-14,11099.0,rank-3,685
Python,https://github.com/hyperspy/hyperspy,2019-10-17,11105.0,rank-3,685
Python,https://github.com/hyperspy/hyperspy,2019-10-18,11109.0,rank-3,685
Python,https://github.com/hyperspy/hyperspy,2019-10-21,11111.0,rank-3,685
Python,https://github.com/hyperspy/hyperspy,2019-10-22,11112.0,rank-3,685
Python,https://github.com/hyperspy/hyperspy,2019-10-24,11113.0,rank-3,685
Python,https://github.com/hyperspy/hyperspy,2019-10-28,11119.0,rank-3,685
Python,https://github.com/hyperspy/hyperspy,2019-10-30,11120.0,rank-3,685
Python,https://github.com/hyperspy/hyperspy,2019-10-31,11122.0,rank-3,685
Python,https://github.com/hyperspy/hyperspy,2019-11-02,11124.0,rank-3,685
Python,https://github.com/hyperspy/hyperspy,2019-11-05,11128.0,rank-3,685
Python,https://github.com/hyperspy/hyperspy,2019-11-08,11130.0,rank-3,685
Python,https://github.com/hyperspy/hyperspy,2019-11-10,11131.0,rank-3,685
Python,https://github.com/hyperspy/hyperspy,2019-11-11,11134.0,rank-3,685
Python,https://github.com/hyperspy/hyperspy,2019-11-12,11140.0,rank-3,685
Python,https://github.com/hyperspy/hyperspy,2019-11-13,11154.0,rank-3,685
Python,https://github.com/hyperspy/hyperspy,2019-11-14,11157.0,rank-3,685
Python,https://github.com/hyperspy/hyperspy,2019-11-15,11166.0,rank-3,685
Python,https://github.com/hyperspy/hyperspy,2019-11-17,11168.0,rank-3,685
Python,https://github.com/hyperspy/hyperspy,2019-11-18,11169.0,rank-3,685
Python,https://github.com/hyperspy/hyperspy,2019-11-20,11171.0,rank-3,685
Python,https://github.com/hyperspy/hyperspy,2019-11-21,11172.0,rank-3,685
Python,https://github.com/hyperspy/hyperspy,2019-11-22,11173.0,rank-3,685
Python,https://github.com/hyperspy/hyperspy,2019-11-23,11174.0,rank-3,685
Python,https://github.com/hyperspy/hyperspy,2019-11-25,11176.0,rank-3,685
Python,https://github.com/hyperspy/hyperspy,2019-11-26,11180.0,rank-3,685
Python,https://github.com/hyperspy/hyperspy,2019-11-27,11184.0,rank-3,685
Python,https://github.com/hyperspy/hyperspy,2019-11-28,11185.0,rank-3,685
Python,https://github.com/hyperspy/hyperspy,2019-11-29,11191.0,rank-3,685
Python,https://github.com/hyperspy/hyperspy,2019-11-30,11192.0,rank-3,685
Python,https://github.com/hyperspy/hyperspy,2019-12-01,11193.0,rank-3,685
Python,https://github.com/hyperspy/hyperspy,2019-12-02,11194.0,rank-3,685
Python,https://github.com/hyperspy/hyperspy,2019-12-04,11200.0,rank-3,685
Python,https://github.com/hyperspy/hyperspy,2019-12-06,11209.0,rank-3,685
Python,https://github.com/hyperspy/hyperspy,2019-12-07,11210.0,rank-3,685
Python,https://github.com/hyperspy/hyperspy,2019-12-08,11211.0,rank-3,685
Python,https://github.com/hyperspy/hyperspy,2019-12-09,11218.0,rank-3,685
Python,https://github.com/hyperspy/hyperspy,2019-12-10,11220.0,rank-3,685
Python,https://github.com/hyperspy/hyperspy,2019-12-12,11230.0,rank-3,685
Python,https://github.com/hyperspy/hyperspy,2019-12-13,11233.0,rank-3,685
Python,https://github.com/hyperspy/hyperspy,2019-12-15,11234.0,rank-3,685
Python,https://github.com/hyperspy/hyperspy,2019-12-18,11237.0,rank-3,685
Python,https://github.com/hyperspy/hyperspy,2019-12-19,11239.0,rank-3,685
Python,https://github.com/hyperspy/hyperspy,2019-12-20,11241.0,rank-3,685
Python,https://github.com/hyperspy/hyperspy,2019-12-21,11243.0,rank-3,685
Python,https://github.com/hyperspy/hyperspy,2020-01-02,11255.0,rank-3,685
Python,https://github.com/hyperspy/hyperspy,2020-01-03,11265.0,rank-3,685
Python,https://github.com/hyperspy/hyperspy,2020-01-04,11266.0,rank-3,685
Python,https://github.com/hyperspy/hyperspy,2020-01-05,11268.0,rank-3,685
Python,https://github.com/hyperspy/hyperspy,2020-01-06,11273.0,rank-3,685
Python,https://github.com/hyperspy/hyperspy,2020-01-07,11282.0,rank-3,685
Python,https://github.com/hyperspy/hyperspy,2020-01-08,11297.0,rank-3,685
Python,https://github.com/hyperspy/hyperspy,2020-01-09,11306.0,rank-3,685
Python,https://github.com/hyperspy/hyperspy,2020-01-11,11307.0,rank-3,685
Python,https://github.com/hyperspy/hyperspy,2020-01-12,11309.0,rank-3,685
Python,https://github.com/hyperspy/hyperspy,2020-01-13,11314.0,rank-3,685
Python,https://github.com/hyperspy/hyperspy,2020-01-14,11317.0,rank-3,685
Python,https://github.com/hyperspy/hyperspy,2020-01-15,11323.0,rank-3,685
Python,https://github.com/hyperspy/hyperspy,2020-01-16,11343.0,rank-3,685
Python,https://github.com/hyperspy/hyperspy,2020-01-17,11348.0,rank-3,685
Python,https://github.com/hyperspy/hyperspy,2020-01-18,11349.0,rank-3,685
Python,https://github.com/hyperspy/hyperspy,2020-01-19,11361.0,rank-3,685
Python,https://github.com/hyperspy/hyperspy,2020-01-20,11367.0,rank-3,685
Python,https://github.com/hyperspy/hyperspy,2020-01-21,11370.0,rank-3,685
Python,https://github.com/hyperspy/hyperspy,2020-01-23,11374.0,rank-3,685
Python,https://github.com/hyperspy/hyperspy,2020-01-24,11378.0,rank-3,685
Python,https://github.com/hyperspy/hyperspy,2020-01-25,11389.0,rank-3,685
Python,https://github.com/hyperspy/hyperspy,2020-01-27,11398.0,rank-3,685
Python,https://github.com/hyperspy/hyperspy,2020-01-28,11401.0,rank-3,685
Python,https://github.com/hyperspy/hyperspy,2020-01-29,11407.0,rank-3,685
Python,https://github.com/hyperspy/hyperspy,2020-02-01,11408.0,rank-3,685
Python,https://github.com/hyperspy/hyperspy,2020-02-02,11415.0,rank-3,685
Python,https://github.com/hyperspy/hyperspy,2020-02-03,11419.0,rank-3,685
Python,https://github.com/hyperspy/hyperspy,2020-02-04,11425.0,rank-3,685
Python,https://github.com/hyperspy/hyperspy,2020-02-05,11431.0,rank-3,685
Python,https://github.com/hyperspy/hyperspy,2020-02-06,11436.0,rank-3,685
Python,https://github.com/hyperspy/hyperspy,2020-02-08,11438.0,rank-3,685
Python,https://github.com/hyperspy/hyperspy,2020-02-13,11440.0,rank-3,685
Python,https://github.com/hyperspy/hyperspy,2020-02-14,11441.0,rank-3,685
Python,https://github.com/hyperspy/hyperspy,2020-02-17,11442.0,rank-3,685
Python,https://github.com/hyperspy/hyperspy,2020-02-21,11444.0,rank-3,685
Python,https://github.com/hyperspy/hyperspy,2020-02-22,11446.0,rank-3,685
Python,https://github.com/hyperspy/hyperspy,2020-02-23,11449.0,rank-3,685
Python,https://github.com/hyperspy/hyperspy,2020-02-25,11453.0,rank-3,685
Python,https://github.com/hyperspy/hyperspy,2020-02-26,11455.0,rank-3,685
Python,https://github.com/hyperspy/hyperspy,2020-02-27,11462.0,rank-3,685
Python,https://github.com/hyperspy/hyperspy,2020-02-29,11465.0,rank-3,685
Python,https://github.com/hyperspy/hyperspy,2020-03-02,11468.0,rank-3,685
Python,https://github.com/hyperspy/hyperspy,2020-03-03,11471.0,rank-3,685
Python,https://github.com/hyperspy/hyperspy,2020-03-04,11477.0,rank-3,685
Python,https://github.com/hyperspy/hyperspy,2020-03-05,11479.0,rank-3,685
Python,https://github.com/hyperspy/hyperspy,2020-03-07,11480.0,rank-3,685
Python,https://github.com/hyperspy/hyperspy,2020-03-09,11481.0,rank-3,685
Python,https://github.com/hyperspy/hyperspy,2020-03-12,11484.0,rank-3,685
Python,https://github.com/hyperspy/hyperspy,2020-03-13,11485.0,rank-3,685
Python,https://github.com/hyperspy/hyperspy,2020-03-16,11487.0,rank-3,685
Python,https://github.com/hyperspy/hyperspy,2020-03-17,11488.0,rank-3,685
Python,https://github.com/hyperspy/hyperspy,2020-03-18,11492.0,rank-3,685
Python,https://github.com/hyperspy/hyperspy,2020-03-20,11493.0,rank-3,685
Python,https://github.com/hyperspy/hyperspy,2020-03-22,11495.0,rank-3,685
Python,https://github.com/hyperspy/hyperspy,2020-03-23,11497.0,rank-3,685
Python,https://github.com/hyperspy/hyperspy,2020-03-24,11499.0,rank-3,685
Python,https://github.com/hyperspy/hyperspy,2020-03-31,11504.0,rank-3,685
Python,https://github.com/hyperspy/hyperspy,2020-04-01,11523.0,rank-3,685
Python,https://github.com/hyperspy/hyperspy,2020-04-02,11544.0,rank-3,685
Python,https://github.com/hyperspy/hyperspy,2020-04-03,11558.0,rank-3,685
Python,https://github.com/hyperspy/hyperspy,2020-04-04,11561.0,rank-3,685
Python,https://github.com/hyperspy/hyperspy,2020-04-05,11564.0,rank-3,685
Python,https://github.com/hyperspy/hyperspy,2020-04-06,11574.0,rank-3,685
Python,https://github.com/hyperspy/hyperspy,2020-04-07,11579.0,rank-3,685
Python,https://github.com/hyperspy/hyperspy,2020-04-08,11593.0,rank-3,685
Python,https://github.com/hyperspy/hyperspy,2020-04-09,11603.0,rank-3,685
Python,https://github.com/hyperspy/hyperspy,2020-04-10,11604.0,rank-3,685
Python,https://github.com/hyperspy/hyperspy,2020-04-13,11611.0,rank-3,685
Python,https://github.com/hyperspy/hyperspy,2020-04-14,11619.0,rank-3,685
Python,https://github.com/hyperspy/hyperspy,2020-04-15,11638.0,rank-3,685
Python,https://github.com/hyperspy/hyperspy,2020-04-16,11645.0,rank-3,685
Python,https://github.com/hyperspy/hyperspy,2020-04-18,11650.0,rank-3,685
Python,https://github.com/hyperspy/hyperspy,2020-04-19,11653.0,rank-3,685
Python,https://github.com/hyperspy/hyperspy,2020-04-20,11678.0,rank-3,685
Python,https://github.com/hyperspy/hyperspy,2020-04-21,11694.0,rank-3,685
Python,https://github.com/hyperspy/hyperspy,2020-04-22,11699.0,rank-3,685
Python,https://github.com/hyperspy/hyperspy,2020-04-23,11703.0,rank-3,685
Python,https://github.com/hyperspy/hyperspy,2020-04-24,11734.0,rank-3,685
Python,https://github.com/hyperspy/hyperspy,2020-04-25,11736.0,rank-3,685
Python,https://github.com/hyperspy/hyperspy,2020-04-26,11745.0,rank-3,685
Python,https://github.com/hyperspy/hyperspy,2020-04-27,11757.0,rank-3,685
Python,https://github.com/hyperspy/hyperspy,2020-04-28,11766.0,rank-3,685
Python,https://github.com/hyperspy/hyperspy,2020-04-29,11772.0,rank-3,685
Python,https://github.com/hyperspy/hyperspy,2020-04-30,11783.0,rank-3,685
Python,https://github.com/hyperspy/hyperspy,2020-05-01,11786.0,rank-3,685
Python,https://github.com/hyperspy/hyperspy,2020-05-02,11787.0,rank-3,685
Python,https://github.com/hyperspy/hyperspy,2020-05-04,11788.0,rank-3,685
Python,https://github.com/hyperspy/hyperspy,2020-05-05,11799.0,rank-3,685
Python,https://github.com/hyperspy/hyperspy,2020-05-06,11814.0,rank-3,685
Python,https://github.com/hyperspy/hyperspy,2020-05-07,11816.0,rank-3,685
Python,https://github.com/hyperspy/hyperspy,2020-05-08,11823.0,rank-3,685
Python,https://github.com/hyperspy/hyperspy,2020-05-09,11825.0,rank-3,685
Python,https://github.com/hyperspy/hyperspy,2020-05-11,11828.0,rank-3,685
Python,https://github.com/hyperspy/hyperspy,2020-05-12,11841.0,rank-3,685
Python,https://github.com/hyperspy/hyperspy,2020-05-13,11846.0,rank-3,685
Python,https://github.com/hyperspy/hyperspy,2020-05-14,11856.0,rank-3,685
Python,https://github.com/hyperspy/hyperspy,2020-05-15,11866.0,rank-3,685
Python,https://github.com/hyperspy/hyperspy,2020-05-16,11872.0,rank-3,685
Python,https://github.com/hyperspy/hyperspy,2020-05-17,11881.0,rank-3,685
Python,https://github.com/hyperspy/hyperspy,2020-05-18,11891.0,rank-3,685
Python,https://github.com/hyperspy/hyperspy,2020-05-19,11898.0,rank-3,685
Python,https://github.com/hyperspy/hyperspy,2020-05-20,11900.0,rank-3,685
Python,https://github.com/hyperspy/hyperspy,2020-05-21,11901.0,rank-3,685
Python,https://github.com/hyperspy/hyperspy,2020-05-22,11902.0,rank-3,685
Python,https://github.com/hyperspy/hyperspy,2020-05-24,11911.0,rank-3,685
Python,https://github.com/hyperspy/hyperspy,2020-05-25,11921.0,rank-3,685
Python,https://github.com/hyperspy/hyperspy,2020-05-26,11928.0,rank-3,685
Python,https://github.com/hyperspy/hyperspy,2020-05-27,11939.0,rank-3,685
Python,https://github.com/hyperspy/hyperspy,2020-05-28,11952.0,rank-3,685
Python,https://github.com/hyperspy/hyperspy,2020-05-29,11960.0,rank-3,685
Python,https://github.com/hyperspy/hyperspy,2020-05-30,11961.0,rank-3,685
Python,https://github.com/hyperspy/hyperspy,2020-05-31,11975.0,rank-3,685
Python,https://github.com/hyperspy/hyperspy,2020-06-01,11978.0,rank-3,685
Python,https://github.com/hyperspy/hyperspy,2020-06-02,11984.0,rank-3,685
Python,https://github.com/hyperspy/hyperspy,2020-06-03,11987.0,rank-3,685
Python,https://github.com/hyperspy/hyperspy,2020-06-04,11990.0,rank-3,685
Python,https://github.com/hyperspy/hyperspy,2020-06-05,12002.0,rank-3,685
Python,https://github.com/hyperspy/hyperspy,2020-06-06,12007.0,rank-3,685
Python,https://github.com/hyperspy/hyperspy,2020-06-07,12013.0,rank-3,685
Python,https://github.com/hyperspy/hyperspy,2020-06-08,12025.0,rank-3,685
Python,https://github.com/hyperspy/hyperspy,2020-06-09,12031.0,rank-3,685
Python,https://github.com/hyperspy/hyperspy,2020-06-10,12037.0,rank-3,685
Python,https://github.com/hyperspy/hyperspy,2020-06-11,12045.0,rank-3,685
Python,https://github.com/hyperspy/hyperspy,2020-06-12,12049.0,rank-3,685
Python,https://github.com/hyperspy/hyperspy,2020-06-13,12052.0,rank-3,685
Python,https://github.com/hyperspy/hyperspy,2020-06-14,12054.0,rank-3,685
Python,https://github.com/hyperspy/hyperspy,2020-06-15,12057.0,rank-3,685
Python,https://github.com/hyperspy/hyperspy,2020-06-16,12060.0,rank-3,685
Python,https://github.com/hyperspy/hyperspy,2020-06-17,12062.0,rank-3,685
Python,https://github.com/hyperspy/hyperspy,2020-06-18,12067.0,rank-3,685
Python,https://github.com/hyperspy/hyperspy,2020-06-19,12074.0,rank-3,685
Python,https://github.com/hyperspy/hyperspy,2020-06-20,12075.0,rank-3,685
Python,https://github.com/hyperspy/hyperspy,2020-06-22,12083.0,rank-3,685
Python,https://github.com/hyperspy/hyperspy,2020-06-23,12090.0,rank-3,685
Python,https://github.com/hyperspy/hyperspy,2020-06-24,12092.0,rank-3,685
Python,https://github.com/hyperspy/hyperspy,2020-06-25,12101.0,rank-3,685
Python,https://github.com/hyperspy/hyperspy,2020-06-26,12102.0,rank-3,685
Python,https://github.com/hyperspy/hyperspy,2020-06-29,12108.0,rank-3,685
Python,https://github.com/hyperspy/hyperspy,2020-06-30,12109.0,rank-3,685
Python,https://github.com/hyperspy/hyperspy,2020-07-01,12117.0,rank-3,685
Python,https://github.com/hyperspy/hyperspy,2020-07-02,12120.0,rank-3,685
Python,https://github.com/hyperspy/hyperspy,2020-07-05,12127.0,rank-3,685
Python,https://github.com/hyperspy/hyperspy,2020-07-06,12131.0,rank-3,685
Python,https://github.com/hyperspy/hyperspy,2020-07-07,12132.0,rank-3,685
Python,https://github.com/hyperspy/hyperspy,2020-07-10,12145.0,rank-3,685
Python,https://github.com/hyperspy/hyperspy,2020-07-11,12148.0,rank-3,685
Python,https://github.com/hyperspy/hyperspy,2020-07-13,12152.0,rank-3,685
Python,https://github.com/hyperspy/hyperspy,2020-07-15,12155.0,rank-3,685
Python,https://github.com/hyperspy/hyperspy,2020-07-16,12156.0,rank-3,685
Python,https://github.com/hyperspy/hyperspy,2020-07-17,12157.0,rank-3,685
Python,https://github.com/hyperspy/hyperspy,2020-07-18,12165.0,rank-3,685
Python,https://github.com/hyperspy/hyperspy,2020-07-19,12167.0,rank-3,685
Python,https://github.com/hyperspy/hyperspy,2020-07-21,12180.0,rank-3,685
Python,https://github.com/hyperspy/hyperspy,2020-07-22,12186.0,rank-3,685
Python,https://github.com/hyperspy/hyperspy,2020-07-23,12192.0,rank-3,685
Python,https://github.com/hyperspy/hyperspy,2020-07-24,12193.0,rank-3,685
Python,https://github.com/hyperspy/hyperspy,2020-07-25,12196.0,rank-3,685
Python,https://github.com/hyperspy/hyperspy,2020-07-26,12197.0,rank-3,685
Python,https://github.com/hyperspy/hyperspy,2020-07-27,12213.0,rank-3,685
Python,https://github.com/hyperspy/hyperspy,2020-07-28,12229.0,rank-3,685
Python,https://github.com/hyperspy/hyperspy,2020-07-29,12237.0,rank-3,685
Python,https://github.com/hyperspy/hyperspy,2020-07-30,12266.0,rank-3,685
Python,https://github.com/hyperspy/hyperspy,2020-07-31,12292.0,rank-3,685
Python,https://github.com/hyperspy/hyperspy,2020-08-01,12298.0,rank-3,685
Python,https://github.com/hyperspy/hyperspy,2020-08-02,12309.0,rank-3,685
Python,https://github.com/hyperspy/hyperspy,2020-08-03,12345.0,rank-3,685
Python,https://github.com/hyperspy/hyperspy,2020-08-04,12400.0,rank-3,685
Python,https://github.com/hyperspy/hyperspy,2020-08-05,12427.0,rank-3,685
Python,https://github.com/hyperspy/hyperspy,2020-08-06,12444.0,rank-3,685
Python,https://github.com/hyperspy/hyperspy,2020-08-10,12447.0,rank-3,685
Python,https://github.com/hyperspy/hyperspy,2020-08-11,12448.0,rank-3,685
Python,https://github.com/hyperspy/hyperspy,2020-08-13,12451.0,rank-3,685
Python,https://github.com/hyperspy/hyperspy,2020-08-14,12452.0,rank-3,685
Python,https://github.com/hyperspy/hyperspy,2020-08-15,12455.0,rank-3,685
Python,https://github.com/hyperspy/hyperspy,2020-08-16,12459.0,rank-3,685
Python,https://github.com/hyperspy/hyperspy,2020-08-18,12461.0,rank-3,685
Python,https://github.com/hyperspy/hyperspy,2020-08-19,12465.0,rank-3,685
Python,https://github.com/hyperspy/hyperspy,2020-08-21,12472.0,rank-3,685
Python,https://github.com/hyperspy/hyperspy,2020-08-22,12476.0,rank-3,685
Python,https://github.com/hyperspy/hyperspy,2020-08-23,12481.0,rank-3,685
Python,https://github.com/hyperspy/hyperspy,2020-08-24,12495.0,rank-3,685
Python,https://github.com/hyperspy/hyperspy,2020-08-25,12510.0,rank-3,685
Python,https://github.com/hyperspy/hyperspy,2020-08-26,12525.0,rank-3,685
Python,https://github.com/hyperspy/hyperspy,2020-08-27,12528.0,rank-3,685
Python,https://github.com/hyperspy/hyperspy,2020-08-29,12531.0,rank-3,685
Python,https://github.com/hyperspy/hyperspy,2020-08-30,12542.0,rank-3,685
Python,https://github.com/hyperspy/hyperspy,2020-08-31,12562.0,rank-3,685
Python,https://github.com/hyperspy/hyperspy,2020-09-01,12581.0,rank-3,685
Python,https://github.com/hyperspy/hyperspy,2020-09-02,12599.0,rank-3,685
Python,https://github.com/hyperspy/hyperspy,2020-09-03,12604.0,rank-3,685
Python,https://github.com/hyperspy/hyperspy,2020-09-04,12607.0,rank-3,685
Python,https://github.com/hyperspy/hyperspy,2020-09-07,12610.0,rank-3,685
Python,https://github.com/hyperspy/hyperspy,2020-09-08,12636.0,rank-3,685
Python,https://github.com/hyperspy/hyperspy,2020-09-09,12650.0,rank-3,685
Python,https://github.com/hyperspy/hyperspy,2020-09-10,12660.0,rank-3,685
Python,https://github.com/hyperspy/hyperspy,2020-09-11,12667.0,rank-3,685
Python,https://github.com/hyperspy/hyperspy,2020-09-12,12669.0,rank-3,685
Python,https://github.com/hyperspy/hyperspy,2020-09-13,12671.0,rank-3,685
Python,https://github.com/hyperspy/hyperspy,2020-09-19,12674.0,rank-3,685
Python,https://github.com/hyperspy/hyperspy,2020-09-20,12680.0,rank-3,685
Python,https://github.com/hyperspy/hyperspy,2020-09-22,12682.0,rank-3,685
Python,https://github.com/hyperspy/hyperspy,2020-09-23,12683.0,rank-3,685
Python,https://github.com/hyperspy/hyperspy,2020-09-24,12687.0,rank-3,685
Python,https://github.com/hyperspy/hyperspy,2020-09-26,12688.0,rank-3,685
Python,https://github.com/hyperspy/hyperspy,2020-09-27,12690.0,rank-3,685
Python,https://github.com/hyperspy/hyperspy,2020-09-28,12691.0,rank-3,685
Python,https://github.com/hyperspy/hyperspy,2020-09-30,12693.0,rank-3,685
Python,https://github.com/hyperspy/hyperspy,2020-10-01,12695.0,rank-3,685
Python,https://github.com/hyperspy/hyperspy,2020-10-02,12696.0,rank-3,685
Python,https://github.com/hyperspy/hyperspy,2020-10-04,12699.0,rank-3,685
Python,https://github.com/hyperspy/hyperspy,2020-10-14,12703.0,rank-3,685
Python,https://github.com/hyperspy/hyperspy,2020-10-15,12705.0,rank-3,685
Python,https://github.com/hyperspy/hyperspy,2020-10-16,12710.0,rank-3,685
Python,https://github.com/hyperspy/hyperspy,2020-10-17,12713.0,rank-3,685
Python,https://github.com/hyperspy/hyperspy,2020-10-18,12718.0,rank-3,685
Python,https://github.com/hyperspy/hyperspy,2020-10-19,12722.0,rank-3,685
Python,https://github.com/hyperspy/hyperspy,2020-10-23,12723.0,rank-3,685
Python,https://github.com/hyperspy/hyperspy,2020-10-24,12724.0,rank-3,685
Python,https://github.com/hyperspy/hyperspy,2020-10-25,12728.0,rank-3,685
Python,https://github.com/hyperspy/hyperspy,2020-10-26,12730.0,rank-3,685
Python,https://github.com/hyperspy/hyperspy,2020-10-27,12732.0,rank-3,685
Python,https://github.com/hyperspy/hyperspy,2020-10-29,12735.0,rank-3,685
Python,https://github.com/hyperspy/hyperspy,2020-10-30,12738.0,rank-3,685
Python,https://github.com/hyperspy/hyperspy,2020-10-31,12746.0,rank-3,685
Python,https://github.com/hyperspy/hyperspy,2020-11-01,12748.0,rank-3,685
Python,https://github.com/hyperspy/hyperspy,2020-11-02,12752.0,rank-3,685
Python,https://github.com/hyperspy/hyperspy,2020-11-03,12758.0,rank-3,685
Python,https://github.com/hyperspy/hyperspy,2020-11-04,12761.0,rank-3,685
Python,https://github.com/hyperspy/hyperspy,2020-11-05,12771.0,rank-3,685
Python,https://github.com/hyperspy/hyperspy,2020-11-06,12774.0,rank-3,685
Python,https://github.com/hyperspy/hyperspy,2020-11-07,12780.0,rank-3,685
Python,https://github.com/hyperspy/hyperspy,2020-11-08,12787.0,rank-3,685
Python,https://github.com/hyperspy/hyperspy,2020-11-09,12791.0,rank-3,685
Python,https://github.com/hyperspy/hyperspy,2020-11-11,12794.0,rank-3,685
Python,https://github.com/hyperspy/hyperspy,2020-11-12,12796.0,rank-3,685
Python,https://github.com/hyperspy/hyperspy,2020-11-13,12800.0,rank-3,685
Python,https://github.com/hyperspy/hyperspy,2020-11-14,12802.0,rank-3,685
Python,https://github.com/hyperspy/hyperspy,2020-11-16,12807.0,rank-3,685
Python,https://github.com/hyperspy/hyperspy,2020-11-19,12808.0,rank-3,685
Python,https://github.com/hyperspy/hyperspy,2020-11-20,12817.0,rank-3,685
Python,https://github.com/hyperspy/hyperspy,2020-11-22,12818.0,rank-3,685
Python,https://github.com/hyperspy/hyperspy,2020-11-23,12820.0,rank-3,685
Python,https://github.com/hyperspy/hyperspy,2020-11-24,12829.0,rank-3,685
Python,https://github.com/hyperspy/hyperspy,2020-11-25,12836.0,rank-3,685
Python,https://github.com/hyperspy/hyperspy,2020-11-26,12838.0,rank-3,685
Python,https://github.com/hyperspy/hyperspy,2020-11-27,12841.0,rank-3,685
Python,https://github.com/hyperspy/hyperspy,2020-11-28,12861.0,rank-3,685
Python,https://github.com/hyperspy/hyperspy,2020-11-29,12862.0,rank-3,685
Python,https://github.com/hyperspy/hyperspy,2020-11-30,12870.0,rank-3,685
Python,https://github.com/hyperspy/hyperspy,2020-12-01,12877.0,rank-3,685
Python,https://github.com/hyperspy/hyperspy,2020-12-02,12879.0,rank-3,685
Python,https://github.com/hyperspy/hyperspy,2020-12-03,12884.0,rank-3,685
Python,https://github.com/hyperspy/hyperspy,2020-12-04,12885.0,rank-3,685
Python,https://github.com/hyperspy/hyperspy,2020-12-06,12888.0,rank-3,685
Python,https://github.com/hyperspy/hyperspy,2020-12-14,12889.0,rank-3,685
Python,https://github.com/hyperspy/hyperspy,2020-12-15,12894.0,rank-3,685
Python,https://github.com/hyperspy/hyperspy,2020-12-16,12897.0,rank-3,685
Python,https://github.com/hyperspy/hyperspy,2020-12-17,12904.0,rank-3,685
Python,https://github.com/hyperspy/hyperspy,2020-12-18,12906.0,rank-3,685
Python,https://github.com/hyperspy/hyperspy,2020-12-19,12907.0,rank-3,685
Python,https://github.com/hyperspy/hyperspy,2020-12-21,12912.0,rank-3,685
Python,https://github.com/hyperspy/hyperspy,2020-12-22,12913.0,rank-3,685
Python,https://github.com/hyperspy/hyperspy,2020-12-23,12918.0,rank-3,685
Python,https://github.com/hyperspy/hyperspy,2020-12-24,12921.0,rank-3,685
Python,https://github.com/hyperspy/hyperspy,2020-12-26,12924.0,rank-3,685
Python,https://github.com/hyperspy/hyperspy,2020-12-27,12933.0,rank-3,685
Python,https://github.com/hyperspy/hyperspy,2020-12-28,12938.0,rank-3,685
Python,https://github.com/hyperspy/hyperspy,2020-12-30,12939.0,rank-3,685
Python,https://github.com/hyperspy/hyperspy,2020-12-31,12940.0,rank-3,685
Python,https://github.com/hyperspy/hyperspy,2021-01-03,12941.0,rank-3,685
Python,https://github.com/hyperspy/hyperspy,2021-01-04,12944.0,rank-3,685
Python,https://github.com/hyperspy/hyperspy,2021-01-05,12947.0,rank-3,685
Python,https://github.com/hyperspy/hyperspy,2021-01-06,12950.0,rank-3,685
Python,https://github.com/hyperspy/hyperspy,2021-01-09,12952.0,rank-3,685
Python,https://github.com/hyperspy/hyperspy,2021-01-11,12953.0,rank-3,685
Python,https://github.com/hyperspy/hyperspy,2021-01-12,12955.0,rank-3,685
Python,https://github.com/hyperspy/hyperspy,2021-01-13,12956.0,rank-3,685
Python,https://github.com/hyperspy/hyperspy,2021-01-14,12964.0,rank-3,685
Python,https://github.com/hyperspy/hyperspy,2021-01-15,12974.0,rank-3,685
Python,https://github.com/hyperspy/hyperspy,2021-01-16,12975.0,rank-3,685
Python,https://github.com/hyperspy/hyperspy,2021-01-17,12977.0,rank-3,685
Python,https://github.com/hyperspy/hyperspy,2021-01-18,12981.0,rank-3,685
Python,https://github.com/hyperspy/hyperspy,2021-01-19,12986.0,rank-3,685
Python,https://github.com/hyperspy/hyperspy,2021-01-20,12987.0,rank-3,685
Python,https://github.com/hyperspy/hyperspy,2021-01-21,12988.0,rank-3,685
Python,https://github.com/hyperspy/hyperspy,2021-01-22,12990.0,rank-3,685
Python,https://github.com/hyperspy/hyperspy,2021-01-24,12998.0,rank-3,685
Python,https://github.com/hyperspy/hyperspy,2021-01-25,12999.0,rank-3,685
Python,https://github.com/hyperspy/hyperspy,2021-01-26,13004.0,rank-3,685
Python,https://github.com/hyperspy/hyperspy,2021-01-27,13010.0,rank-3,685
Python,https://github.com/hyperspy/hyperspy,2021-01-28,13013.0,rank-3,685
Python,https://github.com/hyperspy/hyperspy,2021-01-29,13029.0,rank-3,685
Python,https://github.com/hyperspy/hyperspy,2021-01-30,13041.0,rank-3,685
Python,https://github.com/hyperspy/hyperspy,2021-01-31,13061.0,rank-3,685
Python,https://github.com/hyperspy/hyperspy,2021-02-01,13071.0,rank-3,685
Python,https://github.com/hyperspy/hyperspy,2021-02-02,13084.0,rank-3,685
Python,https://github.com/hyperspy/hyperspy,2021-02-03,13087.0,rank-3,685
Python,https://github.com/hyperspy/hyperspy,2021-02-04,13089.0,rank-3,685
Python,https://github.com/hyperspy/hyperspy,2021-02-05,13092.0,rank-3,685
Python,https://github.com/hyperspy/hyperspy,2021-02-09,13098.0,rank-3,685
Python,https://github.com/hyperspy/hyperspy,2021-02-10,13100.0,rank-3,685
Python,https://github.com/hyperspy/hyperspy,2021-02-11,13104.0,rank-3,685
Python,https://github.com/hyperspy/hyperspy,2021-02-12,13105.0,rank-3,685
Python,https://github.com/hyperspy/hyperspy,2021-02-13,13112.0,rank-3,685
Python,https://github.com/hyperspy/hyperspy,2021-02-14,13119.0,rank-3,685
Python,https://github.com/hyperspy/hyperspy,2021-02-15,13120.0,rank-3,685
Python,https://github.com/hyperspy/hyperspy,2021-02-16,13128.0,rank-3,685
Python,https://github.com/hyperspy/hyperspy,2021-02-17,13132.0,rank-3,685
Python,https://github.com/hyperspy/hyperspy,2021-02-21,13133.0,rank-3,685
Python,https://github.com/hyperspy/hyperspy,2021-02-25,13136.0,rank-3,685
Python,https://github.com/hyperspy/hyperspy,2021-02-27,13144.0,rank-3,685
Python,https://github.com/hyperspy/hyperspy,2021-02-28,13145.0,rank-3,685
Python,https://github.com/hyperspy/hyperspy,2021-03-01,13150.0,rank-3,685
Python,https://github.com/hyperspy/hyperspy,2021-03-02,13155.0,rank-3,685
Python,https://github.com/hyperspy/hyperspy,2021-03-03,13164.0,rank-3,685
Python,https://github.com/hyperspy/hyperspy,2021-03-04,13172.0,rank-3,685
Python,https://github.com/hyperspy/hyperspy,2021-03-05,13175.0,rank-3,685
Python,https://github.com/hyperspy/hyperspy,2021-03-06,13178.0,rank-3,685
Python,https://github.com/hyperspy/hyperspy,2021-03-07,13190.0,rank-3,685
Python,https://github.com/hyperspy/hyperspy,2021-03-08,13198.0,rank-3,685
Python,https://github.com/hyperspy/hyperspy,2021-03-09,13225.0,rank-3,685
Python,https://github.com/hyperspy/hyperspy,2021-03-10,13233.0,rank-3,685
Python,https://github.com/hyperspy/hyperspy,2021-03-11,13237.0,rank-3,685
Python,https://github.com/hyperspy/hyperspy,2021-03-12,13243.0,rank-3,685
Python,https://github.com/hyperspy/hyperspy,2021-03-13,13252.0,rank-3,685
Python,https://github.com/hyperspy/hyperspy,2021-03-14,13255.0,rank-3,685
Python,https://github.com/hyperspy/hyperspy,2021-03-15,13264.0,rank-3,685
Python,https://github.com/hyperspy/hyperspy,2021-03-16,13281.0,rank-3,685
Python,https://github.com/hyperspy/hyperspy,2021-03-17,13295.0,rank-3,685
Python,https://github.com/hyperspy/hyperspy,2021-03-18,13303.0,rank-3,685
Python,https://github.com/hyperspy/hyperspy,2021-03-20,13307.0,rank-3,685
Python,https://github.com/hyperspy/hyperspy,2021-03-22,13321.0,rank-3,685
Python,https://github.com/hyperspy/hyperspy,2021-03-23,13322.0,rank-3,685
Python,https://github.com/hyperspy/hyperspy,2021-03-24,13326.0,rank-3,685
Python,https://github.com/hyperspy/hyperspy,2021-03-25,13328.0,rank-3,685
Python,https://github.com/hyperspy/hyperspy,2021-03-26,13333.0,rank-3,685
Python,https://github.com/hyperspy/hyperspy,2021-03-27,13337.0,rank-3,685
Python,https://github.com/hyperspy/hyperspy,2021-03-28,13346.0,rank-3,685
Python,https://github.com/hyperspy/hyperspy,2021-03-29,13351.0,rank-3,685
Python,https://github.com/hyperspy/hyperspy,2021-03-30,13352.0,rank-3,685
Python,https://github.com/hyperspy/hyperspy,2021-03-31,13354.0,rank-3,685
Python,https://github.com/hyperspy/hyperspy,2021-04-01,13363.0,rank-3,685
Python,https://github.com/hyperspy/hyperspy,2021-04-02,13365.0,rank-3,685
Python,https://github.com/hyperspy/hyperspy,2021-04-05,13368.0,rank-3,685
Python,https://github.com/hyperspy/hyperspy,2021-04-06,13370.0,rank-3,685
Python,https://github.com/hyperspy/hyperspy,2021-04-07,13381.0,rank-3,685
Python,https://github.com/hyperspy/hyperspy,2021-04-08,13388.0,rank-3,685
Python,https://github.com/hyperspy/hyperspy,2021-04-09,13406.0,rank-3,685
Python,https://github.com/hyperspy/hyperspy,2021-04-11,13411.0,rank-3,685
Python,https://github.com/hyperspy/hyperspy,2021-04-12,13417.0,rank-3,685
Python,https://github.com/hyperspy/hyperspy,2021-04-13,13426.0,rank-3,685
Python,https://github.com/hyperspy/hyperspy,2021-04-14,13429.0,rank-3,685
Python,https://github.com/hyperspy/hyperspy,2021-04-15,13433.0,rank-3,685
Python,https://github.com/hyperspy/hyperspy,2021-04-20,13437.0,rank-3,685
Python,https://github.com/hyperspy/hyperspy,2021-04-21,13445.0,rank-3,685
Python,https://github.com/hyperspy/hyperspy,2021-04-23,13446.0,rank-3,685
Python,https://github.com/hyperspy/hyperspy,2021-04-24,13448.0,rank-3,685
Python,https://github.com/hyperspy/hyperspy,2021-04-26,13451.0,rank-3,685
Python,https://github.com/hyperspy/hyperspy,2021-04-27,13465.0,rank-3,685
Python,https://github.com/hyperspy/hyperspy,2021-04-28,13467.0,rank-3,685
Python,https://github.com/hyperspy/hyperspy,2021-04-29,13471.0,rank-3,685
Python,https://github.com/hyperspy/hyperspy,2021-04-30,13474.0,rank-3,685
Python,https://github.com/hyperspy/hyperspy,2021-05-02,13480.0,rank-3,685
Python,https://github.com/hyperspy/hyperspy,2021-05-03,13488.0,rank-3,685
Python,https://github.com/hyperspy/hyperspy,2021-05-04,13494.0,rank-3,685
Python,https://github.com/hyperspy/hyperspy,2021-05-05,13504.0,rank-3,685
Python,https://github.com/hyperspy/hyperspy,2021-05-06,13508.0,rank-3,685
Python,https://github.com/hyperspy/hyperspy,2021-05-07,13511.0,rank-3,685
Python,https://github.com/hyperspy/hyperspy,2021-05-09,13514.0,rank-3,685
Python,https://github.com/hyperspy/hyperspy,2021-05-10,13517.0,rank-3,685
Python,https://github.com/hyperspy/hyperspy,2021-05-11,13521.0,rank-3,685
Python,https://github.com/hyperspy/hyperspy,2021-05-12,13522.0,rank-3,685
Python,https://github.com/hyperspy/hyperspy,2021-05-16,13529.0,rank-3,685
Python,https://github.com/hyperspy/hyperspy,2021-05-17,13531.0,rank-3,685
Python,https://github.com/hyperspy/hyperspy,2021-05-18,13536.0,rank-3,685
Python,https://github.com/hyperspy/hyperspy,2021-05-19,13548.0,rank-3,685
Python,https://github.com/hyperspy/hyperspy,2021-05-20,13557.0,rank-3,685
Python,https://github.com/hyperspy/hyperspy,2021-05-21,13558.0,rank-3,685
Python,https://github.com/hyperspy/hyperspy,2021-05-24,13559.0,rank-3,685
Python,https://github.com/hyperspy/hyperspy,2021-05-25,13566.0,rank-3,685
Python,https://github.com/hyperspy/hyperspy,2021-05-26,13569.0,rank-3,685
Python,https://github.com/hyperspy/hyperspy,2021-05-27,13576.0,rank-3,685
Python,https://github.com/hyperspy/hyperspy,2021-05-28,13577.0,rank-3,685
Python,https://github.com/hyperspy/hyperspy,2021-05-31,13579.0,rank-3,685
Python,https://github.com/hyperspy/hyperspy,2021-06-01,13588.0,rank-3,685
Python,https://github.com/hyperspy/hyperspy,2021-06-02,13597.0,rank-3,685
Python,https://github.com/hyperspy/hyperspy,2021-06-03,13621.0,rank-3,685
Python,https://github.com/hyperspy/hyperspy,2021-06-04,13623.0,rank-3,685
Python,https://github.com/hyperspy/hyperspy,2021-06-05,13624.0,rank-3,685
Python,https://github.com/hyperspy/hyperspy,2021-06-06,13631.0,rank-3,685
Python,https://github.com/hyperspy/hyperspy,2021-06-07,13633.0,rank-3,685
Python,https://github.com/hyperspy/hyperspy,2021-06-08,13637.0,rank-3,685
Python,https://github.com/hyperspy/hyperspy,2021-06-10,13648.0,rank-3,685
Python,https://github.com/hyperspy/hyperspy,2021-06-11,13651.0,rank-3,685
Python,https://github.com/hyperspy/hyperspy,2021-06-14,13653.0,rank-3,685
Python,https://github.com/hyperspy/hyperspy,2021-06-15,13654.0,rank-3,685
Python,https://github.com/hyperspy/hyperspy,2021-06-17,13656.0,rank-3,685
Python,https://github.com/hyperspy/hyperspy,2021-06-18,13659.0,rank-3,685
Python,https://github.com/hyperspy/hyperspy,2021-06-19,13660.0,rank-3,685
Python,https://github.com/hyperspy/hyperspy,2021-06-22,13661.0,rank-3,685
Python,https://github.com/hyperspy/hyperspy,2021-06-23,13663.0,rank-3,685
Python,https://github.com/hyperspy/hyperspy,2021-06-24,13672.0,rank-3,685
Python,https://github.com/hyperspy/hyperspy,2021-06-25,13677.0,rank-3,685
Python,https://github.com/hyperspy/hyperspy,2021-06-26,13678.0,rank-3,685
Python,https://github.com/hyperspy/hyperspy,2021-06-27,13679.0,rank-3,685
Python,https://github.com/hyperspy/hyperspy,2021-06-28,13684.0,rank-3,685
Python,https://github.com/hyperspy/hyperspy,2021-06-29,13689.0,rank-3,685
Python,https://github.com/hyperspy/hyperspy,2021-06-30,13694.0,rank-3,685
Python,https://github.com/hyperspy/hyperspy,2021-07-01,13699.0,rank-3,685
Python,https://github.com/hyperspy/hyperspy,2021-07-05,13702.0,rank-3,685
Python,https://github.com/hyperspy/hyperspy,2021-07-06,13707.0,rank-3,685
Python,https://github.com/hyperspy/hyperspy,2021-07-07,13712.0,rank-3,685
Python,https://github.com/hyperspy/hyperspy,2021-07-08,13728.0,rank-3,685
Python,https://github.com/hyperspy/hyperspy,2021-07-09,13729.0,rank-3,685
Python,https://github.com/hyperspy/hyperspy,2021-07-12,13733.0,rank-3,685
Python,https://github.com/hyperspy/hyperspy,2021-07-26,13734.0,rank-3,685
Python,https://github.com/hyperspy/hyperspy,2021-07-27,13741.0,rank-3,685
Python,https://github.com/hyperspy/hyperspy,2021-07-28,13746.0,rank-3,685
Python,https://github.com/hyperspy/hyperspy,2021-08-04,13747.0,rank-3,685
Python,https://github.com/hyperspy/hyperspy,2021-08-05,13749.0,rank-3,685
Python,https://github.com/hyperspy/hyperspy,2021-08-06,13755.0,rank-3,685
Python,https://github.com/hyperspy/hyperspy,2021-08-09,13756.0,rank-3,685
Python,https://github.com/hyperspy/hyperspy,2021-08-15,13759.0,rank-3,685
Python,https://github.com/hyperspy/hyperspy,2021-08-19,13761.0,rank-3,685
Python,https://github.com/hyperspy/hyperspy,2021-08-20,13762.0,rank-3,685
Python,https://github.com/hyperspy/hyperspy,2021-08-22,13764.0,rank-3,685
Python,https://github.com/hyperspy/hyperspy,2021-08-23,13767.0,rank-3,685
Python,https://github.com/hyperspy/hyperspy,2021-08-24,13770.0,rank-3,685
Python,https://github.com/hyperspy/hyperspy,2021-08-25,13776.0,rank-3,685
Python,https://github.com/hyperspy/hyperspy,2021-08-26,13777.0,rank-3,685
Python,https://github.com/hyperspy/hyperspy,2021-08-27,13778.0,rank-3,685
Python,https://github.com/hyperspy/hyperspy,2021-08-31,13779.0,rank-3,685
Python,https://github.com/hyperspy/hyperspy,2021-09-01,13781.0,rank-3,685
Python,https://github.com/hyperspy/hyperspy,2021-09-03,13785.0,rank-3,685
Python,https://github.com/hyperspy/hyperspy,2021-09-04,13789.0,rank-3,685
Python,https://github.com/hyperspy/hyperspy,2021-09-05,13795.0,rank-3,685
Python,https://github.com/hyperspy/hyperspy,2021-09-08,13800.0,rank-3,685
Python,https://github.com/hyperspy/hyperspy,2021-09-09,13808.0,rank-3,685
Python,https://github.com/hyperspy/hyperspy,2021-09-16,13817.0,rank-3,685
Python,https://github.com/hyperspy/hyperspy,2021-09-20,13818.0,rank-3,685
Python,https://github.com/hyperspy/hyperspy,2021-09-22,13821.0,rank-3,685
Python,https://github.com/hyperspy/hyperspy,2021-09-27,13826.0,rank-3,685
Python,https://github.com/hyperspy/hyperspy,2021-09-30,13827.0,rank-3,685
Python,https://github.com/hyperspy/hyperspy,2021-10-04,13835.0,rank-3,685
Python,https://github.com/hyperspy/hyperspy,2021-10-05,13845.0,rank-3,685
Python,https://github.com/hyperspy/hyperspy,2021-10-06,13851.0,rank-3,685
Python,https://github.com/hyperspy/hyperspy,2021-10-07,13865.0,rank-3,685
Python,https://github.com/hyperspy/hyperspy,2021-10-08,13866.0,rank-3,685
Python,https://github.com/hyperspy/hyperspy,2021-10-10,13869.0,rank-3,685
Python,https://github.com/hyperspy/hyperspy,2021-10-11,13871.0,rank-3,685
Python,https://github.com/hyperspy/hyperspy,2021-10-12,13873.0,rank-3,685
Python,https://github.com/hyperspy/hyperspy,2021-10-13,13875.0,rank-3,685
Python,https://github.com/hyperspy/hyperspy,2021-10-14,13877.0,rank-3,685
Python,https://github.com/hyperspy/hyperspy,2021-10-17,13879.0,rank-3,685
Python,https://github.com/hyperspy/hyperspy,2021-10-18,13880.0,rank-3,685
Python,https://github.com/hyperspy/hyperspy,2021-10-19,13883.0,rank-3,685
Python,https://github.com/hyperspy/hyperspy,2021-10-20,13895.0,rank-3,685
Python,https://github.com/hyperspy/hyperspy,2021-10-21,13908.0,rank-3,685
Python,https://github.com/hyperspy/hyperspy,2021-10-22,13912.0,rank-3,685
Python,https://github.com/hyperspy/hyperspy,2021-10-23,13913.0,rank-3,685
Python,https://github.com/hyperspy/hyperspy,2021-10-24,13923.0,rank-3,685
Python,https://github.com/hyperspy/hyperspy,2021-10-25,13929.0,rank-3,685
Python,https://github.com/hyperspy/hyperspy,2021-10-26,13930.0,rank-3,685
Python,https://github.com/hyperspy/hyperspy,2021-10-27,13936.0,rank-3,685
Python,https://github.com/hyperspy/hyperspy,2021-10-28,13942.0,rank-3,685
Python,https://github.com/hyperspy/hyperspy,2021-10-29,13946.0,rank-3,685
Python,https://github.com/hyperspy/hyperspy,2021-10-30,13953.0,rank-3,685
Python,https://github.com/hyperspy/hyperspy,2021-10-31,13959.0,rank-3,685
Python,https://github.com/hyperspy/hyperspy,2021-11-01,13963.0,rank-3,685
Python,https://github.com/hyperspy/hyperspy,2021-11-02,13965.0,rank-3,685
Python,https://github.com/hyperspy/hyperspy,2021-11-03,13968.0,rank-3,685
Python,https://github.com/hyperspy/hyperspy,2021-11-04,13969.0,rank-3,685
Python,https://github.com/hyperspy/hyperspy,2021-11-05,13970.0,rank-3,685
Python,https://github.com/hyperspy/hyperspy,2021-11-07,13974.0,rank-3,685
Python,https://github.com/hyperspy/hyperspy,2021-11-08,13977.0,rank-3,685
Python,https://github.com/hyperspy/hyperspy,2021-11-09,13981.0,rank-3,685
Python,https://github.com/hyperspy/hyperspy,2021-11-10,13986.0,rank-3,685
Python,https://github.com/hyperspy/hyperspy,2021-11-11,13989.0,rank-3,685
Python,https://github.com/hyperspy/hyperspy,2021-11-12,13992.0,rank-3,685
Python,https://github.com/hyperspy/hyperspy,2021-11-14,13993.0,rank-3,685
Python,https://github.com/hyperspy/hyperspy,2021-11-16,13995.0,rank-3,685
Python,https://github.com/hyperspy/hyperspy,2021-11-17,13998.0,rank-3,685
Python,https://github.com/hyperspy/hyperspy,2021-11-21,14003.0,rank-3,685
Python,https://github.com/hyperspy/hyperspy,2021-11-22,14004.0,rank-3,685
Python,https://github.com/hyperspy/hyperspy,2021-11-23,14006.0,rank-3,685
Python,https://github.com/hyperspy/hyperspy,2021-11-24,14008.0,rank-3,685
Python,https://github.com/hyperspy/hyperspy,2021-11-25,14009.0,rank-3,685
Python,https://github.com/hyperspy/hyperspy,2021-11-26,14011.0,rank-3,685
Python,https://github.com/hyperspy/hyperspy,2021-11-28,14020.0,rank-3,685
Python,https://github.com/hyperspy/hyperspy,2021-12-07,14021.0,rank-3,685
Python,https://github.com/hyperspy/hyperspy,2021-12-08,14023.0,rank-3,685
Python,https://github.com/hyperspy/hyperspy,2021-12-09,14024.0,rank-3,685
Python,https://github.com/hyperspy/hyperspy,2021-12-10,14026.0,rank-3,685
Python,https://github.com/hyperspy/hyperspy,2021-12-13,14032.0,rank-3,685
Python,https://github.com/hyperspy/hyperspy,2021-12-14,14033.0,rank-3,685
Python,https://github.com/hyperspy/hyperspy,2021-12-15,14040.0,rank-3,685
Python,https://github.com/hyperspy/hyperspy,2021-12-16,14043.0,rank-3,685
Python,https://github.com/hyperspy/hyperspy,2021-12-17,14046.0,rank-3,685
Python,https://github.com/hyperspy/hyperspy,2021-12-18,14047.0,rank-3,685
Python,https://github.com/hyperspy/hyperspy,2021-12-20,14048.0,rank-3,685
Python,https://github.com/hyperspy/hyperspy,2021-12-21,14051.0,rank-3,685
Python,https://github.com/hyperspy/hyperspy,2021-12-22,14058.0,rank-3,685
Python,https://github.com/hyperspy/hyperspy,2021-12-23,14059.0,rank-3,685
Python,https://github.com/hyperspy/hyperspy,2021-12-24,14061.0,rank-3,685
Python,https://github.com/hyperspy/hyperspy,2022-01-02,14064.0,rank-3,685
Python,https://github.com/hyperspy/hyperspy,2022-01-03,14069.0,rank-3,685
Python,https://github.com/hyperspy/hyperspy,2022-01-04,14072.0,rank-3,685
Python,https://github.com/hyperspy/hyperspy,2022-01-05,14079.0,rank-3,685
Python,https://github.com/hyperspy/hyperspy,2022-01-12,14080.0,rank-3,685
Python,https://github.com/hyperspy/hyperspy,2022-01-15,14081.0,rank-3,685
Python,https://github.com/hyperspy/hyperspy,2022-01-16,14083.0,rank-3,685
Python,https://github.com/hyperspy/hyperspy,2022-01-17,14093.0,rank-3,685
Python,https://github.com/hyperspy/hyperspy,2022-01-18,14100.0,rank-3,685
Python,https://github.com/hyperspy/hyperspy,2022-01-19,14110.0,rank-3,685
Python,https://github.com/hyperspy/hyperspy,2022-01-20,14112.0,rank-3,685
Python,https://github.com/hyperspy/hyperspy,2022-01-21,14113.0,rank-3,685
Python,https://github.com/hyperspy/hyperspy,2022-01-24,14120.0,rank-3,685
Python,https://github.com/hyperspy/hyperspy,2022-01-25,14123.0,rank-3,685
Python,https://github.com/hyperspy/hyperspy,2022-01-26,14127.0,rank-3,685
Python,https://github.com/hyperspy/hyperspy,2022-01-27,14128.0,rank-3,685
Python,https://github.com/hyperspy/hyperspy,2022-01-28,14130.0,rank-3,685
Python,https://github.com/hyperspy/hyperspy,2022-02-07,14132.0,rank-3,685
Python,https://github.com/hyperspy/hyperspy,2022-02-09,14133.0,rank-3,685
Python,https://github.com/hyperspy/hyperspy,2022-02-10,14134.0,rank-3,685
Python,https://github.com/hyperspy/hyperspy,2022-02-16,14146.0,rank-3,685
Python,https://github.com/hyperspy/hyperspy,2022-02-17,14151.0,rank-3,685
Python,https://github.com/hyperspy/hyperspy,2022-02-18,14156.0,rank-3,685
Python,https://github.com/hyperspy/hyperspy,2022-02-21,14161.0,rank-3,685
Python,https://github.com/hyperspy/hyperspy,2022-02-22,14166.0,rank-3,685
Python,https://github.com/hyperspy/hyperspy,2022-02-23,14173.0,rank-3,685
Python,https://github.com/hyperspy/hyperspy,2022-02-24,14176.0,rank-3,685
Python,https://github.com/hyperspy/hyperspy,2022-02-26,14177.0,rank-3,685
Python,https://github.com/hyperspy/hyperspy,2022-02-28,14179.0,rank-3,685
Python,https://github.com/hyperspy/hyperspy,2022-03-01,14183.0,rank-3,685
Python,https://github.com/hyperspy/hyperspy,2022-03-03,14190.0,rank-3,685
Python,https://github.com/hyperspy/hyperspy,2022-03-06,14191.0,rank-3,685
Python,https://github.com/hyperspy/hyperspy,2022-03-08,14195.0,rank-3,685
Python,https://github.com/hyperspy/hyperspy,2022-03-09,14199.0,rank-3,685
Python,https://github.com/hyperspy/hyperspy,2022-03-10,14201.0,rank-3,685
Python,https://github.com/hyperspy/hyperspy,2022-03-12,14204.0,rank-3,685
Python,https://github.com/hyperspy/hyperspy,2022-03-13,14210.0,rank-3,685
Python,https://github.com/hyperspy/hyperspy,2022-03-14,14213.0,rank-3,685
Python,https://github.com/hyperspy/hyperspy,2022-03-15,14217.0,rank-3,685
Python,https://github.com/hyperspy/hyperspy,2022-03-16,14219.0,rank-3,685
Python,https://github.com/hyperspy/hyperspy,2022-03-17,14226.0,rank-3,685
Python,https://github.com/hyperspy/hyperspy,2022-03-18,14227.0,rank-3,685
Python,https://github.com/hyperspy/hyperspy,2022-03-19,14228.0,rank-3,685
Python,https://github.com/hyperspy/hyperspy,2022-03-20,14230.0,rank-3,685
Python,https://github.com/hyperspy/hyperspy,2022-03-22,14235.0,rank-3,685
Python,https://github.com/hyperspy/hyperspy,2022-03-23,14239.0,rank-3,685
Python,https://github.com/hyperspy/hyperspy,2022-03-24,14245.0,rank-3,685
Python,https://github.com/hyperspy/hyperspy,2022-03-25,14260.0,rank-3,685
Python,https://github.com/hyperspy/hyperspy,2022-03-26,14264.0,rank-3,685
Python,https://github.com/hyperspy/hyperspy,2022-03-27,14265.0,rank-3,685
Python,https://github.com/hyperspy/hyperspy,2022-03-28,14266.0,rank-3,685
Python,https://github.com/hyperspy/hyperspy,2022-03-29,14274.0,rank-3,685
Python,https://github.com/hyperspy/hyperspy,2022-03-30,14288.0,rank-3,685
Python,https://github.com/hyperspy/hyperspy,2022-03-31,14293.0,rank-3,685
Python,https://github.com/hyperspy/hyperspy,2022-04-01,14295.0,rank-3,685
Python,https://github.com/hyperspy/hyperspy,2022-04-02,14301.0,rank-3,685
Python,https://github.com/hyperspy/hyperspy,2022-04-03,14308.0,rank-3,685
Python,https://github.com/hyperspy/hyperspy,2022-04-05,14309.0,rank-3,685
Python,https://github.com/hyperspy/hyperspy,2022-04-06,14312.0,rank-3,685
Python,https://github.com/hyperspy/hyperspy,2022-04-07,14321.0,rank-3,685
Python,https://github.com/hyperspy/hyperspy,2022-04-08,14324.0,rank-3,685
Python,https://github.com/hyperspy/hyperspy,2022-04-09,14328.0,rank-3,685
Python,https://github.com/hyperspy/hyperspy,2022-04-10,14330.0,rank-3,685
Python,https://github.com/hyperspy/hyperspy,2022-04-12,14331.0,rank-3,685
Python,https://github.com/hyperspy/hyperspy,2022-04-14,14345.0,rank-3,685
Python,https://github.com/hyperspy/hyperspy,2022-04-15,14353.0,rank-3,685
Python,https://github.com/hyperspy/hyperspy,2022-04-16,14354.0,rank-3,685
Python,https://github.com/hyperspy/hyperspy,2022-04-18,14355.0,rank-3,685
Python,https://github.com/hyperspy/hyperspy,2022-04-19,14358.0,rank-3,685
Python,https://github.com/hyperspy/hyperspy,2022-04-20,14361.0,rank-3,685
Python,https://github.com/hyperspy/hyperspy,2022-04-21,14364.0,rank-3,685
Python,https://github.com/hyperspy/hyperspy,2022-04-24,14365.0,rank-3,685
Python,https://github.com/hyperspy/hyperspy,2022-04-25,14376.0,rank-3,685
Python,https://github.com/hyperspy/hyperspy,2022-04-26,14380.0,rank-3,685
Python,https://github.com/hyperspy/hyperspy,2022-05-03,14385.0,rank-3,685
Python,https://github.com/hyperspy/hyperspy,2022-05-12,14386.0,rank-3,685
Python,https://github.com/hyperspy/hyperspy,2022-05-18,14388.0,rank-3,685
Python,https://github.com/hyperspy/hyperspy,2022-05-19,14391.0,rank-3,685
Python,https://github.com/hyperspy/hyperspy,2022-05-20,14396.0,rank-3,685
Python,https://github.com/hyperspy/hyperspy,2022-05-23,14403.0,rank-3,685
Python,https://github.com/hyperspy/hyperspy,2022-05-24,14406.0,rank-3,685
Python,https://github.com/hyperspy/hyperspy,2022-05-26,14409.0,rank-3,685
Python,https://github.com/hyperspy/hyperspy,2022-05-29,14410.0,rank-3,685
Python,https://github.com/hyperspy/hyperspy,2022-06-02,14412.0,rank-3,685
Python,https://github.com/hyperspy/hyperspy,2022-06-03,14414.0,rank-3,685
Python,https://github.com/hyperspy/hyperspy,2022-06-04,14415.0,rank-3,685
Python,https://github.com/hyperspy/hyperspy,2022-06-05,14416.0,rank-3,685
Python,https://github.com/hyperspy/hyperspy,2022-06-08,14422.0,rank-3,685
Python,https://github.com/hyperspy/hyperspy,2022-06-11,14425.0,rank-3,685
Python,https://github.com/hyperspy/hyperspy,2022-06-15,14426.0,rank-3,685
Python,https://github.com/hyperspy/hyperspy,2022-06-16,14431.0,rank-3,685
Python,https://github.com/hyperspy/hyperspy,2022-06-17,14446.0,rank-3,685
Python,https://github.com/hyperspy/hyperspy,2022-06-18,14452.0,rank-3,685
Python,https://github.com/hyperspy/hyperspy,2022-07-18,14454.0,rank-3,685
Python,https://github.com/hyperspy/hyperspy,2022-07-20,14474.0,rank-3,685
Python,https://github.com/hyperspy/hyperspy,2022-07-21,14478.0,rank-3,685
Python,https://github.com/hyperspy/hyperspy,2022-07-23,14480.0,rank-3,685
Python,https://github.com/hyperspy/hyperspy,2022-07-24,14484.0,rank-3,685
Python,https://github.com/hyperspy/hyperspy,2022-07-25,14488.0,rank-3,685
Python,https://github.com/hyperspy/hyperspy,2022-07-26,14489.0,rank-3,685
Python,https://github.com/hyperspy/hyperspy,2022-08-03,14495.0,rank-3,685
Python,https://github.com/hyperspy/hyperspy,2022-08-14,14496.0,rank-3,685
Python,https://github.com/hyperspy/hyperspy,2022-08-15,14497.0,rank-3,685
Python,https://github.com/hyperspy/hyperspy,2022-08-24,14502.0,rank-3,685
Python,https://github.com/hyperspy/hyperspy,2022-08-27,14506.0,rank-3,685
Python,https://github.com/hyperspy/hyperspy,2022-08-28,14507.0,rank-3,685
Python,https://github.com/hyperspy/hyperspy,2022-08-29,14512.0,rank-3,685
Python,https://github.com/hyperspy/hyperspy,2022-08-30,14516.0,rank-3,685
Python,https://github.com/hyperspy/hyperspy,2022-08-31,14519.0,rank-3,685
Python,https://github.com/hyperspy/hyperspy,2022-09-02,14520.0,rank-3,685
Python,https://github.com/hyperspy/hyperspy,2022-09-05,14522.0,rank-3,685
Python,https://github.com/hyperspy/hyperspy,2022-09-16,14528.0,rank-3,685
Python,https://github.com/hyperspy/hyperspy,2022-09-17,14532.0,rank-3,685
Python,https://github.com/hyperspy/hyperspy,2022-09-18,14535.0,rank-3,685
Python,https://github.com/hyperspy/hyperspy,2022-09-19,14545.0,rank-3,685
Python,https://github.com/hyperspy/hyperspy,2022-09-20,14548.0,rank-3,685
Python,https://github.com/hyperspy/hyperspy,2022-09-24,14554.0,rank-3,685
Python,https://github.com/hyperspy/hyperspy,2022-09-26,14558.0,rank-3,685
Python,https://github.com/hyperspy/hyperspy,2022-09-27,14562.0,rank-3,685
Python,https://github.com/hyperspy/hyperspy,2022-10-01,14563.0,rank-3,685
Python,https://github.com/hyperspy/hyperspy,2022-10-02,14564.0,rank-3,685
Python,https://github.com/hyperspy/hyperspy,2022-10-03,14566.0,rank-3,685
Python,https://github.com/hyperspy/hyperspy,2022-10-09,14568.0,rank-3,685
Python,https://github.com/hyperspy/hyperspy,2022-10-10,14570.0,rank-3,685
Python,https://github.com/hyperspy/hyperspy,2022-10-15,14572.0,rank-3,685
Python,https://github.com/hyperspy/hyperspy,2022-10-17,14574.0,rank-3,685
Python,https://github.com/hyperspy/hyperspy,2022-10-25,14575.0,rank-3,685
Python,https://github.com/hyperspy/hyperspy,2022-10-28,14576.0,rank-3,685
Python,https://github.com/hyperspy/hyperspy,2022-10-29,14583.0,rank-3,685
Python,https://github.com/hyperspy/hyperspy,2022-11-03,14584.0,rank-3,685
Python,https://github.com/hyperspy/hyperspy,2022-11-10,14585.0,rank-3,685
Python,https://github.com/hyperspy/hyperspy,2022-11-12,14586.0,rank-3,685
Python,https://github.com/hyperspy/hyperspy,2022-11-14,14587.0,rank-3,685
Python,https://github.com/hyperspy/hyperspy,2022-11-15,14589.0,rank-3,685
Python,https://github.com/hyperspy/hyperspy,2022-11-16,14590.0,rank-3,685
Python,https://github.com/hyperspy/hyperspy,2022-11-17,14593.0,rank-3,685
Python,https://github.com/hyperspy/hyperspy,2022-11-28,14595.0,rank-3,685
Python,https://github.com/hyperspy/hyperspy,2022-11-29,14596.0,rank-3,685
Python,https://github.com/hyperspy/hyperspy,2022-12-05,14598.0,rank-3,685
Python,https://github.com/hyperspy/hyperspy,2022-12-06,14599.0,rank-3,685
Python,https://github.com/hyperspy/hyperspy,2023-01-05,14603.0,rank-3,685
Python,https://github.com/hyperspy/hyperspy,2023-01-06,14605.0,rank-3,685
Python,https://github.com/hyperspy/hyperspy,2023-01-07,14607.0,rank-3,685
Python,https://github.com/hyperspy/hyperspy,2023-01-13,14609.0,rank-3,685
Python,https://github.com/hyperspy/hyperspy,2023-01-14,14610.0,rank-3,685
Python,https://github.com/hyperspy/hyperspy,2023-01-18,14612.0,rank-3,685
Python,https://github.com/hyperspy/hyperspy,2023-02-14,14613.0,rank-3,685
Python,https://github.com/hyperspy/hyperspy,2023-02-17,14615.0,rank-3,685
Python,https://github.com/hyperspy/hyperspy,2023-02-19,14623.0,rank-3,685
Python,https://github.com/hyperspy/hyperspy,2023-02-20,14624.0,rank-3,685
Python,https://github.com/hyperspy/hyperspy,2023-02-21,14625.0,rank-3,685
Python,https://github.com/hyperspy/hyperspy,2023-02-25,14629.0,rank-3,685
Python,https://github.com/hyperspy/hyperspy,2023-03-08,14631.0,rank-3,685
Python,https://github.com/hyperspy/hyperspy,2023-03-11,14634.0,rank-3,685
Python,https://github.com/hyperspy/hyperspy,2023-03-12,14638.0,rank-3,685
Python,https://github.com/hyperspy/hyperspy,2023-03-13,14639.0,rank-3,685
Python,https://github.com/hyperspy/hyperspy,2023-03-15,14640.0,rank-3,685
Python,https://github.com/hyperspy/hyperspy,2023-03-16,14645.0,rank-3,685
Python,https://github.com/hyperspy/hyperspy,2023-03-17,14648.0,rank-3,685
Python,https://github.com/hyperspy/hyperspy,2023-03-20,14656.0,rank-3,685
Python,https://github.com/hyperspy/hyperspy,2023-03-21,14658.0,rank-3,685
Python,https://github.com/hyperspy/hyperspy,2023-03-22,14662.0,rank-3,685
Python,https://github.com/hyperspy/hyperspy,2023-03-24,14664.0,rank-3,685
Python,https://github.com/hyperspy/hyperspy,2023-03-25,14666.0,rank-3,685
Python,https://github.com/hyperspy/hyperspy,2023-03-27,14667.0,rank-3,685
Python,https://github.com/hyperspy/hyperspy,2023-04-09,14669.0,rank-3,685
Python,https://github.com/hyperspy/hyperspy,2023-04-10,14670.0,rank-3,685
Python,https://github.com/hyperspy/hyperspy,2023-04-11,14674.0,rank-3,685
Python,https://github.com/hyperspy/hyperspy,2023-04-12,14675.0,rank-3,685
Python,https://github.com/hyperspy/hyperspy,2023-04-14,14676.0,rank-3,685
Python,https://github.com/hyperspy/hyperspy,2023-04-22,14677.0,rank-3,685
Python,https://github.com/hyperspy/hyperspy,2023-04-23,14679.0,rank-3,685
Python,https://github.com/hyperspy/hyperspy,2023-04-27,14685.0,rank-3,685
Python,https://github.com/hyperspy/hyperspy,2023-04-29,14686.0,rank-3,685
Python,https://github.com/hyperspy/hyperspy,2023-05-03,14688.0,rank-3,685
Python,https://github.com/hyperspy/hyperspy,2023-05-04,14691.0,rank-3,685
Python,https://github.com/hyperspy/hyperspy,2023-05-05,14693.0,rank-3,685
Python,https://github.com/hyperspy/hyperspy,2023-05-06,14696.0,rank-3,685
Python,https://github.com/hyperspy/hyperspy,2010-11-15,8.0,rank-4,0
Python,https://github.com/hyperspy/hyperspy,2010-11-16,11.0,rank-4,0
Python,https://github.com/hyperspy/hyperspy,2010-11-17,18.0,rank-4,0
Python,https://github.com/hyperspy/hyperspy,2010-11-18,28.0,rank-4,0
Python,https://github.com/hyperspy/hyperspy,2010-11-19,34.0,rank-4,0
Python,https://github.com/hyperspy/hyperspy,2010-11-23,35.0,rank-4,0
Python,https://github.com/hyperspy/hyperspy,2010-11-29,37.0,rank-4,0
Python,https://github.com/hyperspy/hyperspy,2010-11-30,43.0,rank-4,0
Python,https://github.com/hyperspy/hyperspy,2010-12-01,46.0,rank-4,0
Python,https://github.com/hyperspy/hyperspy,2010-12-02,47.0,rank-4,0
Python,https://github.com/hyperspy/hyperspy,2010-12-03,48.0,rank-4,0
Python,https://github.com/hyperspy/hyperspy,2010-12-04,50.0,rank-4,0
Python,https://github.com/hyperspy/hyperspy,2010-12-05,51.0,rank-4,0
Python,https://github.com/hyperspy/hyperspy,2010-12-06,52.0,rank-4,0
Python,https://github.com/hyperspy/hyperspy,2010-12-07,54.0,rank-4,0
Python,https://github.com/hyperspy/hyperspy,2010-12-09,61.0,rank-4,0
Python,https://github.com/hyperspy/hyperspy,2010-12-12,62.0,rank-4,0
Python,https://github.com/hyperspy/hyperspy,2010-12-13,65.0,rank-4,0
Python,https://github.com/hyperspy/hyperspy,2010-12-14,70.0,rank-4,0
Python,https://github.com/hyperspy/hyperspy,2010-12-15,72.0,rank-4,0
Python,https://github.com/hyperspy/hyperspy,2010-12-16,73.0,rank-4,0
Python,https://github.com/hyperspy/hyperspy,2010-12-18,77.0,rank-4,0
Python,https://github.com/hyperspy/hyperspy,2011-01-08,79.0,rank-4,0
Python,https://github.com/hyperspy/hyperspy,2011-01-09,81.0,rank-4,0
Python,https://github.com/hyperspy/hyperspy,2011-01-18,82.0,rank-4,0
Python,https://github.com/hyperspy/hyperspy,2011-01-23,83.0,rank-4,0
Python,https://github.com/hyperspy/hyperspy,2011-01-25,85.0,rank-4,0
Python,https://github.com/hyperspy/hyperspy,2011-01-26,88.0,rank-4,0
Python,https://github.com/hyperspy/hyperspy,2011-01-28,93.0,rank-4,0
Python,https://github.com/hyperspy/hyperspy,2011-01-31,94.0,rank-4,0
Python,https://github.com/hyperspy/hyperspy,2011-02-01,97.0,rank-4,0
Python,https://github.com/hyperspy/hyperspy,2011-02-02,100.0,rank-4,0
Python,https://github.com/hyperspy/hyperspy,2011-02-03,104.0,rank-4,0
Python,https://github.com/hyperspy/hyperspy,2011-02-04,105.0,rank-4,0
Python,https://github.com/hyperspy/hyperspy,2011-02-15,106.0,rank-4,0
Python,https://github.com/hyperspy/hyperspy,2011-02-16,109.0,rank-4,0
Python,https://github.com/hyperspy/hyperspy,2011-02-18,111.0,rank-4,0
Python,https://github.com/hyperspy/hyperspy,2011-02-23,112.0,rank-4,0
Python,https://github.com/hyperspy/hyperspy,2011-03-01,117.0,rank-4,0
Python,https://github.com/hyperspy/hyperspy,2011-03-02,120.0,rank-4,0
Python,https://github.com/hyperspy/hyperspy,2011-03-03,123.0,rank-4,0
Python,https://github.com/hyperspy/hyperspy,2011-03-04,129.0,rank-4,0
Python,https://github.com/hyperspy/hyperspy,2011-03-08,130.0,rank-4,0
Python,https://github.com/hyperspy/hyperspy,2011-03-09,134.0,rank-4,0
Python,https://github.com/hyperspy/hyperspy,2011-03-10,135.0,rank-4,0
Python,https://github.com/hyperspy/hyperspy,2011-03-11,136.0,rank-4,0
Python,https://github.com/hyperspy/hyperspy,2011-03-12,139.0,rank-4,0
Python,https://github.com/hyperspy/hyperspy,2011-03-13,158.0,rank-4,0
Python,https://github.com/hyperspy/hyperspy,2011-03-14,161.0,rank-4,0
Python,https://github.com/hyperspy/hyperspy,2011-03-15,165.0,rank-4,0
Python,https://github.com/hyperspy/hyperspy,2011-03-18,169.0,rank-4,0
Python,https://github.com/hyperspy/hyperspy,2011-03-21,173.0,rank-4,0
Python,https://github.com/hyperspy/hyperspy,2011-03-22,193.0,rank-4,0
Python,https://github.com/hyperspy/hyperspy,2011-03-23,209.0,rank-4,0
Python,https://github.com/hyperspy/hyperspy,2011-03-28,217.0,rank-4,0
Python,https://github.com/hyperspy/hyperspy,2011-03-29,225.0,rank-4,0
Python,https://github.com/hyperspy/hyperspy,2011-03-30,232.0,rank-4,0
Python,https://github.com/hyperspy/hyperspy,2011-03-31,242.0,rank-4,0
Python,https://github.com/hyperspy/hyperspy,2011-04-01,251.0,rank-4,0
Python,https://github.com/hyperspy/hyperspy,2011-04-02,256.0,rank-4,0
Python,https://github.com/hyperspy/hyperspy,2011-04-04,260.0,rank-4,0
Python,https://github.com/hyperspy/hyperspy,2011-04-05,273.0,rank-4,0
Python,https://github.com/hyperspy/hyperspy,2011-04-06,278.0,rank-4,0
Python,https://github.com/hyperspy/hyperspy,2011-04-07,289.0,rank-4,0
Python,https://github.com/hyperspy/hyperspy,2011-04-08,306.0,rank-4,0
Python,https://github.com/hyperspy/hyperspy,2011-04-11,308.0,rank-4,0
Python,https://github.com/hyperspy/hyperspy,2011-04-13,320.0,rank-4,0
Python,https://github.com/hyperspy/hyperspy,2011-04-14,326.0,rank-4,0
Python,https://github.com/hyperspy/hyperspy,2011-04-15,332.0,rank-4,0
Python,https://github.com/hyperspy/hyperspy,2011-04-20,334.0,rank-4,0
Python,https://github.com/hyperspy/hyperspy,2011-04-21,337.0,rank-4,0
Python,https://github.com/hyperspy/hyperspy,2011-04-25,339.0,rank-4,0
Python,https://github.com/hyperspy/hyperspy,2011-04-26,341.0,rank-4,0
Python,https://github.com/hyperspy/hyperspy,2011-04-28,343.0,rank-4,0
Python,https://github.com/hyperspy/hyperspy,2011-04-29,345.0,rank-4,0
Python,https://github.com/hyperspy/hyperspy,2011-05-05,347.0,rank-4,0
Python,https://github.com/hyperspy/hyperspy,2011-05-13,354.0,rank-4,0
Python,https://github.com/hyperspy/hyperspy,2011-05-16,356.0,rank-4,0
Python,https://github.com/hyperspy/hyperspy,2011-05-17,358.0,rank-4,0
Python,https://github.com/hyperspy/hyperspy,2011-05-18,361.0,rank-4,0
Python,https://github.com/hyperspy/hyperspy,2011-05-19,363.0,rank-4,0
Python,https://github.com/hyperspy/hyperspy,2011-05-20,364.0,rank-4,0
Python,https://github.com/hyperspy/hyperspy,2011-05-27,365.0,rank-4,0
Python,https://github.com/hyperspy/hyperspy,2011-06-09,369.0,rank-4,0
Python,https://github.com/hyperspy/hyperspy,2011-06-15,372.0,rank-4,0
Python,https://github.com/hyperspy/hyperspy,2011-06-22,374.0,rank-4,0
Python,https://github.com/hyperspy/hyperspy,2011-06-24,375.0,rank-4,0
Python,https://github.com/hyperspy/hyperspy,2011-06-27,380.0,rank-4,0
Python,https://github.com/hyperspy/hyperspy,2011-06-28,383.0,rank-4,0
Python,https://github.com/hyperspy/hyperspy,2011-06-30,392.0,rank-4,0
Python,https://github.com/hyperspy/hyperspy,2011-07-01,395.0,rank-4,0
Python,https://github.com/hyperspy/hyperspy,2011-07-04,398.0,rank-4,0
Python,https://github.com/hyperspy/hyperspy,2011-07-07,405.0,rank-4,0
Python,https://github.com/hyperspy/hyperspy,2011-07-08,412.0,rank-4,0
Python,https://github.com/hyperspy/hyperspy,2011-07-09,416.0,rank-4,0
Python,https://github.com/hyperspy/hyperspy,2011-07-11,431.0,rank-4,0
Python,https://github.com/hyperspy/hyperspy,2011-07-15,432.0,rank-4,0
Python,https://github.com/hyperspy/hyperspy,2011-07-18,438.0,rank-4,0
Python,https://github.com/hyperspy/hyperspy,2011-07-19,442.0,rank-4,0
Python,https://github.com/hyperspy/hyperspy,2011-07-20,454.0,rank-4,0
Python,https://github.com/hyperspy/hyperspy,2011-07-21,456.0,rank-4,0
Python,https://github.com/hyperspy/hyperspy,2011-07-22,461.0,rank-4,0
Python,https://github.com/hyperspy/hyperspy,2011-07-25,475.0,rank-4,0
Python,https://github.com/hyperspy/hyperspy,2011-07-26,487.0,rank-4,0
Python,https://github.com/hyperspy/hyperspy,2011-07-27,489.0,rank-4,0
Python,https://github.com/hyperspy/hyperspy,2011-07-28,495.0,rank-4,0
Python,https://github.com/hyperspy/hyperspy,2011-07-29,503.0,rank-4,0
Python,https://github.com/hyperspy/hyperspy,2011-08-01,522.0,rank-4,0
Python,https://github.com/hyperspy/hyperspy,2011-08-02,526.0,rank-4,0
Python,https://github.com/hyperspy/hyperspy,2011-08-03,531.0,rank-4,0
Python,https://github.com/hyperspy/hyperspy,2011-08-07,537.0,rank-4,0
Python,https://github.com/hyperspy/hyperspy,2011-08-08,547.0,rank-4,0
Python,https://github.com/hyperspy/hyperspy,2011-08-10,548.0,rank-4,0
Python,https://github.com/hyperspy/hyperspy,2011-08-12,550.0,rank-4,0
Python,https://github.com/hyperspy/hyperspy,2011-08-15,555.0,rank-4,0
Python,https://github.com/hyperspy/hyperspy,2011-08-16,561.0,rank-4,0
Python,https://github.com/hyperspy/hyperspy,2011-08-17,577.0,rank-4,0
Python,https://github.com/hyperspy/hyperspy,2011-08-18,611.0,rank-4,0
Python,https://github.com/hyperspy/hyperspy,2011-08-19,622.0,rank-4,0
Python,https://github.com/hyperspy/hyperspy,2011-08-21,646.0,rank-4,0
Python,https://github.com/hyperspy/hyperspy,2011-08-22,659.0,rank-4,0
Python,https://github.com/hyperspy/hyperspy,2011-08-23,662.0,rank-4,0
Python,https://github.com/hyperspy/hyperspy,2011-08-26,665.0,rank-4,0
Python,https://github.com/hyperspy/hyperspy,2011-08-27,667.0,rank-4,0
Python,https://github.com/hyperspy/hyperspy,2011-08-28,675.0,rank-4,0
Python,https://github.com/hyperspy/hyperspy,2011-08-31,684.0,rank-4,0
Python,https://github.com/hyperspy/hyperspy,2011-09-01,689.0,rank-4,0
Python,https://github.com/hyperspy/hyperspy,2011-09-02,694.0,rank-4,0
Python,https://github.com/hyperspy/hyperspy,2011-09-04,698.0,rank-4,0
Python,https://github.com/hyperspy/hyperspy,2011-09-05,701.0,rank-4,0
Python,https://github.com/hyperspy/hyperspy,2011-09-06,707.0,rank-4,0
Python,https://github.com/hyperspy/hyperspy,2011-09-07,709.0,rank-4,0
Python,https://github.com/hyperspy/hyperspy,2011-09-08,711.0,rank-4,0
Python,https://github.com/hyperspy/hyperspy,2011-09-12,715.0,rank-4,0
Python,https://github.com/hyperspy/hyperspy,2011-09-13,718.0,rank-4,0
Python,https://github.com/hyperspy/hyperspy,2011-09-16,719.0,rank-4,0
Python,https://github.com/hyperspy/hyperspy,2011-09-19,724.0,rank-4,0
Python,https://github.com/hyperspy/hyperspy,2011-09-20,733.0,rank-4,0
Python,https://github.com/hyperspy/hyperspy,2011-09-21,747.0,rank-4,0
Python,https://github.com/hyperspy/hyperspy,2011-09-22,754.0,rank-4,0
Python,https://github.com/hyperspy/hyperspy,2011-09-23,766.0,rank-4,0
Python,https://github.com/hyperspy/hyperspy,2011-09-26,773.0,rank-4,0
Python,https://github.com/hyperspy/hyperspy,2011-09-27,777.0,rank-4,0
Python,https://github.com/hyperspy/hyperspy,2011-09-28,780.0,rank-4,0
Python,https://github.com/hyperspy/hyperspy,2011-09-29,790.0,rank-4,0
Python,https://github.com/hyperspy/hyperspy,2011-09-30,792.0,rank-4,0
Python,https://github.com/hyperspy/hyperspy,2011-10-04,793.0,rank-4,0
Python,https://github.com/hyperspy/hyperspy,2011-10-05,802.0,rank-4,0
Python,https://github.com/hyperspy/hyperspy,2011-10-06,806.0,rank-4,0
Python,https://github.com/hyperspy/hyperspy,2011-10-10,814.0,rank-4,0
Python,https://github.com/hyperspy/hyperspy,2011-10-13,823.0,rank-4,0
Python,https://github.com/hyperspy/hyperspy,2011-10-14,840.0,rank-4,0
Python,https://github.com/hyperspy/hyperspy,2011-10-17,854.0,rank-4,0
Python,https://github.com/hyperspy/hyperspy,2011-10-18,873.0,rank-4,0
Python,https://github.com/hyperspy/hyperspy,2011-10-19,893.0,rank-4,0
Python,https://github.com/hyperspy/hyperspy,2011-10-20,910.0,rank-4,0
Python,https://github.com/hyperspy/hyperspy,2011-10-21,927.0,rank-4,0
Python,https://github.com/hyperspy/hyperspy,2011-10-22,936.0,rank-4,0
Python,https://github.com/hyperspy/hyperspy,2011-10-23,954.0,rank-4,0
Python,https://github.com/hyperspy/hyperspy,2011-10-24,955.0,rank-4,0
Python,https://github.com/hyperspy/hyperspy,2011-10-25,956.0,rank-4,0
Python,https://github.com/hyperspy/hyperspy,2011-10-26,962.0,rank-4,0
Python,https://github.com/hyperspy/hyperspy,2011-10-27,970.0,rank-4,0
Python,https://github.com/hyperspy/hyperspy,2011-11-02,974.0,rank-4,0
Python,https://github.com/hyperspy/hyperspy,2011-11-03,978.0,rank-4,0
Python,https://github.com/hyperspy/hyperspy,2011-11-04,985.0,rank-4,0
Python,https://github.com/hyperspy/hyperspy,2011-11-05,986.0,rank-4,0
Python,https://github.com/hyperspy/hyperspy,2011-11-07,991.0,rank-4,0
Python,https://github.com/hyperspy/hyperspy,2011-11-10,993.0,rank-4,0
Python,https://github.com/hyperspy/hyperspy,2011-11-18,994.0,rank-4,0
Python,https://github.com/hyperspy/hyperspy,2011-11-21,997.0,rank-4,0
Python,https://github.com/hyperspy/hyperspy,2011-11-22,1000.0,rank-4,0
Python,https://github.com/hyperspy/hyperspy,2011-11-25,1003.0,rank-4,0
Python,https://github.com/hyperspy/hyperspy,2011-11-29,1012.0,rank-4,0
Python,https://github.com/hyperspy/hyperspy,2011-11-30,1013.0,rank-4,0
Python,https://github.com/hyperspy/hyperspy,2011-12-01,1015.0,rank-4,0
Python,https://github.com/hyperspy/hyperspy,2011-12-02,1025.0,rank-4,0
Python,https://github.com/hyperspy/hyperspy,2011-12-05,1029.0,rank-4,0
Python,https://github.com/hyperspy/hyperspy,2011-12-06,1035.0,rank-4,0
Python,https://github.com/hyperspy/hyperspy,2011-12-07,1042.0,rank-4,0
Python,https://github.com/hyperspy/hyperspy,2011-12-08,1043.0,rank-4,0
Python,https://github.com/hyperspy/hyperspy,2011-12-09,1047.0,rank-4,0
Python,https://github.com/hyperspy/hyperspy,2011-12-12,1051.0,rank-4,0
Python,https://github.com/hyperspy/hyperspy,2011-12-14,1053.0,rank-4,0
Python,https://github.com/hyperspy/hyperspy,2011-12-15,1056.0,rank-4,0
Python,https://github.com/hyperspy/hyperspy,2011-12-20,1059.0,rank-4,0
Python,https://github.com/hyperspy/hyperspy,2011-12-21,1060.0,rank-4,0
Python,https://github.com/hyperspy/hyperspy,2012-01-05,1061.0,rank-4,0
Python,https://github.com/hyperspy/hyperspy,2012-02-10,1062.0,rank-4,0
Python,https://github.com/hyperspy/hyperspy,2012-02-20,1066.0,rank-4,0
Python,https://github.com/hyperspy/hyperspy,2012-02-22,1069.0,rank-4,0
Python,https://github.com/hyperspy/hyperspy,2012-02-23,1070.0,rank-4,0
Python,https://github.com/hyperspy/hyperspy,2012-02-24,1074.0,rank-4,0
Python,https://github.com/hyperspy/hyperspy,2012-02-27,1078.0,rank-4,0
Python,https://github.com/hyperspy/hyperspy,2012-02-28,1088.0,rank-4,0
Python,https://github.com/hyperspy/hyperspy,2012-02-29,1099.0,rank-4,0
Python,https://github.com/hyperspy/hyperspy,2012-03-01,1100.0,rank-4,0
Python,https://github.com/hyperspy/hyperspy,2012-04-02,1102.0,rank-4,0
Python,https://github.com/hyperspy/hyperspy,2012-04-04,1104.0,rank-4,0
Python,https://github.com/hyperspy/hyperspy,2012-04-05,1114.0,rank-4,0
Python,https://github.com/hyperspy/hyperspy,2012-04-10,1118.0,rank-4,0
Python,https://github.com/hyperspy/hyperspy,2012-04-11,1122.0,rank-4,0
Python,https://github.com/hyperspy/hyperspy,2012-04-12,1126.0,rank-4,0
Python,https://github.com/hyperspy/hyperspy,2012-04-13,1137.0,rank-4,0
Python,https://github.com/hyperspy/hyperspy,2012-04-16,1149.0,rank-4,0
Python,https://github.com/hyperspy/hyperspy,2012-04-17,1150.0,rank-4,0
Python,https://github.com/hyperspy/hyperspy,2012-04-18,1154.0,rank-4,0
Python,https://github.com/hyperspy/hyperspy,2012-05-07,1155.0,rank-4,0
Python,https://github.com/hyperspy/hyperspy,2012-05-17,1156.0,rank-4,0
Python,https://github.com/hyperspy/hyperspy,2012-05-20,1157.0,rank-4,0
Python,https://github.com/hyperspy/hyperspy,2012-05-22,1159.0,rank-4,0
Python,https://github.com/hyperspy/hyperspy,2012-05-31,1163.0,rank-4,0
Python,https://github.com/hyperspy/hyperspy,2012-06-04,1164.0,rank-4,0
Python,https://github.com/hyperspy/hyperspy,2012-06-07,1167.0,rank-4,0
Python,https://github.com/hyperspy/hyperspy,2012-06-08,1168.0,rank-4,0
Python,https://github.com/hyperspy/hyperspy,2012-06-11,1174.0,rank-4,0
Python,https://github.com/hyperspy/hyperspy,2012-06-12,1177.0,rank-4,0
Python,https://github.com/hyperspy/hyperspy,2012-06-14,1178.0,rank-4,0
Python,https://github.com/hyperspy/hyperspy,2012-06-20,1179.0,rank-4,0
Python,https://github.com/hyperspy/hyperspy,2012-06-22,1180.0,rank-4,0
Python,https://github.com/hyperspy/hyperspy,2012-06-25,1184.0,rank-4,0
Python,https://github.com/hyperspy/hyperspy,2012-06-28,1185.0,rank-4,0
Python,https://github.com/hyperspy/hyperspy,2012-07-02,1188.0,rank-4,0
Python,https://github.com/hyperspy/hyperspy,2012-07-03,1192.0,rank-4,0
Python,https://github.com/hyperspy/hyperspy,2012-07-04,1193.0,rank-4,0
Python,https://github.com/hyperspy/hyperspy,2012-07-09,1198.0,rank-4,0
Python,https://github.com/hyperspy/hyperspy,2012-07-10,1202.0,rank-4,0
Python,https://github.com/hyperspy/hyperspy,2012-07-11,1206.0,rank-4,0
Python,https://github.com/hyperspy/hyperspy,2012-07-12,1208.0,rank-4,0
Python,https://github.com/hyperspy/hyperspy,2012-07-13,1212.0,rank-4,0
Python,https://github.com/hyperspy/hyperspy,2012-07-18,1214.0,rank-4,0
Python,https://github.com/hyperspy/hyperspy,2012-07-24,1217.0,rank-4,0
Python,https://github.com/hyperspy/hyperspy,2012-07-25,1218.0,rank-4,0
Python,https://github.com/hyperspy/hyperspy,2012-07-26,1220.0,rank-4,0
Python,https://github.com/hyperspy/hyperspy,2012-07-27,1221.0,rank-4,0
Python,https://github.com/hyperspy/hyperspy,2012-07-31,1227.0,rank-4,0
Python,https://github.com/hyperspy/hyperspy,2012-08-01,1228.0,rank-4,0
Python,https://github.com/hyperspy/hyperspy,2012-08-02,1230.0,rank-4,0
Python,https://github.com/hyperspy/hyperspy,2012-08-03,1231.0,rank-4,0
Python,https://github.com/hyperspy/hyperspy,2012-08-08,1233.0,rank-4,0
Python,https://github.com/hyperspy/hyperspy,2012-08-09,1235.0,rank-4,0
Python,https://github.com/hyperspy/hyperspy,2012-08-10,1237.0,rank-4,0
Python,https://github.com/hyperspy/hyperspy,2012-08-22,1238.0,rank-4,0
Python,https://github.com/hyperspy/hyperspy,2012-08-24,1240.0,rank-4,0
Python,https://github.com/hyperspy/hyperspy,2012-08-27,1256.0,rank-4,0
Python,https://github.com/hyperspy/hyperspy,2012-08-28,1262.0,rank-4,0
Python,https://github.com/hyperspy/hyperspy,2012-08-29,1268.0,rank-4,0
Python,https://github.com/hyperspy/hyperspy,2012-08-30,1269.0,rank-4,0
Python,https://github.com/hyperspy/hyperspy,2012-08-31,1273.0,rank-4,0
Python,https://github.com/hyperspy/hyperspy,2012-09-02,1274.0,rank-4,0
Python,https://github.com/hyperspy/hyperspy,2012-09-03,1282.0,rank-4,0
Python,https://github.com/hyperspy/hyperspy,2012-09-04,1293.0,rank-4,0
Python,https://github.com/hyperspy/hyperspy,2012-09-05,1303.0,rank-4,0
Python,https://github.com/hyperspy/hyperspy,2012-09-06,1314.0,rank-4,0
Python,https://github.com/hyperspy/hyperspy,2012-09-07,1323.0,rank-4,0
Python,https://github.com/hyperspy/hyperspy,2012-09-08,1325.0,rank-4,0
Python,https://github.com/hyperspy/hyperspy,2012-09-09,1326.0,rank-4,0
Python,https://github.com/hyperspy/hyperspy,2012-09-10,1328.0,rank-4,0
Python,https://github.com/hyperspy/hyperspy,2012-09-12,1332.0,rank-4,0
Python,https://github.com/hyperspy/hyperspy,2012-09-19,1333.0,rank-4,0
Python,https://github.com/hyperspy/hyperspy,2012-09-20,1334.0,rank-4,0
Python,https://github.com/hyperspy/hyperspy,2012-09-21,1335.0,rank-4,0
Python,https://github.com/hyperspy/hyperspy,2012-09-25,1343.0,rank-4,0
Python,https://github.com/hyperspy/hyperspy,2012-09-26,1346.0,rank-4,0
Python,https://github.com/hyperspy/hyperspy,2012-09-27,1349.0,rank-4,0
Python,https://github.com/hyperspy/hyperspy,2012-09-28,1354.0,rank-4,0
Python,https://github.com/hyperspy/hyperspy,2012-10-01,1355.0,rank-4,0
Python,https://github.com/hyperspy/hyperspy,2012-10-02,1357.0,rank-4,0
Python,https://github.com/hyperspy/hyperspy,2012-10-08,1361.0,rank-4,0
Python,https://github.com/hyperspy/hyperspy,2012-10-09,1365.0,rank-4,0
Python,https://github.com/hyperspy/hyperspy,2012-10-10,1368.0,rank-4,0
Python,https://github.com/hyperspy/hyperspy,2012-10-11,1370.0,rank-4,0
Python,https://github.com/hyperspy/hyperspy,2012-10-12,1372.0,rank-4,0
Python,https://github.com/hyperspy/hyperspy,2012-10-15,1373.0,rank-4,0
Python,https://github.com/hyperspy/hyperspy,2012-10-19,1374.0,rank-4,0
Python,https://github.com/hyperspy/hyperspy,2012-10-25,1377.0,rank-4,0
Python,https://github.com/hyperspy/hyperspy,2012-10-26,1381.0,rank-4,0
Python,https://github.com/hyperspy/hyperspy,2012-10-28,1385.0,rank-4,0
Python,https://github.com/hyperspy/hyperspy,2012-10-29,1392.0,rank-4,0
Python,https://github.com/hyperspy/hyperspy,2012-10-30,1405.0,rank-4,0
Python,https://github.com/hyperspy/hyperspy,2012-11-15,1406.0,rank-4,0
Python,https://github.com/hyperspy/hyperspy,2012-11-27,1408.0,rank-4,0
Python,https://github.com/hyperspy/hyperspy,2012-11-29,1409.0,rank-4,0
Python,https://github.com/hyperspy/hyperspy,2012-11-30,1410.0,rank-4,0
Python,https://github.com/hyperspy/hyperspy,2012-12-04,1413.0,rank-4,0
Python,https://github.com/hyperspy/hyperspy,2012-12-05,1414.0,rank-4,0
Python,https://github.com/hyperspy/hyperspy,2012-12-06,1419.0,rank-4,0
Python,https://github.com/hyperspy/hyperspy,2012-12-07,1427.0,rank-4,0
Python,https://github.com/hyperspy/hyperspy,2012-12-08,1429.0,rank-4,0
Python,https://github.com/hyperspy/hyperspy,2012-12-10,1430.0,rank-4,0
Python,https://github.com/hyperspy/hyperspy,2012-12-11,1437.0,rank-4,0
Python,https://github.com/hyperspy/hyperspy,2012-12-12,1439.0,rank-4,0
Python,https://github.com/hyperspy/hyperspy,2012-12-13,1446.0,rank-4,0
Python,https://github.com/hyperspy/hyperspy,2012-12-14,1450.0,rank-4,0
Python,https://github.com/hyperspy/hyperspy,2012-12-20,1451.0,rank-4,0
Python,https://github.com/hyperspy/hyperspy,2013-01-07,1453.0,rank-4,0
Python,https://github.com/hyperspy/hyperspy,2013-01-10,1454.0,rank-4,0
Python,https://github.com/hyperspy/hyperspy,2013-01-11,1455.0,rank-4,0
Python,https://github.com/hyperspy/hyperspy,2013-01-16,1462.0,rank-4,0
Python,https://github.com/hyperspy/hyperspy,2013-01-17,1471.0,rank-4,0
Python,https://github.com/hyperspy/hyperspy,2013-01-18,1476.0,rank-4,0
Python,https://github.com/hyperspy/hyperspy,2013-01-24,1483.0,rank-4,0
Python,https://github.com/hyperspy/hyperspy,2013-01-25,1493.0,rank-4,0
Python,https://github.com/hyperspy/hyperspy,2013-01-28,1502.0,rank-4,0
Python,https://github.com/hyperspy/hyperspy,2013-01-29,1508.0,rank-4,0
Python,https://github.com/hyperspy/hyperspy,2013-01-30,1512.0,rank-4,0
Python,https://github.com/hyperspy/hyperspy,2013-01-31,1521.0,rank-4,0
Python,https://github.com/hyperspy/hyperspy,2013-02-07,1523.0,rank-4,0
Python,https://github.com/hyperspy/hyperspy,2013-02-12,1530.0,rank-4,0
Python,https://github.com/hyperspy/hyperspy,2013-02-14,1538.0,rank-4,0
Python,https://github.com/hyperspy/hyperspy,2013-02-15,1540.0,rank-4,0
Python,https://github.com/hyperspy/hyperspy,2013-02-18,1542.0,rank-4,0
Python,https://github.com/hyperspy/hyperspy,2013-02-19,1549.0,rank-4,0
Python,https://github.com/hyperspy/hyperspy,2013-02-20,1554.0,rank-4,0
Python,https://github.com/hyperspy/hyperspy,2013-02-21,1556.0,rank-4,0
Python,https://github.com/hyperspy/hyperspy,2013-02-22,1558.0,rank-4,0
Python,https://github.com/hyperspy/hyperspy,2013-02-23,1559.0,rank-4,0
Python,https://github.com/hyperspy/hyperspy,2013-02-27,1562.0,rank-4,0
Python,https://github.com/hyperspy/hyperspy,2013-02-28,1564.0,rank-4,0
Python,https://github.com/hyperspy/hyperspy,2013-03-01,1568.0,rank-4,0
Python,https://github.com/hyperspy/hyperspy,2013-03-04,1569.0,rank-4,0
Python,https://github.com/hyperspy/hyperspy,2013-03-05,1571.0,rank-4,0
Python,https://github.com/hyperspy/hyperspy,2013-03-06,1575.0,rank-4,0
Python,https://github.com/hyperspy/hyperspy,2013-03-07,1581.0,rank-4,0
Python,https://github.com/hyperspy/hyperspy,2013-03-13,1582.0,rank-4,0
Python,https://github.com/hyperspy/hyperspy,2013-03-14,1588.0,rank-4,0
Python,https://github.com/hyperspy/hyperspy,2013-03-15,1598.0,rank-4,0
Python,https://github.com/hyperspy/hyperspy,2013-03-16,1601.0,rank-4,0
Python,https://github.com/hyperspy/hyperspy,2013-03-18,1610.0,rank-4,0
Python,https://github.com/hyperspy/hyperspy,2013-03-19,1624.0,rank-4,0
Python,https://github.com/hyperspy/hyperspy,2013-03-20,1627.0,rank-4,0
Python,https://github.com/hyperspy/hyperspy,2013-03-21,1631.0,rank-4,0
Python,https://github.com/hyperspy/hyperspy,2013-03-25,1638.0,rank-4,0
Python,https://github.com/hyperspy/hyperspy,2013-03-27,1642.0,rank-4,0
Python,https://github.com/hyperspy/hyperspy,2013-03-28,1647.0,rank-4,0
Python,https://github.com/hyperspy/hyperspy,2013-03-30,1651.0,rank-4,0
Python,https://github.com/hyperspy/hyperspy,2013-03-31,1653.0,rank-4,0
Python,https://github.com/hyperspy/hyperspy,2013-04-01,1660.0,rank-4,0
Python,https://github.com/hyperspy/hyperspy,2013-04-02,1665.0,rank-4,0
Python,https://github.com/hyperspy/hyperspy,2013-04-03,1666.0,rank-4,0
Python,https://github.com/hyperspy/hyperspy,2013-04-04,1668.0,rank-4,0
Python,https://github.com/hyperspy/hyperspy,2013-04-09,1673.0,rank-4,0
Python,https://github.com/hyperspy/hyperspy,2013-04-10,1677.0,rank-4,0
Python,https://github.com/hyperspy/hyperspy,2013-04-11,1678.0,rank-4,0
Python,https://github.com/hyperspy/hyperspy,2013-04-12,1679.0,rank-4,0
Python,https://github.com/hyperspy/hyperspy,2013-04-17,1686.0,rank-4,0
Python,https://github.com/hyperspy/hyperspy,2013-04-18,1689.0,rank-4,0
Python,https://github.com/hyperspy/hyperspy,2013-04-19,1691.0,rank-4,0
Python,https://github.com/hyperspy/hyperspy,2013-04-23,1693.0,rank-4,0
Python,https://github.com/hyperspy/hyperspy,2013-04-26,1694.0,rank-4,0
Python,https://github.com/hyperspy/hyperspy,2013-05-07,1697.0,rank-4,0
Python,https://github.com/hyperspy/hyperspy,2013-05-08,1701.0,rank-4,0
Python,https://github.com/hyperspy/hyperspy,2013-05-09,1704.0,rank-4,0
Python,https://github.com/hyperspy/hyperspy,2013-05-10,1710.0,rank-4,0
Python,https://github.com/hyperspy/hyperspy,2013-05-11,1716.0,rank-4,0
Python,https://github.com/hyperspy/hyperspy,2013-05-12,1720.0,rank-4,0
Python,https://github.com/hyperspy/hyperspy,2013-05-13,1730.0,rank-4,0
Python,https://github.com/hyperspy/hyperspy,2013-05-14,1736.0,rank-4,0
Python,https://github.com/hyperspy/hyperspy,2013-05-15,1738.0,rank-4,0
Python,https://github.com/hyperspy/hyperspy,2013-05-17,1743.0,rank-4,0
Python,https://github.com/hyperspy/hyperspy,2013-05-19,1751.0,rank-4,0
Python,https://github.com/hyperspy/hyperspy,2013-05-20,1773.0,rank-4,0
Python,https://github.com/hyperspy/hyperspy,2013-05-21,1783.0,rank-4,0
Python,https://github.com/hyperspy/hyperspy,2013-05-22,1803.0,rank-4,0
Python,https://github.com/hyperspy/hyperspy,2013-05-23,1829.0,rank-4,0
Python,https://github.com/hyperspy/hyperspy,2013-05-24,1835.0,rank-4,0
Python,https://github.com/hyperspy/hyperspy,2013-05-25,1845.0,rank-4,0
Python,https://github.com/hyperspy/hyperspy,2013-05-27,1846.0,rank-4,0
Python,https://github.com/hyperspy/hyperspy,2013-06-03,1852.0,rank-4,0
Python,https://github.com/hyperspy/hyperspy,2013-06-04,1859.0,rank-4,0
Python,https://github.com/hyperspy/hyperspy,2013-06-05,1868.0,rank-4,0
Python,https://github.com/hyperspy/hyperspy,2013-06-06,1876.0,rank-4,0
Python,https://github.com/hyperspy/hyperspy,2013-06-07,1882.0,rank-4,0
Python,https://github.com/hyperspy/hyperspy,2013-06-10,1883.0,rank-4,0
Python,https://github.com/hyperspy/hyperspy,2013-06-11,1884.0,rank-4,0
Python,https://github.com/hyperspy/hyperspy,2013-06-12,1887.0,rank-4,0
Python,https://github.com/hyperspy/hyperspy,2013-06-13,1894.0,rank-4,0
Python,https://github.com/hyperspy/hyperspy,2013-06-14,1896.0,rank-4,0
Python,https://github.com/hyperspy/hyperspy,2013-06-17,1897.0,rank-4,0
Python,https://github.com/hyperspy/hyperspy,2013-06-19,1898.0,rank-4,0
Python,https://github.com/hyperspy/hyperspy,2013-06-20,1899.0,rank-4,0
Python,https://github.com/hyperspy/hyperspy,2013-06-21,1900.0,rank-4,0
Python,https://github.com/hyperspy/hyperspy,2013-06-24,1909.0,rank-4,0
Python,https://github.com/hyperspy/hyperspy,2013-06-25,1925.0,rank-4,0
Python,https://github.com/hyperspy/hyperspy,2013-06-26,1933.0,rank-4,0
Python,https://github.com/hyperspy/hyperspy,2013-06-27,1942.0,rank-4,0
Python,https://github.com/hyperspy/hyperspy,2013-06-28,1962.0,rank-4,0
Python,https://github.com/hyperspy/hyperspy,2013-06-29,1965.0,rank-4,0
Python,https://github.com/hyperspy/hyperspy,2013-06-30,1979.0,rank-4,0
Python,https://github.com/hyperspy/hyperspy,2013-07-01,1983.0,rank-4,0
Python,https://github.com/hyperspy/hyperspy,2013-07-02,1984.0,rank-4,0
Python,https://github.com/hyperspy/hyperspy,2013-07-08,1985.0,rank-4,0
Python,https://github.com/hyperspy/hyperspy,2013-07-09,1989.0,rank-4,0
Python,https://github.com/hyperspy/hyperspy,2013-07-10,1999.0,rank-4,0
Python,https://github.com/hyperspy/hyperspy,2013-07-11,2005.0,rank-4,0
Python,https://github.com/hyperspy/hyperspy,2013-07-12,2009.0,rank-4,0
Python,https://github.com/hyperspy/hyperspy,2013-07-16,2011.0,rank-4,0
Python,https://github.com/hyperspy/hyperspy,2013-07-17,2019.0,rank-4,0
Python,https://github.com/hyperspy/hyperspy,2013-07-18,2027.0,rank-4,0
Python,https://github.com/hyperspy/hyperspy,2013-07-19,2030.0,rank-4,0
Python,https://github.com/hyperspy/hyperspy,2013-07-25,2032.0,rank-4,0
Python,https://github.com/hyperspy/hyperspy,2013-07-29,2034.0,rank-4,0
Python,https://github.com/hyperspy/hyperspy,2013-07-30,2035.0,rank-4,0
Python,https://github.com/hyperspy/hyperspy,2013-08-01,2044.0,rank-4,0
Python,https://github.com/hyperspy/hyperspy,2013-08-02,2054.0,rank-4,0
Python,https://github.com/hyperspy/hyperspy,2013-08-05,2062.0,rank-4,0
Python,https://github.com/hyperspy/hyperspy,2013-08-06,2074.0,rank-4,0
Python,https://github.com/hyperspy/hyperspy,2013-08-07,2078.0,rank-4,0
Python,https://github.com/hyperspy/hyperspy,2013-08-08,2081.0,rank-4,0
Python,https://github.com/hyperspy/hyperspy,2013-08-14,2084.0,rank-4,0
Python,https://github.com/hyperspy/hyperspy,2013-08-21,2087.0,rank-4,0
Python,https://github.com/hyperspy/hyperspy,2013-08-28,2089.0,rank-4,0
Python,https://github.com/hyperspy/hyperspy,2013-08-30,2093.0,rank-4,0
Python,https://github.com/hyperspy/hyperspy,2013-09-02,2100.0,rank-4,0
Python,https://github.com/hyperspy/hyperspy,2013-09-03,2112.0,rank-4,0
Python,https://github.com/hyperspy/hyperspy,2013-09-04,2119.0,rank-4,0
Python,https://github.com/hyperspy/hyperspy,2013-09-05,2125.0,rank-4,0
Python,https://github.com/hyperspy/hyperspy,2013-09-06,2130.0,rank-4,0
Python,https://github.com/hyperspy/hyperspy,2013-09-10,2132.0,rank-4,0
Python,https://github.com/hyperspy/hyperspy,2013-09-11,2133.0,rank-4,0
Python,https://github.com/hyperspy/hyperspy,2013-09-17,2136.0,rank-4,0
Python,https://github.com/hyperspy/hyperspy,2013-09-19,2137.0,rank-4,0
Python,https://github.com/hyperspy/hyperspy,2013-09-23,2138.0,rank-4,0
Python,https://github.com/hyperspy/hyperspy,2013-09-24,2139.0,rank-4,0
Python,https://github.com/hyperspy/hyperspy,2013-09-25,2144.0,rank-4,0
Python,https://github.com/hyperspy/hyperspy,2013-10-03,2150.0,rank-4,0
Python,https://github.com/hyperspy/hyperspy,2013-10-08,2152.0,rank-4,0
Python,https://github.com/hyperspy/hyperspy,2013-10-09,2157.0,rank-4,0
Python,https://github.com/hyperspy/hyperspy,2013-10-10,2163.0,rank-4,0
Python,https://github.com/hyperspy/hyperspy,2013-10-14,2164.0,rank-4,0
Python,https://github.com/hyperspy/hyperspy,2013-10-17,2165.0,rank-4,0
Python,https://github.com/hyperspy/hyperspy,2013-10-23,2168.0,rank-4,0
Python,https://github.com/hyperspy/hyperspy,2013-10-25,2172.0,rank-4,0
Python,https://github.com/hyperspy/hyperspy,2013-10-28,2173.0,rank-4,0
Python,https://github.com/hyperspy/hyperspy,2013-10-29,2175.0,rank-4,0
Python,https://github.com/hyperspy/hyperspy,2013-11-04,2178.0,rank-4,0
Python,https://github.com/hyperspy/hyperspy,2013-11-05,2181.0,rank-4,0
Python,https://github.com/hyperspy/hyperspy,2013-11-11,2184.0,rank-4,0
Python,https://github.com/hyperspy/hyperspy,2013-11-18,2190.0,rank-4,0
Python,https://github.com/hyperspy/hyperspy,2013-11-19,2191.0,rank-4,0
Python,https://github.com/hyperspy/hyperspy,2013-11-20,2195.0,rank-4,0
Python,https://github.com/hyperspy/hyperspy,2013-11-21,2196.0,rank-4,0
Python,https://github.com/hyperspy/hyperspy,2013-11-22,2208.0,rank-4,0
Python,https://github.com/hyperspy/hyperspy,2013-11-27,2210.0,rank-4,0
Python,https://github.com/hyperspy/hyperspy,2013-12-04,2213.0,rank-4,0
Python,https://github.com/hyperspy/hyperspy,2013-12-05,2215.0,rank-4,0
Python,https://github.com/hyperspy/hyperspy,2013-12-06,2218.0,rank-4,0
Python,https://github.com/hyperspy/hyperspy,2013-12-09,2221.0,rank-4,0
Python,https://github.com/hyperspy/hyperspy,2013-12-10,2222.0,rank-4,0
Python,https://github.com/hyperspy/hyperspy,2013-12-11,2228.0,rank-4,0
Python,https://github.com/hyperspy/hyperspy,2013-12-12,2235.0,rank-4,0
Python,https://github.com/hyperspy/hyperspy,2013-12-13,2244.0,rank-4,0
Python,https://github.com/hyperspy/hyperspy,2013-12-16,2255.0,rank-4,0
Python,https://github.com/hyperspy/hyperspy,2013-12-17,2256.0,rank-4,0
Python,https://github.com/hyperspy/hyperspy,2013-12-18,2263.0,rank-4,0
Python,https://github.com/hyperspy/hyperspy,2013-12-19,2265.0,rank-4,0
Python,https://github.com/hyperspy/hyperspy,2013-12-20,2268.0,rank-4,0
Python,https://github.com/hyperspy/hyperspy,2014-01-03,2272.0,rank-4,0
Python,https://github.com/hyperspy/hyperspy,2014-01-06,2276.0,rank-4,0
Python,https://github.com/hyperspy/hyperspy,2014-01-07,2287.0,rank-4,0
Python,https://github.com/hyperspy/hyperspy,2014-01-08,2297.0,rank-4,0
Python,https://github.com/hyperspy/hyperspy,2014-01-09,2311.0,rank-4,0
Python,https://github.com/hyperspy/hyperspy,2014-01-10,2313.0,rank-4,0
Python,https://github.com/hyperspy/hyperspy,2014-01-12,2314.0,rank-4,0
Python,https://github.com/hyperspy/hyperspy,2014-01-17,2318.0,rank-4,0
Python,https://github.com/hyperspy/hyperspy,2014-01-18,2319.0,rank-4,0
Python,https://github.com/hyperspy/hyperspy,2014-01-20,2320.0,rank-4,0
Python,https://github.com/hyperspy/hyperspy,2014-01-21,2325.0,rank-4,0
Python,https://github.com/hyperspy/hyperspy,2014-01-22,2330.0,rank-4,0
Python,https://github.com/hyperspy/hyperspy,2014-01-24,2343.0,rank-4,0
Python,https://github.com/hyperspy/hyperspy,2014-01-28,2350.0,rank-4,0
Python,https://github.com/hyperspy/hyperspy,2014-01-29,2356.0,rank-4,0
Python,https://github.com/hyperspy/hyperspy,2014-01-30,2358.0,rank-4,0
Python,https://github.com/hyperspy/hyperspy,2014-01-31,2367.0,rank-4,0
Python,https://github.com/hyperspy/hyperspy,2014-02-03,2370.0,rank-4,0
Python,https://github.com/hyperspy/hyperspy,2014-02-06,2380.0,rank-4,5
Python,https://github.com/hyperspy/hyperspy,2014-02-07,2385.0,rank-4,6
Python,https://github.com/hyperspy/hyperspy,2014-02-10,2393.0,rank-4,12
Python,https://github.com/hyperspy/hyperspy,2014-02-11,2403.0,rank-4,16
Python,https://github.com/hyperspy/hyperspy,2014-02-12,2415.0,rank-4,18
Python,https://github.com/hyperspy/hyperspy,2014-02-13,2440.0,rank-4,20
Python,https://github.com/hyperspy/hyperspy,2014-02-14,2455.0,rank-4,20
Python,https://github.com/hyperspy/hyperspy,2014-02-17,2470.0,rank-4,20
Python,https://github.com/hyperspy/hyperspy,2014-02-18,2513.0,rank-4,20
Python,https://github.com/hyperspy/hyperspy,2014-02-19,2545.0,rank-4,21
Python,https://github.com/hyperspy/hyperspy,2014-02-20,2598.0,rank-4,21
Python,https://github.com/hyperspy/hyperspy,2014-02-21,2649.0,rank-4,21
Python,https://github.com/hyperspy/hyperspy,2014-02-24,2654.0,rank-4,21
Python,https://github.com/hyperspy/hyperspy,2014-02-25,2672.0,rank-4,26
Python,https://github.com/hyperspy/hyperspy,2014-02-26,2683.0,rank-4,29
Python,https://github.com/hyperspy/hyperspy,2014-02-27,2685.0,rank-4,31
Python,https://github.com/hyperspy/hyperspy,2014-03-05,2688.0,rank-4,31
Python,https://github.com/hyperspy/hyperspy,2014-03-06,2690.0,rank-4,31
Python,https://github.com/hyperspy/hyperspy,2014-03-07,2697.0,rank-4,31
Python,https://github.com/hyperspy/hyperspy,2014-03-10,2718.0,rank-4,31
Python,https://github.com/hyperspy/hyperspy,2014-03-11,2730.0,rank-4,31
Python,https://github.com/hyperspy/hyperspy,2014-03-12,2755.0,rank-4,35
Python,https://github.com/hyperspy/hyperspy,2014-03-13,2767.0,rank-4,35
Python,https://github.com/hyperspy/hyperspy,2014-03-14,2774.0,rank-4,36
Python,https://github.com/hyperspy/hyperspy,2014-03-15,2780.0,rank-4,36
Python,https://github.com/hyperspy/hyperspy,2014-03-16,2785.0,rank-4,36
Python,https://github.com/hyperspy/hyperspy,2014-03-17,2796.0,rank-4,37
Python,https://github.com/hyperspy/hyperspy,2014-03-18,2805.0,rank-4,37
Python,https://github.com/hyperspy/hyperspy,2014-03-19,2822.0,rank-4,37
Python,https://github.com/hyperspy/hyperspy,2014-03-20,2840.0,rank-4,48
Python,https://github.com/hyperspy/hyperspy,2014-03-21,2845.0,rank-4,48
Python,https://github.com/hyperspy/hyperspy,2014-03-25,2848.0,rank-4,51
Python,https://github.com/hyperspy/hyperspy,2014-03-26,2858.0,rank-4,51
Python,https://github.com/hyperspy/hyperspy,2014-03-27,2867.0,rank-4,51
Python,https://github.com/hyperspy/hyperspy,2014-03-28,2869.0,rank-4,51
Python,https://github.com/hyperspy/hyperspy,2014-03-31,2899.0,rank-4,59
Python,https://github.com/hyperspy/hyperspy,2014-04-01,2928.0,rank-4,59
Python,https://github.com/hyperspy/hyperspy,2014-04-02,2936.0,rank-4,59
Python,https://github.com/hyperspy/hyperspy,2014-04-03,2961.0,rank-4,59
Python,https://github.com/hyperspy/hyperspy,2014-04-04,2964.0,rank-4,59
Python,https://github.com/hyperspy/hyperspy,2014-04-07,2970.0,rank-4,59
Python,https://github.com/hyperspy/hyperspy,2014-04-08,2977.0,rank-4,59
Python,https://github.com/hyperspy/hyperspy,2014-04-15,2987.0,rank-4,59
Python,https://github.com/hyperspy/hyperspy,2014-04-16,2997.0,rank-4,59
Python,https://github.com/hyperspy/hyperspy,2014-04-17,3005.0,rank-4,61
Python,https://github.com/hyperspy/hyperspy,2014-04-22,3016.0,rank-4,61
Python,https://github.com/hyperspy/hyperspy,2014-04-23,3034.0,rank-4,61
Python,https://github.com/hyperspy/hyperspy,2014-04-25,3038.0,rank-4,61
Python,https://github.com/hyperspy/hyperspy,2014-04-28,3056.0,rank-4,76
Python,https://github.com/hyperspy/hyperspy,2014-04-30,3070.0,rank-4,76
Python,https://github.com/hyperspy/hyperspy,2014-05-01,3082.0,rank-4,77
Python,https://github.com/hyperspy/hyperspy,2014-05-02,3108.0,rank-4,77
Python,https://github.com/hyperspy/hyperspy,2014-05-21,3110.0,rank-4,77
Python,https://github.com/hyperspy/hyperspy,2014-05-22,3112.0,rank-4,77
Python,https://github.com/hyperspy/hyperspy,2014-05-28,3119.0,rank-4,77
Python,https://github.com/hyperspy/hyperspy,2014-05-29,3120.0,rank-4,77
Python,https://github.com/hyperspy/hyperspy,2014-05-30,3124.0,rank-4,77
Python,https://github.com/hyperspy/hyperspy,2014-06-02,3126.0,rank-4,77
Python,https://github.com/hyperspy/hyperspy,2014-06-03,3127.0,rank-4,77
Python,https://github.com/hyperspy/hyperspy,2014-06-04,3128.0,rank-4,77
Python,https://github.com/hyperspy/hyperspy,2014-06-10,3136.0,rank-4,77
Python,https://github.com/hyperspy/hyperspy,2014-06-11,3152.0,rank-4,77
Python,https://github.com/hyperspy/hyperspy,2014-06-12,3159.0,rank-4,77
Python,https://github.com/hyperspy/hyperspy,2014-06-16,3168.0,rank-4,77
Python,https://github.com/hyperspy/hyperspy,2014-06-17,3176.0,rank-4,77
Python,https://github.com/hyperspy/hyperspy,2014-06-19,3179.0,rank-4,77
Python,https://github.com/hyperspy/hyperspy,2014-06-20,3180.0,rank-4,77
Python,https://github.com/hyperspy/hyperspy,2014-06-21,3182.0,rank-4,77
Python,https://github.com/hyperspy/hyperspy,2014-06-24,3184.0,rank-4,77
Python,https://github.com/hyperspy/hyperspy,2014-06-25,3185.0,rank-4,77
Python,https://github.com/hyperspy/hyperspy,2014-06-30,3189.0,rank-4,77
Python,https://github.com/hyperspy/hyperspy,2014-07-31,3193.0,rank-4,77
Python,https://github.com/hyperspy/hyperspy,2014-08-05,3199.0,rank-4,77
Python,https://github.com/hyperspy/hyperspy,2014-08-06,3202.0,rank-4,77
Python,https://github.com/hyperspy/hyperspy,2014-08-07,3209.0,rank-4,79
Python,https://github.com/hyperspy/hyperspy,2014-08-08,3211.0,rank-4,79
Python,https://github.com/hyperspy/hyperspy,2014-08-11,3212.0,rank-4,79
Python,https://github.com/hyperspy/hyperspy,2014-08-14,3213.0,rank-4,79
Python,https://github.com/hyperspy/hyperspy,2014-08-15,3215.0,rank-4,79
Python,https://github.com/hyperspy/hyperspy,2014-08-18,3226.0,rank-4,79
Python,https://github.com/hyperspy/hyperspy,2014-08-20,3235.0,rank-4,79
Python,https://github.com/hyperspy/hyperspy,2014-08-21,3259.0,rank-4,79
Python,https://github.com/hyperspy/hyperspy,2014-08-22,3278.0,rank-4,79
Python,https://github.com/hyperspy/hyperspy,2014-08-25,3280.0,rank-4,79
Python,https://github.com/hyperspy/hyperspy,2014-09-02,3290.0,rank-4,82
Python,https://github.com/hyperspy/hyperspy,2014-09-03,3292.0,rank-4,82
Python,https://github.com/hyperspy/hyperspy,2014-09-23,3293.0,rank-4,83
Python,https://github.com/hyperspy/hyperspy,2014-10-01,3295.0,rank-4,83
Python,https://github.com/hyperspy/hyperspy,2014-10-15,3298.0,rank-4,86
Python,https://github.com/hyperspy/hyperspy,2014-10-16,3308.0,rank-4,91
Python,https://github.com/hyperspy/hyperspy,2014-10-17,3311.0,rank-4,91
Python,https://github.com/hyperspy/hyperspy,2014-10-21,3315.0,rank-4,91
Python,https://github.com/hyperspy/hyperspy,2014-10-23,3317.0,rank-4,91
Python,https://github.com/hyperspy/hyperspy,2014-10-24,3325.0,rank-4,91
Python,https://github.com/hyperspy/hyperspy,2014-10-25,3330.0,rank-4,91
Python,https://github.com/hyperspy/hyperspy,2014-10-27,3338.0,rank-4,91
Python,https://github.com/hyperspy/hyperspy,2014-10-30,3343.0,rank-4,91
Python,https://github.com/hyperspy/hyperspy,2014-11-01,3348.0,rank-4,91
Python,https://github.com/hyperspy/hyperspy,2014-11-03,3352.0,rank-4,91
Python,https://github.com/hyperspy/hyperspy,2014-11-04,3359.0,rank-4,97
Python,https://github.com/hyperspy/hyperspy,2014-11-06,3360.0,rank-4,98
Python,https://github.com/hyperspy/hyperspy,2014-11-14,3367.0,rank-4,98
Python,https://github.com/hyperspy/hyperspy,2014-11-17,3378.0,rank-4,100
Python,https://github.com/hyperspy/hyperspy,2014-11-18,3390.0,rank-4,100
Python,https://github.com/hyperspy/hyperspy,2014-11-20,3391.0,rank-4,100
Python,https://github.com/hyperspy/hyperspy,2014-11-24,3393.0,rank-4,100
Python,https://github.com/hyperspy/hyperspy,2014-11-25,3394.0,rank-4,100
Python,https://github.com/hyperspy/hyperspy,2014-12-02,3396.0,rank-4,102
Python,https://github.com/hyperspy/hyperspy,2014-12-05,3399.0,rank-4,102
Python,https://github.com/hyperspy/hyperspy,2014-12-06,3401.0,rank-4,102
Python,https://github.com/hyperspy/hyperspy,2014-12-07,3403.0,rank-4,102
Python,https://github.com/hyperspy/hyperspy,2014-12-08,3404.0,rank-4,102
Python,https://github.com/hyperspy/hyperspy,2014-12-09,3405.0,rank-4,102
Python,https://github.com/hyperspy/hyperspy,2014-12-10,3410.0,rank-4,102
Python,https://github.com/hyperspy/hyperspy,2014-12-21,3411.0,rank-4,102
Python,https://github.com/hyperspy/hyperspy,2015-01-05,3413.0,rank-4,102
Python,https://github.com/hyperspy/hyperspy,2015-01-06,3415.0,rank-4,102
Python,https://github.com/hyperspy/hyperspy,2015-01-08,3416.0,rank-4,102
Python,https://github.com/hyperspy/hyperspy,2015-01-09,3417.0,rank-4,102
Python,https://github.com/hyperspy/hyperspy,2015-01-12,3421.0,rank-4,102
Python,https://github.com/hyperspy/hyperspy,2015-01-13,3424.0,rank-4,102
Python,https://github.com/hyperspy/hyperspy,2015-01-14,3428.0,rank-4,102
Python,https://github.com/hyperspy/hyperspy,2015-01-15,3446.0,rank-4,102
Python,https://github.com/hyperspy/hyperspy,2015-01-16,3465.0,rank-4,102
Python,https://github.com/hyperspy/hyperspy,2015-01-18,3466.0,rank-4,102
Python,https://github.com/hyperspy/hyperspy,2015-01-19,3469.0,rank-4,102
Python,https://github.com/hyperspy/hyperspy,2015-01-20,3470.0,rank-4,102
Python,https://github.com/hyperspy/hyperspy,2015-01-22,3477.0,rank-4,102
Python,https://github.com/hyperspy/hyperspy,2015-01-23,3482.0,rank-4,102
Python,https://github.com/hyperspy/hyperspy,2015-01-26,3488.0,rank-4,102
Python,https://github.com/hyperspy/hyperspy,2015-01-27,3500.0,rank-4,102
Python,https://github.com/hyperspy/hyperspy,2015-01-28,3505.0,rank-4,102
Python,https://github.com/hyperspy/hyperspy,2015-01-29,3516.0,rank-4,102
Python,https://github.com/hyperspy/hyperspy,2015-01-30,3534.0,rank-4,102
Python,https://github.com/hyperspy/hyperspy,2015-01-31,3535.0,rank-4,102
Python,https://github.com/hyperspy/hyperspy,2015-02-01,3539.0,rank-4,102
Python,https://github.com/hyperspy/hyperspy,2015-02-02,3553.0,rank-4,102
Python,https://github.com/hyperspy/hyperspy,2015-02-03,3556.0,rank-4,103
Python,https://github.com/hyperspy/hyperspy,2015-02-04,3569.0,rank-4,103
Python,https://github.com/hyperspy/hyperspy,2015-02-06,3578.0,rank-4,103
Python,https://github.com/hyperspy/hyperspy,2015-02-07,3586.0,rank-4,103
Python,https://github.com/hyperspy/hyperspy,2015-02-16,3591.0,rank-4,103
Python,https://github.com/hyperspy/hyperspy,2015-02-24,3594.0,rank-4,103
Python,https://github.com/hyperspy/hyperspy,2015-02-26,3600.0,rank-4,103
Python,https://github.com/hyperspy/hyperspy,2015-02-27,3618.0,rank-4,103
Python,https://github.com/hyperspy/hyperspy,2015-03-02,3631.0,rank-4,103
Python,https://github.com/hyperspy/hyperspy,2015-03-03,3637.0,rank-4,103
Python,https://github.com/hyperspy/hyperspy,2015-03-04,3642.0,rank-4,103
Python,https://github.com/hyperspy/hyperspy,2015-03-05,3644.0,rank-4,103
Python,https://github.com/hyperspy/hyperspy,2015-03-06,3655.0,rank-4,103
Python,https://github.com/hyperspy/hyperspy,2015-03-09,3660.0,rank-4,103
Python,https://github.com/hyperspy/hyperspy,2015-03-10,3667.0,rank-4,103
Python,https://github.com/hyperspy/hyperspy,2015-03-11,3676.0,rank-4,105
Python,https://github.com/hyperspy/hyperspy,2015-03-12,3693.0,rank-4,105
Python,https://github.com/hyperspy/hyperspy,2015-03-23,3696.0,rank-4,105
Python,https://github.com/hyperspy/hyperspy,2015-03-26,3703.0,rank-4,105
Python,https://github.com/hyperspy/hyperspy,2015-03-27,3704.0,rank-4,105
Python,https://github.com/hyperspy/hyperspy,2015-03-28,3706.0,rank-4,105
Python,https://github.com/hyperspy/hyperspy,2015-03-30,3729.0,rank-4,108
Python,https://github.com/hyperspy/hyperspy,2015-03-31,3765.0,rank-4,108
Python,https://github.com/hyperspy/hyperspy,2015-04-01,3799.0,rank-4,113
Python,https://github.com/hyperspy/hyperspy,2015-04-02,3824.0,rank-4,124
Python,https://github.com/hyperspy/hyperspy,2015-04-03,3826.0,rank-4,125
Python,https://github.com/hyperspy/hyperspy,2015-04-05,3830.0,rank-4,125
Python,https://github.com/hyperspy/hyperspy,2015-04-06,3868.0,rank-4,137
Python,https://github.com/hyperspy/hyperspy,2015-04-07,3889.0,rank-4,146
Python,https://github.com/hyperspy/hyperspy,2015-04-08,3892.0,rank-4,146
Python,https://github.com/hyperspy/hyperspy,2015-04-15,3897.0,rank-4,146
Python,https://github.com/hyperspy/hyperspy,2015-04-17,3900.0,rank-4,146
Python,https://github.com/hyperspy/hyperspy,2015-04-20,3902.0,rank-4,146
Python,https://github.com/hyperspy/hyperspy,2015-04-21,3903.0,rank-4,146
Python,https://github.com/hyperspy/hyperspy,2015-04-22,3910.0,rank-4,153
Python,https://github.com/hyperspy/hyperspy,2015-04-24,3912.0,rank-4,153
Python,https://github.com/hyperspy/hyperspy,2015-04-27,3919.0,rank-4,160
Python,https://github.com/hyperspy/hyperspy,2015-04-28,3923.0,rank-4,160
Python,https://github.com/hyperspy/hyperspy,2015-04-29,3924.0,rank-4,160
Python,https://github.com/hyperspy/hyperspy,2015-04-30,3926.0,rank-4,160
Python,https://github.com/hyperspy/hyperspy,2015-05-05,3928.0,rank-4,160
Python,https://github.com/hyperspy/hyperspy,2015-05-06,3930.0,rank-4,160
Python,https://github.com/hyperspy/hyperspy,2015-05-07,3937.0,rank-4,160
Python,https://github.com/hyperspy/hyperspy,2015-05-08,3941.0,rank-4,160
Python,https://github.com/hyperspy/hyperspy,2015-05-09,3943.0,rank-4,160
Python,https://github.com/hyperspy/hyperspy,2015-05-11,3947.0,rank-4,161
Python,https://github.com/hyperspy/hyperspy,2015-05-27,3950.0,rank-4,161
Python,https://github.com/hyperspy/hyperspy,2015-06-02,3975.0,rank-4,161
Python,https://github.com/hyperspy/hyperspy,2015-06-03,3976.0,rank-4,161
Python,https://github.com/hyperspy/hyperspy,2015-06-04,3992.0,rank-4,166
Python,https://github.com/hyperspy/hyperspy,2015-06-05,3999.0,rank-4,171
Python,https://github.com/hyperspy/hyperspy,2015-06-08,4002.0,rank-4,171
Python,https://github.com/hyperspy/hyperspy,2015-06-12,4007.0,rank-4,171
Python,https://github.com/hyperspy/hyperspy,2015-06-15,4008.0,rank-4,171
Python,https://github.com/hyperspy/hyperspy,2015-06-16,4015.0,rank-4,175
Python,https://github.com/hyperspy/hyperspy,2015-06-17,4021.0,rank-4,178
Python,https://github.com/hyperspy/hyperspy,2015-06-26,4023.0,rank-4,178
Python,https://github.com/hyperspy/hyperspy,2015-06-28,4024.0,rank-4,178
Python,https://github.com/hyperspy/hyperspy,2015-07-01,4025.0,rank-4,178
Python,https://github.com/hyperspy/hyperspy,2015-07-03,4028.0,rank-4,180
Python,https://github.com/hyperspy/hyperspy,2015-07-08,4030.0,rank-4,180
Python,https://github.com/hyperspy/hyperspy,2015-07-09,4032.0,rank-4,180
Python,https://github.com/hyperspy/hyperspy,2015-07-11,4045.0,rank-4,180
Python,https://github.com/hyperspy/hyperspy,2015-07-13,4053.0,rank-4,180
Python,https://github.com/hyperspy/hyperspy,2015-07-14,4064.0,rank-4,181
Python,https://github.com/hyperspy/hyperspy,2015-07-15,4067.0,rank-4,181
Python,https://github.com/hyperspy/hyperspy,2015-07-16,4079.0,rank-4,181
Python,https://github.com/hyperspy/hyperspy,2015-07-17,4081.0,rank-4,181
Python,https://github.com/hyperspy/hyperspy,2015-07-20,4087.0,rank-4,182
Python,https://github.com/hyperspy/hyperspy,2015-07-21,4143.0,rank-4,182
Python,https://github.com/hyperspy/hyperspy,2015-07-22,4153.0,rank-4,183
Python,https://github.com/hyperspy/hyperspy,2015-07-23,4179.0,rank-4,184
Python,https://github.com/hyperspy/hyperspy,2015-07-24,4226.0,rank-4,191
Python,https://github.com/hyperspy/hyperspy,2015-07-26,4229.0,rank-4,191
Python,https://github.com/hyperspy/hyperspy,2015-07-27,4236.0,rank-4,191
Python,https://github.com/hyperspy/hyperspy,2015-07-28,4241.0,rank-4,195
Python,https://github.com/hyperspy/hyperspy,2015-07-29,4250.0,rank-4,198
Python,https://github.com/hyperspy/hyperspy,2015-07-30,4289.0,rank-4,212
Python,https://github.com/hyperspy/hyperspy,2015-07-31,4299.0,rank-4,216
Python,https://github.com/hyperspy/hyperspy,2015-08-01,4300.0,rank-4,216
Python,https://github.com/hyperspy/hyperspy,2015-08-02,4304.0,rank-4,220
Python,https://github.com/hyperspy/hyperspy,2015-08-03,4307.0,rank-4,223
Python,https://github.com/hyperspy/hyperspy,2015-08-04,4317.0,rank-4,232
Python,https://github.com/hyperspy/hyperspy,2015-08-05,4338.0,rank-4,246
Python,https://github.com/hyperspy/hyperspy,2015-08-06,4399.0,rank-4,272
Python,https://github.com/hyperspy/hyperspy,2015-08-07,4450.0,rank-4,284
Python,https://github.com/hyperspy/hyperspy,2015-08-10,4485.0,rank-4,294
Python,https://github.com/hyperspy/hyperspy,2015-08-11,4517.0,rank-4,311
Python,https://github.com/hyperspy/hyperspy,2015-08-12,4541.0,rank-4,320
Python,https://github.com/hyperspy/hyperspy,2015-08-13,4548.0,rank-4,320
Python,https://github.com/hyperspy/hyperspy,2015-08-14,4553.0,rank-4,320
Python,https://github.com/hyperspy/hyperspy,2015-08-15,4554.0,rank-4,320
Python,https://github.com/hyperspy/hyperspy,2015-08-17,4556.0,rank-4,320
Python,https://github.com/hyperspy/hyperspy,2015-08-19,4558.0,rank-4,320
Python,https://github.com/hyperspy/hyperspy,2015-08-20,4559.0,rank-4,320
Python,https://github.com/hyperspy/hyperspy,2015-08-22,4560.0,rank-4,320
Python,https://github.com/hyperspy/hyperspy,2015-08-23,4564.0,rank-4,320
Python,https://github.com/hyperspy/hyperspy,2015-08-27,4569.0,rank-4,321
Python,https://github.com/hyperspy/hyperspy,2015-08-29,4573.0,rank-4,321
Python,https://github.com/hyperspy/hyperspy,2015-09-02,4574.0,rank-4,321
Python,https://github.com/hyperspy/hyperspy,2015-09-04,4577.0,rank-4,324
Python,https://github.com/hyperspy/hyperspy,2015-09-06,4579.0,rank-4,326
Python,https://github.com/hyperspy/hyperspy,2015-09-07,4587.0,rank-4,333
Python,https://github.com/hyperspy/hyperspy,2015-09-08,4590.0,rank-4,333
Python,https://github.com/hyperspy/hyperspy,2015-09-09,4592.0,rank-4,335
Python,https://github.com/hyperspy/hyperspy,2015-09-10,4595.0,rank-4,338
Python,https://github.com/hyperspy/hyperspy,2015-09-18,4598.0,rank-4,339
Python,https://github.com/hyperspy/hyperspy,2015-09-19,4599.0,rank-4,340
Python,https://github.com/hyperspy/hyperspy,2015-09-23,4605.0,rank-4,341
Python,https://github.com/hyperspy/hyperspy,2015-09-24,4607.0,rank-4,343
Python,https://github.com/hyperspy/hyperspy,2015-09-25,4613.0,rank-4,349
Python,https://github.com/hyperspy/hyperspy,2015-09-28,4614.0,rank-4,349
Python,https://github.com/hyperspy/hyperspy,2015-10-06,4620.0,rank-4,355
Python,https://github.com/hyperspy/hyperspy,2015-10-07,4622.0,rank-4,357
Python,https://github.com/hyperspy/hyperspy,2015-10-13,4623.0,rank-4,357
Python,https://github.com/hyperspy/hyperspy,2015-10-21,4624.0,rank-4,357
Python,https://github.com/hyperspy/hyperspy,2015-10-27,4627.0,rank-4,358
Python,https://github.com/hyperspy/hyperspy,2015-10-29,4630.0,rank-4,359
Python,https://github.com/hyperspy/hyperspy,2015-10-30,4631.0,rank-4,359
Python,https://github.com/hyperspy/hyperspy,2015-11-02,4636.0,rank-4,360
Python,https://github.com/hyperspy/hyperspy,2015-11-03,4661.0,rank-4,360
Python,https://github.com/hyperspy/hyperspy,2015-11-04,4676.0,rank-4,361
Python,https://github.com/hyperspy/hyperspy,2015-11-05,4684.0,rank-4,363
Python,https://github.com/hyperspy/hyperspy,2015-11-06,4700.0,rank-4,370
Python,https://github.com/hyperspy/hyperspy,2015-11-07,4701.0,rank-4,370
Python,https://github.com/hyperspy/hyperspy,2015-11-08,4702.0,rank-4,370
Python,https://github.com/hyperspy/hyperspy,2015-11-09,4716.0,rank-4,377
Python,https://github.com/hyperspy/hyperspy,2015-11-10,4720.0,rank-4,381
Python,https://github.com/hyperspy/hyperspy,2015-11-13,4722.0,rank-4,381
Python,https://github.com/hyperspy/hyperspy,2015-11-17,4726.0,rank-4,382
Python,https://github.com/hyperspy/hyperspy,2015-11-20,4728.0,rank-4,384
Python,https://github.com/hyperspy/hyperspy,2015-11-22,4732.0,rank-4,388
Python,https://github.com/hyperspy/hyperspy,2015-11-23,4733.0,rank-4,388
Python,https://github.com/hyperspy/hyperspy,2015-11-24,4734.0,rank-4,389
Python,https://github.com/hyperspy/hyperspy,2015-11-25,4736.0,rank-4,391
Python,https://github.com/hyperspy/hyperspy,2015-11-26,4738.0,rank-4,393
Python,https://github.com/hyperspy/hyperspy,2015-11-27,4741.0,rank-4,395
Python,https://github.com/hyperspy/hyperspy,2015-12-01,4747.0,rank-4,396
Python,https://github.com/hyperspy/hyperspy,2015-12-02,4775.0,rank-4,402
Python,https://github.com/hyperspy/hyperspy,2015-12-03,4789.0,rank-4,405
Python,https://github.com/hyperspy/hyperspy,2015-12-04,4797.0,rank-4,408
Python,https://github.com/hyperspy/hyperspy,2015-12-05,4802.0,rank-4,408
Python,https://github.com/hyperspy/hyperspy,2015-12-06,4824.0,rank-4,408
Python,https://github.com/hyperspy/hyperspy,2015-12-07,4845.0,rank-4,408
Python,https://github.com/hyperspy/hyperspy,2015-12-08,4860.0,rank-4,408
Python,https://github.com/hyperspy/hyperspy,2015-12-09,4875.0,rank-4,408
Python,https://github.com/hyperspy/hyperspy,2015-12-10,4890.0,rank-4,408
Python,https://github.com/hyperspy/hyperspy,2015-12-11,4896.0,rank-4,410
Python,https://github.com/hyperspy/hyperspy,2015-12-12,4904.0,rank-4,410
Python,https://github.com/hyperspy/hyperspy,2015-12-13,4908.0,rank-4,410
Python,https://github.com/hyperspy/hyperspy,2015-12-14,4918.0,rank-4,411
Python,https://github.com/hyperspy/hyperspy,2015-12-15,4939.0,rank-4,411
Python,https://github.com/hyperspy/hyperspy,2015-12-16,4947.0,rank-4,411
Python,https://github.com/hyperspy/hyperspy,2015-12-18,4962.0,rank-4,412
Python,https://github.com/hyperspy/hyperspy,2015-12-19,4970.0,rank-4,412
Python,https://github.com/hyperspy/hyperspy,2015-12-20,4974.0,rank-4,412
Python,https://github.com/hyperspy/hyperspy,2015-12-21,4975.0,rank-4,412
Python,https://github.com/hyperspy/hyperspy,2015-12-23,4978.0,rank-4,412
Python,https://github.com/hyperspy/hyperspy,2015-12-29,4982.0,rank-4,412
Python,https://github.com/hyperspy/hyperspy,2015-12-30,4984.0,rank-4,412
Python,https://github.com/hyperspy/hyperspy,2015-12-31,4987.0,rank-4,412
Python,https://github.com/hyperspy/hyperspy,2016-01-01,4993.0,rank-4,412
Python,https://github.com/hyperspy/hyperspy,2016-01-04,4995.0,rank-4,413
Python,https://github.com/hyperspy/hyperspy,2016-01-05,5000.0,rank-4,416
Python,https://github.com/hyperspy/hyperspy,2016-01-06,5011.0,rank-4,417
Python,https://github.com/hyperspy/hyperspy,2016-01-07,5025.0,rank-4,419
Python,https://github.com/hyperspy/hyperspy,2016-01-08,5033.0,rank-4,419
Python,https://github.com/hyperspy/hyperspy,2016-01-09,5035.0,rank-4,419
Python,https://github.com/hyperspy/hyperspy,2016-01-11,5048.0,rank-4,420
Python,https://github.com/hyperspy/hyperspy,2016-01-12,5073.0,rank-4,423
Python,https://github.com/hyperspy/hyperspy,2016-01-13,5100.0,rank-4,429
Python,https://github.com/hyperspy/hyperspy,2016-01-14,5120.0,rank-4,432
Python,https://github.com/hyperspy/hyperspy,2016-01-15,5141.0,rank-4,434
Python,https://github.com/hyperspy/hyperspy,2016-01-17,5145.0,rank-4,434
Python,https://github.com/hyperspy/hyperspy,2016-01-18,5166.0,rank-4,436
Python,https://github.com/hyperspy/hyperspy,2016-01-19,5184.0,rank-4,436
Python,https://github.com/hyperspy/hyperspy,2016-01-20,5204.0,rank-4,438
Python,https://github.com/hyperspy/hyperspy,2016-01-21,5216.0,rank-4,443
Python,https://github.com/hyperspy/hyperspy,2016-01-22,5259.0,rank-4,444
Python,https://github.com/hyperspy/hyperspy,2016-01-25,5266.0,rank-4,445
Python,https://github.com/hyperspy/hyperspy,2016-01-26,5287.0,rank-4,445
Python,https://github.com/hyperspy/hyperspy,2016-01-27,5327.0,rank-4,447
Python,https://github.com/hyperspy/hyperspy,2016-01-28,5361.0,rank-4,447
Python,https://github.com/hyperspy/hyperspy,2016-01-29,5375.0,rank-4,447
Python,https://github.com/hyperspy/hyperspy,2016-01-30,5393.0,rank-4,448
Python,https://github.com/hyperspy/hyperspy,2016-01-31,5405.0,rank-4,448
Python,https://github.com/hyperspy/hyperspy,2016-02-01,5431.0,rank-4,449
Python,https://github.com/hyperspy/hyperspy,2016-02-03,5449.0,rank-4,451
Python,https://github.com/hyperspy/hyperspy,2016-02-04,5461.0,rank-4,454
Python,https://github.com/hyperspy/hyperspy,2016-02-05,5467.0,rank-4,460
Python,https://github.com/hyperspy/hyperspy,2016-02-08,5472.0,rank-4,463
Python,https://github.com/hyperspy/hyperspy,2016-02-09,5485.0,rank-4,469
Python,https://github.com/hyperspy/hyperspy,2016-02-10,5494.0,rank-4,472
Python,https://github.com/hyperspy/hyperspy,2016-02-11,5511.0,rank-4,473
Python,https://github.com/hyperspy/hyperspy,2016-02-12,5527.0,rank-4,476
Python,https://github.com/hyperspy/hyperspy,2016-02-13,5530.0,rank-4,476
Python,https://github.com/hyperspy/hyperspy,2016-02-14,5532.0,rank-4,476
Python,https://github.com/hyperspy/hyperspy,2016-02-15,5559.0,rank-4,486
Python,https://github.com/hyperspy/hyperspy,2016-02-16,5566.0,rank-4,487
Python,https://github.com/hyperspy/hyperspy,2016-02-17,5567.0,rank-4,487
Python,https://github.com/hyperspy/hyperspy,2016-02-18,5574.0,rank-4,487
Python,https://github.com/hyperspy/hyperspy,2016-02-19,5579.0,rank-4,492
Python,https://github.com/hyperspy/hyperspy,2016-02-20,5586.0,rank-4,492
Python,https://github.com/hyperspy/hyperspy,2016-02-21,5590.0,rank-4,492
Python,https://github.com/hyperspy/hyperspy,2016-02-22,5594.0,rank-4,493
Python,https://github.com/hyperspy/hyperspy,2016-02-23,5597.0,rank-4,493
Python,https://github.com/hyperspy/hyperspy,2016-02-24,5613.0,rank-4,496
Python,https://github.com/hyperspy/hyperspy,2016-02-25,5619.0,rank-4,498
Python,https://github.com/hyperspy/hyperspy,2016-02-26,5629.0,rank-4,502
Python,https://github.com/hyperspy/hyperspy,2016-02-28,5631.0,rank-4,502
Python,https://github.com/hyperspy/hyperspy,2016-02-29,5641.0,rank-4,502
Python,https://github.com/hyperspy/hyperspy,2016-03-01,5646.0,rank-4,502
Python,https://github.com/hyperspy/hyperspy,2016-03-02,5673.0,rank-4,503
Python,https://github.com/hyperspy/hyperspy,2016-03-03,5684.0,rank-4,503
Python,https://github.com/hyperspy/hyperspy,2016-03-04,5701.0,rank-4,503
Python,https://github.com/hyperspy/hyperspy,2016-03-06,5702.0,rank-4,503
Python,https://github.com/hyperspy/hyperspy,2016-03-07,5705.0,rank-4,503
Python,https://github.com/hyperspy/hyperspy,2016-03-08,5707.0,rank-4,503
Python,https://github.com/hyperspy/hyperspy,2016-03-09,5708.0,rank-4,504
Python,https://github.com/hyperspy/hyperspy,2016-03-10,5742.0,rank-4,512
Python,https://github.com/hyperspy/hyperspy,2016-03-11,5743.0,rank-4,512
Python,https://github.com/hyperspy/hyperspy,2016-03-14,5744.0,rank-4,512
Python,https://github.com/hyperspy/hyperspy,2016-03-15,5747.0,rank-4,515
Python,https://github.com/hyperspy/hyperspy,2016-03-17,5748.0,rank-4,515
Python,https://github.com/hyperspy/hyperspy,2016-03-20,5758.0,rank-4,515
Python,https://github.com/hyperspy/hyperspy,2016-03-22,5763.0,rank-4,516
Python,https://github.com/hyperspy/hyperspy,2016-03-23,5766.0,rank-4,516
Python,https://github.com/hyperspy/hyperspy,2016-03-24,5769.0,rank-4,518
Python,https://github.com/hyperspy/hyperspy,2016-03-29,5771.0,rank-4,518
Python,https://github.com/hyperspy/hyperspy,2016-03-30,5774.0,rank-4,518
Python,https://github.com/hyperspy/hyperspy,2016-03-31,5785.0,rank-4,518
Python,https://github.com/hyperspy/hyperspy,2016-04-01,5794.0,rank-4,518
Python,https://github.com/hyperspy/hyperspy,2016-04-02,5804.0,rank-4,518
Python,https://github.com/hyperspy/hyperspy,2016-04-03,5821.0,rank-4,518
Python,https://github.com/hyperspy/hyperspy,2016-04-04,5838.0,rank-4,518
Python,https://github.com/hyperspy/hyperspy,2016-04-05,5848.0,rank-4,519
Python,https://github.com/hyperspy/hyperspy,2016-04-06,5853.0,rank-4,520
Python,https://github.com/hyperspy/hyperspy,2016-04-07,5871.0,rank-4,520
Python,https://github.com/hyperspy/hyperspy,2016-04-08,5873.0,rank-4,521
Python,https://github.com/hyperspy/hyperspy,2016-04-09,5875.0,rank-4,521
Python,https://github.com/hyperspy/hyperspy,2016-04-10,5880.0,rank-4,521
Python,https://github.com/hyperspy/hyperspy,2016-04-11,5894.0,rank-4,521
Python,https://github.com/hyperspy/hyperspy,2016-04-12,5895.0,rank-4,521
Python,https://github.com/hyperspy/hyperspy,2016-04-13,5896.0,rank-4,521
Python,https://github.com/hyperspy/hyperspy,2016-04-14,5899.0,rank-4,522
Python,https://github.com/hyperspy/hyperspy,2016-04-15,5923.0,rank-4,522
Python,https://github.com/hyperspy/hyperspy,2016-04-16,5939.0,rank-4,522
Python,https://github.com/hyperspy/hyperspy,2016-04-17,5952.0,rank-4,522
Python,https://github.com/hyperspy/hyperspy,2016-04-18,5956.0,rank-4,526
Python,https://github.com/hyperspy/hyperspy,2016-04-22,5969.0,rank-4,526
Python,https://github.com/hyperspy/hyperspy,2016-04-23,5975.0,rank-4,526
Python,https://github.com/hyperspy/hyperspy,2016-04-24,5981.0,rank-4,526
Python,https://github.com/hyperspy/hyperspy,2016-04-25,5986.0,rank-4,527
Python,https://github.com/hyperspy/hyperspy,2016-04-26,5992.0,rank-4,528
Python,https://github.com/hyperspy/hyperspy,2016-04-27,6010.0,rank-4,530
Python,https://github.com/hyperspy/hyperspy,2016-04-28,6035.0,rank-4,531
Python,https://github.com/hyperspy/hyperspy,2016-04-29,6065.0,rank-4,531
Python,https://github.com/hyperspy/hyperspy,2016-04-30,6067.0,rank-4,532
Python,https://github.com/hyperspy/hyperspy,2016-05-01,6077.0,rank-4,532
Python,https://github.com/hyperspy/hyperspy,2016-05-02,6089.0,rank-4,532
Python,https://github.com/hyperspy/hyperspy,2016-05-03,6108.0,rank-4,536
Python,https://github.com/hyperspy/hyperspy,2016-05-04,6120.0,rank-4,541
Python,https://github.com/hyperspy/hyperspy,2016-05-05,6129.0,rank-4,543
Python,https://github.com/hyperspy/hyperspy,2016-05-06,6133.0,rank-4,544
Python,https://github.com/hyperspy/hyperspy,2016-05-07,6134.0,rank-4,544
Python,https://github.com/hyperspy/hyperspy,2016-05-09,6136.0,rank-4,544
Python,https://github.com/hyperspy/hyperspy,2016-05-10,6145.0,rank-4,544
Python,https://github.com/hyperspy/hyperspy,2016-05-11,6149.0,rank-4,544
Python,https://github.com/hyperspy/hyperspy,2016-05-12,6152.0,rank-4,544
Python,https://github.com/hyperspy/hyperspy,2016-05-18,6157.0,rank-4,544
Python,https://github.com/hyperspy/hyperspy,2016-05-19,6159.0,rank-4,544
Python,https://github.com/hyperspy/hyperspy,2016-05-23,6168.0,rank-4,546
Python,https://github.com/hyperspy/hyperspy,2016-05-24,6178.0,rank-4,547
Python,https://github.com/hyperspy/hyperspy,2016-05-25,6217.0,rank-4,562
Python,https://github.com/hyperspy/hyperspy,2016-05-26,6249.0,rank-4,572
Python,https://github.com/hyperspy/hyperspy,2016-05-27,6284.0,rank-4,576
Python,https://github.com/hyperspy/hyperspy,2016-05-28,6288.0,rank-4,576
Python,https://github.com/hyperspy/hyperspy,2016-05-29,6293.0,rank-4,576
Python,https://github.com/hyperspy/hyperspy,2016-05-30,6300.0,rank-4,580
Python,https://github.com/hyperspy/hyperspy,2016-05-31,6312.0,rank-4,581
Python,https://github.com/hyperspy/hyperspy,2016-06-01,6320.0,rank-4,583
Python,https://github.com/hyperspy/hyperspy,2016-06-02,6328.0,rank-4,583
Python,https://github.com/hyperspy/hyperspy,2016-06-03,6340.0,rank-4,588
Python,https://github.com/hyperspy/hyperspy,2016-06-04,6342.0,rank-4,588
Python,https://github.com/hyperspy/hyperspy,2016-06-09,6345.0,rank-4,588
Python,https://github.com/hyperspy/hyperspy,2016-06-10,6346.0,rank-4,588
Python,https://github.com/hyperspy/hyperspy,2016-06-12,6351.0,rank-4,593
Python,https://github.com/hyperspy/hyperspy,2016-06-13,6359.0,rank-4,601
Python,https://github.com/hyperspy/hyperspy,2016-06-14,6373.0,rank-4,605
Python,https://github.com/hyperspy/hyperspy,2016-06-15,6384.0,rank-4,610
Python,https://github.com/hyperspy/hyperspy,2016-06-16,6403.0,rank-4,611
Python,https://github.com/hyperspy/hyperspy,2016-06-17,6422.0,rank-4,612
Python,https://github.com/hyperspy/hyperspy,2016-06-18,6438.0,rank-4,612
Python,https://github.com/hyperspy/hyperspy,2016-06-19,6449.0,rank-4,613
Python,https://github.com/hyperspy/hyperspy,2016-06-20,6461.0,rank-4,616
Python,https://github.com/hyperspy/hyperspy,2016-06-21,6470.0,rank-4,617
Python,https://github.com/hyperspy/hyperspy,2016-06-22,6487.0,rank-4,617
Python,https://github.com/hyperspy/hyperspy,2016-06-23,6500.0,rank-4,617
Python,https://github.com/hyperspy/hyperspy,2016-06-24,6505.0,rank-4,619
Python,https://github.com/hyperspy/hyperspy,2016-06-25,6507.0,rank-4,619
Python,https://github.com/hyperspy/hyperspy,2016-06-26,6516.0,rank-4,619
Python,https://github.com/hyperspy/hyperspy,2016-06-27,6524.0,rank-4,621
Python,https://github.com/hyperspy/hyperspy,2016-06-29,6531.0,rank-4,621
Python,https://github.com/hyperspy/hyperspy,2016-07-01,6532.0,rank-4,621
Python,https://github.com/hyperspy/hyperspy,2016-07-02,6533.0,rank-4,621
Python,https://github.com/hyperspy/hyperspy,2016-07-03,6547.0,rank-4,621
Python,https://github.com/hyperspy/hyperspy,2016-07-04,6549.0,rank-4,622
Python,https://github.com/hyperspy/hyperspy,2016-07-05,6560.0,rank-4,623
Python,https://github.com/hyperspy/hyperspy,2016-07-06,6564.0,rank-4,623
Python,https://github.com/hyperspy/hyperspy,2016-07-07,6576.0,rank-4,623
Python,https://github.com/hyperspy/hyperspy,2016-07-08,6583.0,rank-4,624
Python,https://github.com/hyperspy/hyperspy,2016-07-09,6611.0,rank-4,624
Python,https://github.com/hyperspy/hyperspy,2016-07-10,6645.0,rank-4,624
Python,https://github.com/hyperspy/hyperspy,2016-07-11,6670.0,rank-4,624
Python,https://github.com/hyperspy/hyperspy,2016-07-12,6728.0,rank-4,624
Python,https://github.com/hyperspy/hyperspy,2016-07-13,6793.0,rank-4,624
Python,https://github.com/hyperspy/hyperspy,2016-07-14,6829.0,rank-4,624
Python,https://github.com/hyperspy/hyperspy,2016-07-15,6843.0,rank-4,624
Python,https://github.com/hyperspy/hyperspy,2016-07-16,6845.0,rank-4,624
Python,https://github.com/hyperspy/hyperspy,2016-07-17,6852.0,rank-4,624
Python,https://github.com/hyperspy/hyperspy,2016-07-18,6882.0,rank-4,624
Python,https://github.com/hyperspy/hyperspy,2016-07-19,6888.0,rank-4,624
Python,https://github.com/hyperspy/hyperspy,2016-07-20,6902.0,rank-4,624
Python,https://github.com/hyperspy/hyperspy,2016-07-21,6906.0,rank-4,624
Python,https://github.com/hyperspy/hyperspy,2016-07-24,6914.0,rank-4,625
Python,https://github.com/hyperspy/hyperspy,2016-07-25,6920.0,rank-4,626
Python,https://github.com/hyperspy/hyperspy,2016-07-26,6946.0,rank-4,627
Python,https://github.com/hyperspy/hyperspy,2016-07-27,6982.0,rank-4,635
Python,https://github.com/hyperspy/hyperspy,2016-07-28,6992.0,rank-4,641
Python,https://github.com/hyperspy/hyperspy,2016-07-29,7010.0,rank-4,649
Python,https://github.com/hyperspy/hyperspy,2016-07-30,7022.0,rank-4,649
Python,https://github.com/hyperspy/hyperspy,2016-07-31,7028.0,rank-4,649
Python,https://github.com/hyperspy/hyperspy,2016-08-01,7040.0,rank-4,656
Python,https://github.com/hyperspy/hyperspy,2016-08-02,7070.0,rank-4,658
Python,https://github.com/hyperspy/hyperspy,2016-08-03,7082.0,rank-4,658
Python,https://github.com/hyperspy/hyperspy,2016-08-05,7089.0,rank-4,658
Python,https://github.com/hyperspy/hyperspy,2016-08-06,7095.0,rank-4,658
Python,https://github.com/hyperspy/hyperspy,2016-08-07,7097.0,rank-4,658
Python,https://github.com/hyperspy/hyperspy,2016-08-08,7101.0,rank-4,658
Python,https://github.com/hyperspy/hyperspy,2016-08-09,7106.0,rank-4,658
Python,https://github.com/hyperspy/hyperspy,2016-08-10,7107.0,rank-4,658
Python,https://github.com/hyperspy/hyperspy,2016-08-11,7110.0,rank-4,658
Python,https://github.com/hyperspy/hyperspy,2016-08-12,7122.0,rank-4,658
Python,https://github.com/hyperspy/hyperspy,2016-08-14,7126.0,rank-4,658
Python,https://github.com/hyperspy/hyperspy,2016-08-15,7141.0,rank-4,658
Python,https://github.com/hyperspy/hyperspy,2016-08-19,7145.0,rank-4,658
Python,https://github.com/hyperspy/hyperspy,2016-08-21,7146.0,rank-4,658
Python,https://github.com/hyperspy/hyperspy,2016-08-22,7150.0,rank-4,658
Python,https://github.com/hyperspy/hyperspy,2016-08-23,7167.0,rank-4,658
Python,https://github.com/hyperspy/hyperspy,2016-08-24,7174.0,rank-4,658
Python,https://github.com/hyperspy/hyperspy,2016-08-25,7181.0,rank-4,658
Python,https://github.com/hyperspy/hyperspy,2016-08-26,7183.0,rank-4,658
Python,https://github.com/hyperspy/hyperspy,2016-09-02,7185.0,rank-4,658
Python,https://github.com/hyperspy/hyperspy,2016-09-05,7189.0,rank-4,658
Python,https://github.com/hyperspy/hyperspy,2016-09-06,7192.0,rank-4,658
Python,https://github.com/hyperspy/hyperspy,2016-09-07,7198.0,rank-4,658
Python,https://github.com/hyperspy/hyperspy,2016-09-08,7201.0,rank-4,658
Python,https://github.com/hyperspy/hyperspy,2016-09-09,7204.0,rank-4,658
Python,https://github.com/hyperspy/hyperspy,2016-09-12,7206.0,rank-4,658
Python,https://github.com/hyperspy/hyperspy,2016-09-14,7207.0,rank-4,658
Python,https://github.com/hyperspy/hyperspy,2016-09-15,7209.0,rank-4,658
Python,https://github.com/hyperspy/hyperspy,2016-09-16,7213.0,rank-4,658
Python,https://github.com/hyperspy/hyperspy,2016-09-19,7215.0,rank-4,658
Python,https://github.com/hyperspy/hyperspy,2016-09-21,7216.0,rank-4,658
Python,https://github.com/hyperspy/hyperspy,2016-09-22,7217.0,rank-4,658
Python,https://github.com/hyperspy/hyperspy,2016-09-23,7219.0,rank-4,658
Python,https://github.com/hyperspy/hyperspy,2016-09-28,7221.0,rank-4,658
Python,https://github.com/hyperspy/hyperspy,2016-09-30,7222.0,rank-4,658
Python,https://github.com/hyperspy/hyperspy,2016-10-03,7224.0,rank-4,658
Python,https://github.com/hyperspy/hyperspy,2016-10-04,7225.0,rank-4,658
Python,https://github.com/hyperspy/hyperspy,2016-10-07,7226.0,rank-4,658
Python,https://github.com/hyperspy/hyperspy,2016-10-08,7227.0,rank-4,658
Python,https://github.com/hyperspy/hyperspy,2016-10-10,7228.0,rank-4,658
Python,https://github.com/hyperspy/hyperspy,2016-10-12,7244.0,rank-4,658
Python,https://github.com/hyperspy/hyperspy,2016-10-13,7263.0,rank-4,658
Python,https://github.com/hyperspy/hyperspy,2016-10-14,7274.0,rank-4,658
Python,https://github.com/hyperspy/hyperspy,2016-10-16,7277.0,rank-4,658
Python,https://github.com/hyperspy/hyperspy,2016-10-17,7282.0,rank-4,658
Python,https://github.com/hyperspy/hyperspy,2016-10-20,7283.0,rank-4,658
Python,https://github.com/hyperspy/hyperspy,2016-10-25,7285.0,rank-4,658
Python,https://github.com/hyperspy/hyperspy,2016-10-27,7286.0,rank-4,658
Python,https://github.com/hyperspy/hyperspy,2016-10-28,7294.0,rank-4,658
Python,https://github.com/hyperspy/hyperspy,2016-10-30,7295.0,rank-4,658
Python,https://github.com/hyperspy/hyperspy,2016-11-01,7297.0,rank-4,658
Python,https://github.com/hyperspy/hyperspy,2016-11-02,7299.0,rank-4,658
Python,https://github.com/hyperspy/hyperspy,2016-11-03,7303.0,rank-4,658
Python,https://github.com/hyperspy/hyperspy,2016-11-07,7305.0,rank-4,658
Python,https://github.com/hyperspy/hyperspy,2016-11-08,7310.0,rank-4,658
Python,https://github.com/hyperspy/hyperspy,2016-11-09,7311.0,rank-4,658
Python,https://github.com/hyperspy/hyperspy,2016-11-10,7312.0,rank-4,658
Python,https://github.com/hyperspy/hyperspy,2016-11-11,7318.0,rank-4,658
Python,https://github.com/hyperspy/hyperspy,2016-11-14,7319.0,rank-4,658
Python,https://github.com/hyperspy/hyperspy,2016-11-17,7323.0,rank-4,658
Python,https://github.com/hyperspy/hyperspy,2016-11-18,7328.0,rank-4,658
Python,https://github.com/hyperspy/hyperspy,2016-11-19,7330.0,rank-4,658
Python,https://github.com/hyperspy/hyperspy,2016-11-21,7336.0,rank-4,658
Python,https://github.com/hyperspy/hyperspy,2016-11-22,7346.0,rank-4,658
Python,https://github.com/hyperspy/hyperspy,2016-11-23,7347.0,rank-4,658
Python,https://github.com/hyperspy/hyperspy,2016-11-26,7350.0,rank-4,658
Python,https://github.com/hyperspy/hyperspy,2016-11-28,7360.0,rank-4,658
Python,https://github.com/hyperspy/hyperspy,2016-11-29,7372.0,rank-4,658
Python,https://github.com/hyperspy/hyperspy,2016-11-30,7391.0,rank-4,658
Python,https://github.com/hyperspy/hyperspy,2016-12-02,7409.0,rank-4,658
Python,https://github.com/hyperspy/hyperspy,2016-12-05,7425.0,rank-4,658
Python,https://github.com/hyperspy/hyperspy,2016-12-06,7426.0,rank-4,658
Python,https://github.com/hyperspy/hyperspy,2016-12-07,7427.0,rank-4,658
Python,https://github.com/hyperspy/hyperspy,2016-12-08,7430.0,rank-4,658
Python,https://github.com/hyperspy/hyperspy,2016-12-09,7431.0,rank-4,658
Python,https://github.com/hyperspy/hyperspy,2016-12-12,7432.0,rank-4,658
Python,https://github.com/hyperspy/hyperspy,2016-12-13,7442.0,rank-4,658
Python,https://github.com/hyperspy/hyperspy,2016-12-14,7453.0,rank-4,658
Python,https://github.com/hyperspy/hyperspy,2016-12-15,7455.0,rank-4,658
Python,https://github.com/hyperspy/hyperspy,2016-12-16,7458.0,rank-4,658
Python,https://github.com/hyperspy/hyperspy,2016-12-19,7460.0,rank-4,658
Python,https://github.com/hyperspy/hyperspy,2016-12-20,7465.0,rank-4,658
Python,https://github.com/hyperspy/hyperspy,2016-12-21,7472.0,rank-4,658
Python,https://github.com/hyperspy/hyperspy,2016-12-22,7492.0,rank-4,658
Python,https://github.com/hyperspy/hyperspy,2016-12-23,7504.0,rank-4,658
Python,https://github.com/hyperspy/hyperspy,2016-12-24,7506.0,rank-4,658
Python,https://github.com/hyperspy/hyperspy,2016-12-25,7507.0,rank-4,658
Python,https://github.com/hyperspy/hyperspy,2016-12-26,7512.0,rank-4,658
Python,https://github.com/hyperspy/hyperspy,2016-12-27,7517.0,rank-4,658
Python,https://github.com/hyperspy/hyperspy,2016-12-28,7523.0,rank-4,658
Python,https://github.com/hyperspy/hyperspy,2017-01-02,7524.0,rank-4,658
Python,https://github.com/hyperspy/hyperspy,2017-01-03,7528.0,rank-4,658
Python,https://github.com/hyperspy/hyperspy,2017-01-04,7529.0,rank-4,658
Python,https://github.com/hyperspy/hyperspy,2017-01-05,7539.0,rank-4,658
Python,https://github.com/hyperspy/hyperspy,2017-01-06,7540.0,rank-4,658
Python,https://github.com/hyperspy/hyperspy,2017-01-07,7546.0,rank-4,658
Python,https://github.com/hyperspy/hyperspy,2017-01-08,7549.0,rank-4,658
Python,https://github.com/hyperspy/hyperspy,2017-01-09,7564.0,rank-4,658
Python,https://github.com/hyperspy/hyperspy,2017-01-10,7582.0,rank-4,658
Python,https://github.com/hyperspy/hyperspy,2017-01-11,7602.0,rank-4,658
Python,https://github.com/hyperspy/hyperspy,2017-01-12,7616.0,rank-4,658
Python,https://github.com/hyperspy/hyperspy,2017-01-13,7634.0,rank-4,658
Python,https://github.com/hyperspy/hyperspy,2017-01-14,7640.0,rank-4,658
Python,https://github.com/hyperspy/hyperspy,2017-01-16,7646.0,rank-4,658
Python,https://github.com/hyperspy/hyperspy,2017-01-17,7649.0,rank-4,658
Python,https://github.com/hyperspy/hyperspy,2017-01-18,7652.0,rank-4,658
Python,https://github.com/hyperspy/hyperspy,2017-01-19,7658.0,rank-4,658
Python,https://github.com/hyperspy/hyperspy,2017-01-20,7661.0,rank-4,658
Python,https://github.com/hyperspy/hyperspy,2017-01-21,7669.0,rank-4,658
Python,https://github.com/hyperspy/hyperspy,2017-01-22,7670.0,rank-4,658
Python,https://github.com/hyperspy/hyperspy,2017-01-23,7671.0,rank-4,658
Python,https://github.com/hyperspy/hyperspy,2017-01-26,7672.0,rank-4,658
Python,https://github.com/hyperspy/hyperspy,2017-01-27,7677.0,rank-4,658
Python,https://github.com/hyperspy/hyperspy,2017-01-28,7697.0,rank-4,658
Python,https://github.com/hyperspy/hyperspy,2017-01-29,7701.0,rank-4,658
Python,https://github.com/hyperspy/hyperspy,2017-01-30,7703.0,rank-4,658
Python,https://github.com/hyperspy/hyperspy,2017-01-31,7712.0,rank-4,658
Python,https://github.com/hyperspy/hyperspy,2017-02-01,7734.0,rank-4,658
Python,https://github.com/hyperspy/hyperspy,2017-02-02,7745.0,rank-4,658
Python,https://github.com/hyperspy/hyperspy,2017-02-03,7757.0,rank-4,658
Python,https://github.com/hyperspy/hyperspy,2017-02-04,7761.0,rank-4,658
Python,https://github.com/hyperspy/hyperspy,2017-02-05,7783.0,rank-4,658
Python,https://github.com/hyperspy/hyperspy,2017-02-06,7805.0,rank-4,658
Python,https://github.com/hyperspy/hyperspy,2017-02-07,7821.0,rank-4,658
Python,https://github.com/hyperspy/hyperspy,2017-02-08,7847.0,rank-4,658
Python,https://github.com/hyperspy/hyperspy,2017-02-09,7871.0,rank-4,658
Python,https://github.com/hyperspy/hyperspy,2017-02-10,7887.0,rank-4,658
Python,https://github.com/hyperspy/hyperspy,2017-02-11,7892.0,rank-4,658
Python,https://github.com/hyperspy/hyperspy,2017-02-12,7897.0,rank-4,658
Python,https://github.com/hyperspy/hyperspy,2017-02-13,7911.0,rank-4,658
Python,https://github.com/hyperspy/hyperspy,2017-02-14,7917.0,rank-4,658
Python,https://github.com/hyperspy/hyperspy,2017-02-15,7920.0,rank-4,658
Python,https://github.com/hyperspy/hyperspy,2017-02-16,7934.0,rank-4,658
Python,https://github.com/hyperspy/hyperspy,2017-02-17,7948.0,rank-4,658
Python,https://github.com/hyperspy/hyperspy,2017-02-18,7970.0,rank-4,658
Python,https://github.com/hyperspy/hyperspy,2017-02-19,8003.0,rank-4,658
Python,https://github.com/hyperspy/hyperspy,2017-02-20,8027.0,rank-4,658
Python,https://github.com/hyperspy/hyperspy,2017-02-21,8043.0,rank-4,658
Python,https://github.com/hyperspy/hyperspy,2017-02-22,8063.0,rank-4,658
Python,https://github.com/hyperspy/hyperspy,2017-02-23,8076.0,rank-4,658
Python,https://github.com/hyperspy/hyperspy,2017-02-24,8098.0,rank-4,658
Python,https://github.com/hyperspy/hyperspy,2017-02-25,8109.0,rank-4,658
Python,https://github.com/hyperspy/hyperspy,2017-02-26,8112.0,rank-4,658
Python,https://github.com/hyperspy/hyperspy,2017-02-27,8119.0,rank-4,658
Python,https://github.com/hyperspy/hyperspy,2017-02-28,8152.0,rank-4,658
Python,https://github.com/hyperspy/hyperspy,2017-03-01,8175.0,rank-4,658
Python,https://github.com/hyperspy/hyperspy,2017-03-02,8186.0,rank-4,658
Python,https://github.com/hyperspy/hyperspy,2017-03-03,8191.0,rank-4,658
Python,https://github.com/hyperspy/hyperspy,2017-03-04,8203.0,rank-4,658
Python,https://github.com/hyperspy/hyperspy,2017-03-05,8208.0,rank-4,658
Python,https://github.com/hyperspy/hyperspy,2017-03-06,8215.0,rank-4,658
Python,https://github.com/hyperspy/hyperspy,2017-03-07,8216.0,rank-4,658
Python,https://github.com/hyperspy/hyperspy,2017-03-09,8225.0,rank-4,658
Python,https://github.com/hyperspy/hyperspy,2017-03-10,8228.0,rank-4,658
Python,https://github.com/hyperspy/hyperspy,2017-03-11,8229.0,rank-4,658
Python,https://github.com/hyperspy/hyperspy,2017-03-13,8231.0,rank-4,658
Python,https://github.com/hyperspy/hyperspy,2017-03-14,8234.0,rank-4,658
Python,https://github.com/hyperspy/hyperspy,2017-03-15,8245.0,rank-4,658
Python,https://github.com/hyperspy/hyperspy,2017-03-16,8249.0,rank-4,658
Python,https://github.com/hyperspy/hyperspy,2017-03-17,8260.0,rank-4,658
Python,https://github.com/hyperspy/hyperspy,2017-03-18,8262.0,rank-4,658
Python,https://github.com/hyperspy/hyperspy,2017-03-19,8266.0,rank-4,658
Python,https://github.com/hyperspy/hyperspy,2017-03-20,8272.0,rank-4,658
Python,https://github.com/hyperspy/hyperspy,2017-03-21,8275.0,rank-4,658
Python,https://github.com/hyperspy/hyperspy,2017-03-22,8297.0,rank-4,658
Python,https://github.com/hyperspy/hyperspy,2017-03-23,8316.0,rank-4,658
Python,https://github.com/hyperspy/hyperspy,2017-03-24,8320.0,rank-4,658
Python,https://github.com/hyperspy/hyperspy,2017-03-25,8321.0,rank-4,658
Python,https://github.com/hyperspy/hyperspy,2017-03-27,8342.0,rank-4,658
Python,https://github.com/hyperspy/hyperspy,2017-03-28,8350.0,rank-4,658
Python,https://github.com/hyperspy/hyperspy,2017-03-31,8367.0,rank-4,658
Python,https://github.com/hyperspy/hyperspy,2017-04-02,8387.0,rank-4,658
Python,https://github.com/hyperspy/hyperspy,2017-04-03,8400.0,rank-4,658
Python,https://github.com/hyperspy/hyperspy,2017-04-04,8410.0,rank-4,658
Python,https://github.com/hyperspy/hyperspy,2017-04-05,8419.0,rank-4,658
Python,https://github.com/hyperspy/hyperspy,2017-04-06,8432.0,rank-4,658
Python,https://github.com/hyperspy/hyperspy,2017-04-07,8448.0,rank-4,658
Python,https://github.com/hyperspy/hyperspy,2017-04-08,8480.0,rank-4,658
Python,https://github.com/hyperspy/hyperspy,2017-04-09,8519.0,rank-4,658
Python,https://github.com/hyperspy/hyperspy,2017-04-10,8533.0,rank-4,658
Python,https://github.com/hyperspy/hyperspy,2017-04-11,8560.0,rank-4,658
Python,https://github.com/hyperspy/hyperspy,2017-04-12,8577.0,rank-4,658
Python,https://github.com/hyperspy/hyperspy,2017-04-13,8583.0,rank-4,658
Python,https://github.com/hyperspy/hyperspy,2017-04-14,8597.0,rank-4,658
Python,https://github.com/hyperspy/hyperspy,2017-04-15,8601.0,rank-4,658
Python,https://github.com/hyperspy/hyperspy,2017-04-16,8602.0,rank-4,658
Python,https://github.com/hyperspy/hyperspy,2017-04-18,8603.0,rank-4,658
Python,https://github.com/hyperspy/hyperspy,2017-04-20,8604.0,rank-4,658
Python,https://github.com/hyperspy/hyperspy,2017-04-21,8605.0,rank-4,658
Python,https://github.com/hyperspy/hyperspy,2017-04-24,8610.0,rank-4,658
Python,https://github.com/hyperspy/hyperspy,2017-04-25,8614.0,rank-4,658
Python,https://github.com/hyperspy/hyperspy,2017-04-26,8615.0,rank-4,658
Python,https://github.com/hyperspy/hyperspy,2017-04-27,8616.0,rank-4,658
Python,https://github.com/hyperspy/hyperspy,2017-04-28,8626.0,rank-4,658
Python,https://github.com/hyperspy/hyperspy,2017-04-29,8628.0,rank-4,658
Python,https://github.com/hyperspy/hyperspy,2017-04-30,8632.0,rank-4,658
Python,https://github.com/hyperspy/hyperspy,2017-05-01,8634.0,rank-4,658
Python,https://github.com/hyperspy/hyperspy,2017-05-02,8637.0,rank-4,658
Python,https://github.com/hyperspy/hyperspy,2017-05-03,8640.0,rank-4,658
Python,https://github.com/hyperspy/hyperspy,2017-05-04,8644.0,rank-4,658
Python,https://github.com/hyperspy/hyperspy,2017-05-07,8645.0,rank-4,658
Python,https://github.com/hyperspy/hyperspy,2017-05-08,8648.0,rank-4,658
Python,https://github.com/hyperspy/hyperspy,2017-05-09,8653.0,rank-4,658
Python,https://github.com/hyperspy/hyperspy,2017-05-10,8659.0,rank-4,658
Python,https://github.com/hyperspy/hyperspy,2017-05-11,8673.0,rank-4,658
Python,https://github.com/hyperspy/hyperspy,2017-05-12,8691.0,rank-4,658
Python,https://github.com/hyperspy/hyperspy,2017-05-15,8692.0,rank-4,658
Python,https://github.com/hyperspy/hyperspy,2017-05-16,8711.0,rank-4,658
Python,https://github.com/hyperspy/hyperspy,2017-05-17,8720.0,rank-4,658
Python,https://github.com/hyperspy/hyperspy,2017-05-18,8721.0,rank-4,658
Python,https://github.com/hyperspy/hyperspy,2017-05-22,8729.0,rank-4,658
Python,https://github.com/hyperspy/hyperspy,2017-05-23,8755.0,rank-4,658
Python,https://github.com/hyperspy/hyperspy,2017-05-24,8813.0,rank-4,658
Python,https://github.com/hyperspy/hyperspy,2017-05-25,8851.0,rank-4,658
Python,https://github.com/hyperspy/hyperspy,2017-05-26,8882.0,rank-4,658
Python,https://github.com/hyperspy/hyperspy,2017-05-27,8914.0,rank-4,658
Python,https://github.com/hyperspy/hyperspy,2017-05-28,8918.0,rank-4,658
Python,https://github.com/hyperspy/hyperspy,2017-05-30,8922.0,rank-4,658
Python,https://github.com/hyperspy/hyperspy,2017-05-31,8923.0,rank-4,658
Python,https://github.com/hyperspy/hyperspy,2017-06-02,8924.0,rank-4,658
Python,https://github.com/hyperspy/hyperspy,2017-06-03,8925.0,rank-4,658
Python,https://github.com/hyperspy/hyperspy,2017-06-05,8929.0,rank-4,658
Python,https://github.com/hyperspy/hyperspy,2017-06-06,8934.0,rank-4,658
Python,https://github.com/hyperspy/hyperspy,2017-06-14,8938.0,rank-4,658
Python,https://github.com/hyperspy/hyperspy,2017-06-15,8939.0,rank-4,658
Python,https://github.com/hyperspy/hyperspy,2017-06-16,8940.0,rank-4,658
Python,https://github.com/hyperspy/hyperspy,2017-06-17,8942.0,rank-4,658
Python,https://github.com/hyperspy/hyperspy,2017-06-21,8945.0,rank-4,658
Python,https://github.com/hyperspy/hyperspy,2017-06-22,8948.0,rank-4,658
Python,https://github.com/hyperspy/hyperspy,2017-06-23,8952.0,rank-4,658
Python,https://github.com/hyperspy/hyperspy,2017-06-24,8954.0,rank-4,658
Python,https://github.com/hyperspy/hyperspy,2017-06-30,8955.0,rank-4,658
Python,https://github.com/hyperspy/hyperspy,2017-07-06,8956.0,rank-4,658
Python,https://github.com/hyperspy/hyperspy,2017-07-07,8957.0,rank-4,658
Python,https://github.com/hyperspy/hyperspy,2017-07-09,8958.0,rank-4,658
Python,https://github.com/hyperspy/hyperspy,2017-07-10,8959.0,rank-4,658
Python,https://github.com/hyperspy/hyperspy,2017-07-12,8966.0,rank-4,658
Python,https://github.com/hyperspy/hyperspy,2017-07-13,8968.0,rank-4,658
Python,https://github.com/hyperspy/hyperspy,2017-07-18,8969.0,rank-4,658
Python,https://github.com/hyperspy/hyperspy,2017-07-19,8971.0,rank-4,658
Python,https://github.com/hyperspy/hyperspy,2017-07-20,8973.0,rank-4,658
Python,https://github.com/hyperspy/hyperspy,2017-07-21,8978.0,rank-4,658
Python,https://github.com/hyperspy/hyperspy,2017-07-22,8979.0,rank-4,658
Python,https://github.com/hyperspy/hyperspy,2017-07-24,8982.0,rank-4,658
Python,https://github.com/hyperspy/hyperspy,2017-07-25,8985.0,rank-4,658
Python,https://github.com/hyperspy/hyperspy,2017-07-26,8988.0,rank-4,658
Python,https://github.com/hyperspy/hyperspy,2017-07-27,8989.0,rank-4,658
Python,https://github.com/hyperspy/hyperspy,2017-08-02,8992.0,rank-4,658
Python,https://github.com/hyperspy/hyperspy,2017-08-04,8993.0,rank-4,658
Python,https://github.com/hyperspy/hyperspy,2017-08-05,8995.0,rank-4,658
Python,https://github.com/hyperspy/hyperspy,2017-08-06,8996.0,rank-4,658
Python,https://github.com/hyperspy/hyperspy,2017-08-07,8998.0,rank-4,658
Python,https://github.com/hyperspy/hyperspy,2017-08-08,9000.0,rank-4,658
Python,https://github.com/hyperspy/hyperspy,2017-08-11,9002.0,rank-4,658
Python,https://github.com/hyperspy/hyperspy,2017-08-13,9003.0,rank-4,658
Python,https://github.com/hyperspy/hyperspy,2017-08-15,9013.0,rank-4,658
Python,https://github.com/hyperspy/hyperspy,2017-08-16,9017.0,rank-4,658
Python,https://github.com/hyperspy/hyperspy,2017-08-17,9018.0,rank-4,658
Python,https://github.com/hyperspy/hyperspy,2017-08-18,9019.0,rank-4,658
Python,https://github.com/hyperspy/hyperspy,2017-08-19,9023.0,rank-4,658
Python,https://github.com/hyperspy/hyperspy,2017-08-20,9026.0,rank-4,658
Python,https://github.com/hyperspy/hyperspy,2017-08-21,9027.0,rank-4,658
Python,https://github.com/hyperspy/hyperspy,2017-08-23,9031.0,rank-4,658
Python,https://github.com/hyperspy/hyperspy,2017-08-24,9033.0,rank-4,658
Python,https://github.com/hyperspy/hyperspy,2017-08-25,9035.0,rank-4,658
Python,https://github.com/hyperspy/hyperspy,2017-08-27,9036.0,rank-4,658
Python,https://github.com/hyperspy/hyperspy,2017-08-28,9038.0,rank-4,658
Python,https://github.com/hyperspy/hyperspy,2017-08-29,9041.0,rank-4,658
Python,https://github.com/hyperspy/hyperspy,2017-08-31,9044.0,rank-4,658
Python,https://github.com/hyperspy/hyperspy,2017-09-01,9048.0,rank-4,658
Python,https://github.com/hyperspy/hyperspy,2017-09-03,9049.0,rank-4,658
Python,https://github.com/hyperspy/hyperspy,2017-09-04,9050.0,rank-4,658
Python,https://github.com/hyperspy/hyperspy,2017-09-05,9052.0,rank-4,658
Python,https://github.com/hyperspy/hyperspy,2017-09-07,9054.0,rank-4,658
Python,https://github.com/hyperspy/hyperspy,2017-09-08,9055.0,rank-4,658
Python,https://github.com/hyperspy/hyperspy,2017-09-09,9058.0,rank-4,658
Python,https://github.com/hyperspy/hyperspy,2017-09-10,9059.0,rank-4,658
Python,https://github.com/hyperspy/hyperspy,2017-09-11,9060.0,rank-4,658
Python,https://github.com/hyperspy/hyperspy,2017-09-13,9065.0,rank-4,658
Python,https://github.com/hyperspy/hyperspy,2017-09-14,9067.0,rank-4,658
Python,https://github.com/hyperspy/hyperspy,2017-09-15,9068.0,rank-4,658
Python,https://github.com/hyperspy/hyperspy,2017-09-17,9070.0,rank-4,658
Python,https://github.com/hyperspy/hyperspy,2017-09-18,9071.0,rank-4,658
Python,https://github.com/hyperspy/hyperspy,2017-09-19,9076.0,rank-4,658
Python,https://github.com/hyperspy/hyperspy,2017-09-20,9082.0,rank-4,658
Python,https://github.com/hyperspy/hyperspy,2017-09-25,9083.0,rank-4,658
Python,https://github.com/hyperspy/hyperspy,2017-09-26,9088.0,rank-4,658
Python,https://github.com/hyperspy/hyperspy,2017-09-27,9089.0,rank-4,658
Python,https://github.com/hyperspy/hyperspy,2017-09-28,9095.0,rank-4,658
Python,https://github.com/hyperspy/hyperspy,2017-09-29,9099.0,rank-4,658
Python,https://github.com/hyperspy/hyperspy,2017-09-30,9103.0,rank-4,658
Python,https://github.com/hyperspy/hyperspy,2017-10-02,9104.0,rank-4,658
Python,https://github.com/hyperspy/hyperspy,2017-10-03,9106.0,rank-4,658
Python,https://github.com/hyperspy/hyperspy,2017-10-04,9111.0,rank-4,658
Python,https://github.com/hyperspy/hyperspy,2017-10-05,9125.0,rank-4,658
Python,https://github.com/hyperspy/hyperspy,2017-10-06,9130.0,rank-4,658
Python,https://github.com/hyperspy/hyperspy,2017-10-08,9131.0,rank-4,658
Python,https://github.com/hyperspy/hyperspy,2017-10-09,9134.0,rank-4,658
Python,https://github.com/hyperspy/hyperspy,2017-10-10,9139.0,rank-4,658
Python,https://github.com/hyperspy/hyperspy,2017-10-11,9144.0,rank-4,658
Python,https://github.com/hyperspy/hyperspy,2017-10-12,9148.0,rank-4,658
Python,https://github.com/hyperspy/hyperspy,2017-10-13,9152.0,rank-4,658
Python,https://github.com/hyperspy/hyperspy,2017-10-14,9155.0,rank-4,658
Python,https://github.com/hyperspy/hyperspy,2017-10-15,9157.0,rank-4,658
Python,https://github.com/hyperspy/hyperspy,2017-10-16,9158.0,rank-4,658
Python,https://github.com/hyperspy/hyperspy,2017-10-17,9159.0,rank-4,658
Python,https://github.com/hyperspy/hyperspy,2017-10-20,9161.0,rank-4,658
Python,https://github.com/hyperspy/hyperspy,2017-10-24,9162.0,rank-4,658
Python,https://github.com/hyperspy/hyperspy,2017-10-25,9163.0,rank-4,658
Python,https://github.com/hyperspy/hyperspy,2017-10-26,9164.0,rank-4,658
Python,https://github.com/hyperspy/hyperspy,2017-10-29,9165.0,rank-4,658
Python,https://github.com/hyperspy/hyperspy,2017-11-11,9166.0,rank-4,658
Python,https://github.com/hyperspy/hyperspy,2017-11-16,9167.0,rank-4,658
Python,https://github.com/hyperspy/hyperspy,2017-11-22,9170.0,rank-4,658
Python,https://github.com/hyperspy/hyperspy,2017-11-28,9174.0,rank-4,658
Python,https://github.com/hyperspy/hyperspy,2017-11-30,9175.0,rank-4,658
Python,https://github.com/hyperspy/hyperspy,2017-12-05,9178.0,rank-4,658
Python,https://github.com/hyperspy/hyperspy,2017-12-10,9180.0,rank-4,658
Python,https://github.com/hyperspy/hyperspy,2017-12-11,9181.0,rank-4,658
Python,https://github.com/hyperspy/hyperspy,2017-12-14,9185.0,rank-4,658
Python,https://github.com/hyperspy/hyperspy,2017-12-15,9186.0,rank-4,658
Python,https://github.com/hyperspy/hyperspy,2017-12-16,9188.0,rank-4,658
Python,https://github.com/hyperspy/hyperspy,2017-12-17,9190.0,rank-4,658
Python,https://github.com/hyperspy/hyperspy,2017-12-20,9191.0,rank-4,658
Python,https://github.com/hyperspy/hyperspy,2018-01-05,9197.0,rank-4,658
Python,https://github.com/hyperspy/hyperspy,2018-01-09,9200.0,rank-4,658
Python,https://github.com/hyperspy/hyperspy,2018-01-11,9205.0,rank-4,658
Python,https://github.com/hyperspy/hyperspy,2018-01-12,9211.0,rank-4,658
Python,https://github.com/hyperspy/hyperspy,2018-01-13,9212.0,rank-4,658
Python,https://github.com/hyperspy/hyperspy,2018-01-14,9215.0,rank-4,658
Python,https://github.com/hyperspy/hyperspy,2018-01-15,9217.0,rank-4,658
Python,https://github.com/hyperspy/hyperspy,2018-01-17,9219.0,rank-4,658
Python,https://github.com/hyperspy/hyperspy,2018-01-18,9225.0,rank-4,658
Python,https://github.com/hyperspy/hyperspy,2018-01-19,9228.0,rank-4,658
Python,https://github.com/hyperspy/hyperspy,2018-01-20,9231.0,rank-4,658
Python,https://github.com/hyperspy/hyperspy,2018-01-21,9236.0,rank-4,658
Python,https://github.com/hyperspy/hyperspy,2018-01-22,9255.0,rank-4,658
Python,https://github.com/hyperspy/hyperspy,2018-01-23,9278.0,rank-4,658
Python,https://github.com/hyperspy/hyperspy,2018-01-24,9279.0,rank-4,658
Python,https://github.com/hyperspy/hyperspy,2018-01-25,9281.0,rank-4,658
Python,https://github.com/hyperspy/hyperspy,2018-01-26,9284.0,rank-4,658
Python,https://github.com/hyperspy/hyperspy,2018-01-27,9291.0,rank-4,658
Python,https://github.com/hyperspy/hyperspy,2018-01-28,9293.0,rank-4,658
Python,https://github.com/hyperspy/hyperspy,2018-01-29,9294.0,rank-4,658
Python,https://github.com/hyperspy/hyperspy,2018-01-30,9297.0,rank-4,658
Python,https://github.com/hyperspy/hyperspy,2018-01-31,9303.0,rank-4,658
Python,https://github.com/hyperspy/hyperspy,2018-02-02,9307.0,rank-4,658
Python,https://github.com/hyperspy/hyperspy,2018-02-03,9308.0,rank-4,658
Python,https://github.com/hyperspy/hyperspy,2018-02-04,9309.0,rank-4,658
Python,https://github.com/hyperspy/hyperspy,2018-02-05,9320.0,rank-4,658
Python,https://github.com/hyperspy/hyperspy,2018-02-06,9335.0,rank-4,658
Python,https://github.com/hyperspy/hyperspy,2018-02-07,9340.0,rank-4,658
Python,https://github.com/hyperspy/hyperspy,2018-02-08,9346.0,rank-4,658
Python,https://github.com/hyperspy/hyperspy,2018-02-09,9350.0,rank-4,658
Python,https://github.com/hyperspy/hyperspy,2018-02-10,9354.0,rank-4,658
Python,https://github.com/hyperspy/hyperspy,2018-02-12,9357.0,rank-4,658
Python,https://github.com/hyperspy/hyperspy,2018-02-13,9362.0,rank-4,658
Python,https://github.com/hyperspy/hyperspy,2018-02-14,9366.0,rank-4,658
Python,https://github.com/hyperspy/hyperspy,2018-02-16,9367.0,rank-4,658
Python,https://github.com/hyperspy/hyperspy,2018-02-17,9368.0,rank-4,658
Python,https://github.com/hyperspy/hyperspy,2018-02-18,9370.0,rank-4,658
Python,https://github.com/hyperspy/hyperspy,2018-02-19,9374.0,rank-4,658
Python,https://github.com/hyperspy/hyperspy,2018-02-20,9378.0,rank-4,658
Python,https://github.com/hyperspy/hyperspy,2018-02-21,9379.0,rank-4,658
Python,https://github.com/hyperspy/hyperspy,2018-02-22,9380.0,rank-4,658
Python,https://github.com/hyperspy/hyperspy,2018-02-23,9381.0,rank-4,658
Python,https://github.com/hyperspy/hyperspy,2018-02-25,9382.0,rank-4,658
Python,https://github.com/hyperspy/hyperspy,2018-02-26,9392.0,rank-4,658
Python,https://github.com/hyperspy/hyperspy,2018-02-27,9401.0,rank-4,658
Python,https://github.com/hyperspy/hyperspy,2018-02-28,9405.0,rank-4,658
Python,https://github.com/hyperspy/hyperspy,2018-03-01,9422.0,rank-4,658
Python,https://github.com/hyperspy/hyperspy,2018-03-02,9436.0,rank-4,658
Python,https://github.com/hyperspy/hyperspy,2018-03-03,9437.0,rank-4,658
Python,https://github.com/hyperspy/hyperspy,2018-03-04,9444.0,rank-4,658
Python,https://github.com/hyperspy/hyperspy,2018-03-05,9456.0,rank-4,658
Python,https://github.com/hyperspy/hyperspy,2018-03-06,9458.0,rank-4,658
Python,https://github.com/hyperspy/hyperspy,2018-03-07,9461.0,rank-4,658
Python,https://github.com/hyperspy/hyperspy,2018-03-08,9465.0,rank-4,658
Python,https://github.com/hyperspy/hyperspy,2018-03-09,9467.0,rank-4,658
Python,https://github.com/hyperspy/hyperspy,2018-03-11,9468.0,rank-4,658
Python,https://github.com/hyperspy/hyperspy,2018-03-13,9469.0,rank-4,658
Python,https://github.com/hyperspy/hyperspy,2018-03-14,9471.0,rank-4,658
Python,https://github.com/hyperspy/hyperspy,2018-03-15,9492.0,rank-4,658
Python,https://github.com/hyperspy/hyperspy,2018-03-16,9501.0,rank-4,658
Python,https://github.com/hyperspy/hyperspy,2018-03-17,9502.0,rank-4,658
Python,https://github.com/hyperspy/hyperspy,2018-03-18,9504.0,rank-4,658
Python,https://github.com/hyperspy/hyperspy,2018-03-19,9507.0,rank-4,658
Python,https://github.com/hyperspy/hyperspy,2018-03-20,9520.0,rank-4,658
Python,https://github.com/hyperspy/hyperspy,2018-03-21,9530.0,rank-4,658
Python,https://github.com/hyperspy/hyperspy,2018-03-22,9538.0,rank-4,658
Python,https://github.com/hyperspy/hyperspy,2018-03-23,9539.0,rank-4,658
Python,https://github.com/hyperspy/hyperspy,2018-03-26,9540.0,rank-4,658
Python,https://github.com/hyperspy/hyperspy,2018-03-28,9542.0,rank-4,658
Python,https://github.com/hyperspy/hyperspy,2018-03-29,9543.0,rank-4,658
Python,https://github.com/hyperspy/hyperspy,2018-03-31,9544.0,rank-4,658
Python,https://github.com/hyperspy/hyperspy,2018-04-01,9546.0,rank-4,658
Python,https://github.com/hyperspy/hyperspy,2018-04-03,9549.0,rank-4,658
Python,https://github.com/hyperspy/hyperspy,2018-04-04,9555.0,rank-4,658
Python,https://github.com/hyperspy/hyperspy,2018-04-05,9568.0,rank-4,658
Python,https://github.com/hyperspy/hyperspy,2018-04-06,9586.0,rank-4,658
Python,https://github.com/hyperspy/hyperspy,2018-04-07,9590.0,rank-4,658
Python,https://github.com/hyperspy/hyperspy,2018-04-08,9593.0,rank-4,658
Python,https://github.com/hyperspy/hyperspy,2018-04-09,9604.0,rank-4,658
Python,https://github.com/hyperspy/hyperspy,2018-04-10,9616.0,rank-4,658
Python,https://github.com/hyperspy/hyperspy,2018-04-11,9631.0,rank-4,658
Python,https://github.com/hyperspy/hyperspy,2018-04-12,9647.0,rank-4,658
Python,https://github.com/hyperspy/hyperspy,2018-04-13,9657.0,rank-4,658
Python,https://github.com/hyperspy/hyperspy,2018-04-14,9659.0,rank-4,658
Python,https://github.com/hyperspy/hyperspy,2018-04-15,9661.0,rank-4,658
Python,https://github.com/hyperspy/hyperspy,2018-04-16,9669.0,rank-4,658
Python,https://github.com/hyperspy/hyperspy,2018-04-17,9681.0,rank-4,658
Python,https://github.com/hyperspy/hyperspy,2018-04-18,9684.0,rank-4,658
Python,https://github.com/hyperspy/hyperspy,2018-04-19,9714.0,rank-4,658
Python,https://github.com/hyperspy/hyperspy,2018-04-20,9715.0,rank-4,658
Python,https://github.com/hyperspy/hyperspy,2018-04-21,9716.0,rank-4,658
Python,https://github.com/hyperspy/hyperspy,2018-04-22,9717.0,rank-4,658
Python,https://github.com/hyperspy/hyperspy,2018-04-23,9718.0,rank-4,658
Python,https://github.com/hyperspy/hyperspy,2018-04-24,9721.0,rank-4,658
Python,https://github.com/hyperspy/hyperspy,2018-04-25,9725.0,rank-4,658
Python,https://github.com/hyperspy/hyperspy,2018-04-26,9728.0,rank-4,658
Python,https://github.com/hyperspy/hyperspy,2018-04-27,9732.0,rank-4,658
Python,https://github.com/hyperspy/hyperspy,2018-04-28,9736.0,rank-4,658
Python,https://github.com/hyperspy/hyperspy,2018-04-29,9741.0,rank-4,658
Python,https://github.com/hyperspy/hyperspy,2018-05-01,9742.0,rank-4,658
Python,https://github.com/hyperspy/hyperspy,2018-05-02,9744.0,rank-4,658
Python,https://github.com/hyperspy/hyperspy,2018-05-03,9747.0,rank-4,658
Python,https://github.com/hyperspy/hyperspy,2018-05-08,9752.0,rank-4,658
Python,https://github.com/hyperspy/hyperspy,2018-05-09,9755.0,rank-4,658
Python,https://github.com/hyperspy/hyperspy,2018-05-12,9757.0,rank-4,658
Python,https://github.com/hyperspy/hyperspy,2018-05-13,9759.0,rank-4,658
Python,https://github.com/hyperspy/hyperspy,2018-05-14,9763.0,rank-4,658
Python,https://github.com/hyperspy/hyperspy,2018-05-15,9767.0,rank-4,658
Python,https://github.com/hyperspy/hyperspy,2018-05-16,9771.0,rank-4,658
Python,https://github.com/hyperspy/hyperspy,2018-05-17,9773.0,rank-4,658
Python,https://github.com/hyperspy/hyperspy,2018-05-20,9774.0,rank-4,658
Python,https://github.com/hyperspy/hyperspy,2018-05-21,9776.0,rank-4,658
Python,https://github.com/hyperspy/hyperspy,2018-05-23,9784.0,rank-4,658
Python,https://github.com/hyperspy/hyperspy,2018-05-24,9786.0,rank-4,658
Python,https://github.com/hyperspy/hyperspy,2018-05-25,9789.0,rank-4,658
Python,https://github.com/hyperspy/hyperspy,2018-05-26,9791.0,rank-4,658
Python,https://github.com/hyperspy/hyperspy,2018-05-27,9792.0,rank-4,658
Python,https://github.com/hyperspy/hyperspy,2018-05-29,9794.0,rank-4,658
Python,https://github.com/hyperspy/hyperspy,2018-05-30,9798.0,rank-4,658
Python,https://github.com/hyperspy/hyperspy,2018-05-31,9805.0,rank-4,658
Python,https://github.com/hyperspy/hyperspy,2018-06-01,9808.0,rank-4,658
Python,https://github.com/hyperspy/hyperspy,2018-06-04,9809.0,rank-4,658
Python,https://github.com/hyperspy/hyperspy,2018-06-05,9812.0,rank-4,658
Python,https://github.com/hyperspy/hyperspy,2018-06-07,9816.0,rank-4,658
Python,https://github.com/hyperspy/hyperspy,2018-06-11,9820.0,rank-4,658
Python,https://github.com/hyperspy/hyperspy,2018-06-12,9824.0,rank-4,658
Python,https://github.com/hyperspy/hyperspy,2018-06-13,9825.0,rank-4,658
Python,https://github.com/hyperspy/hyperspy,2018-06-18,9829.0,rank-4,658
Python,https://github.com/hyperspy/hyperspy,2018-06-20,9831.0,rank-4,658
Python,https://github.com/hyperspy/hyperspy,2018-06-21,9833.0,rank-4,658
Python,https://github.com/hyperspy/hyperspy,2018-06-25,9835.0,rank-4,658
Python,https://github.com/hyperspy/hyperspy,2018-06-27,9842.0,rank-4,658
Python,https://github.com/hyperspy/hyperspy,2018-06-29,9844.0,rank-4,658
Python,https://github.com/hyperspy/hyperspy,2018-06-30,9849.0,rank-4,658
Python,https://github.com/hyperspy/hyperspy,2018-07-02,9882.0,rank-4,658
Python,https://github.com/hyperspy/hyperspy,2018-07-03,9918.0,rank-4,658
Python,https://github.com/hyperspy/hyperspy,2018-07-04,9920.0,rank-4,658
Python,https://github.com/hyperspy/hyperspy,2018-07-06,9923.0,rank-4,658
Python,https://github.com/hyperspy/hyperspy,2018-07-10,9927.0,rank-4,658
Python,https://github.com/hyperspy/hyperspy,2018-07-11,9932.0,rank-4,658
Python,https://github.com/hyperspy/hyperspy,2018-07-12,9935.0,rank-4,658
Python,https://github.com/hyperspy/hyperspy,2018-07-13,9937.0,rank-4,658
Python,https://github.com/hyperspy/hyperspy,2018-07-16,9940.0,rank-4,658
Python,https://github.com/hyperspy/hyperspy,2018-07-17,9944.0,rank-4,658
Python,https://github.com/hyperspy/hyperspy,2018-07-18,9961.0,rank-4,658
Python,https://github.com/hyperspy/hyperspy,2018-07-19,9967.0,rank-4,658
Python,https://github.com/hyperspy/hyperspy,2018-07-20,9972.0,rank-4,658
Python,https://github.com/hyperspy/hyperspy,2018-07-25,9975.0,rank-4,658
Python,https://github.com/hyperspy/hyperspy,2018-07-26,9991.0,rank-4,658
Python,https://github.com/hyperspy/hyperspy,2018-07-27,9995.0,rank-4,658
Python,https://github.com/hyperspy/hyperspy,2018-07-30,9996.0,rank-4,658
Python,https://github.com/hyperspy/hyperspy,2018-07-31,9999.0,rank-4,658
Python,https://github.com/hyperspy/hyperspy,2018-08-01,10000.0,rank-4,658
Python,https://github.com/hyperspy/hyperspy,2018-08-02,10001.0,rank-4,658
Python,https://github.com/hyperspy/hyperspy,2018-08-07,10002.0,rank-4,658
Python,https://github.com/hyperspy/hyperspy,2018-08-08,10009.0,rank-4,658
Python,https://github.com/hyperspy/hyperspy,2018-08-09,10010.0,rank-4,658
Python,https://github.com/hyperspy/hyperspy,2018-08-13,10014.0,rank-4,658
Python,https://github.com/hyperspy/hyperspy,2018-08-15,10016.0,rank-4,658
Python,https://github.com/hyperspy/hyperspy,2018-08-16,10018.0,rank-4,658
Python,https://github.com/hyperspy/hyperspy,2018-08-17,10019.0,rank-4,658
Python,https://github.com/hyperspy/hyperspy,2018-08-18,10024.0,rank-4,658
Python,https://github.com/hyperspy/hyperspy,2018-08-19,10027.0,rank-4,658
Python,https://github.com/hyperspy/hyperspy,2018-08-20,10028.0,rank-4,658
Python,https://github.com/hyperspy/hyperspy,2018-08-22,10035.0,rank-4,658
Python,https://github.com/hyperspy/hyperspy,2018-08-23,10054.0,rank-4,658
Python,https://github.com/hyperspy/hyperspy,2018-08-24,10071.0,rank-4,658
Python,https://github.com/hyperspy/hyperspy,2018-08-27,10076.0,rank-4,658
Python,https://github.com/hyperspy/hyperspy,2018-08-28,10102.0,rank-4,658
Python,https://github.com/hyperspy/hyperspy,2018-08-29,10116.0,rank-4,658
Python,https://github.com/hyperspy/hyperspy,2018-08-30,10128.0,rank-4,658
Python,https://github.com/hyperspy/hyperspy,2018-08-31,10148.0,rank-4,658
Python,https://github.com/hyperspy/hyperspy,2018-09-01,10153.0,rank-4,658
Python,https://github.com/hyperspy/hyperspy,2018-09-03,10166.0,rank-4,658
Python,https://github.com/hyperspy/hyperspy,2018-09-04,10171.0,rank-4,658
Python,https://github.com/hyperspy/hyperspy,2018-09-10,10172.0,rank-4,658
Python,https://github.com/hyperspy/hyperspy,2018-09-14,10177.0,rank-4,658
Python,https://github.com/hyperspy/hyperspy,2018-09-18,10180.0,rank-4,658
Python,https://github.com/hyperspy/hyperspy,2018-09-21,10181.0,rank-4,658
Python,https://github.com/hyperspy/hyperspy,2018-09-23,10185.0,rank-4,658
Python,https://github.com/hyperspy/hyperspy,2018-09-24,10186.0,rank-4,658
Python,https://github.com/hyperspy/hyperspy,2018-09-25,10191.0,rank-4,658
Python,https://github.com/hyperspy/hyperspy,2018-09-26,10194.0,rank-4,658
Python,https://github.com/hyperspy/hyperspy,2018-09-27,10195.0,rank-4,658
Python,https://github.com/hyperspy/hyperspy,2018-09-28,10198.0,rank-4,658
Python,https://github.com/hyperspy/hyperspy,2018-09-29,10202.0,rank-4,658
Python,https://github.com/hyperspy/hyperspy,2018-10-01,10205.0,rank-4,658
Python,https://github.com/hyperspy/hyperspy,2018-10-04,10208.0,rank-4,658
Python,https://github.com/hyperspy/hyperspy,2018-10-15,10212.0,rank-4,658
Python,https://github.com/hyperspy/hyperspy,2018-10-17,10214.0,rank-4,658
Python,https://github.com/hyperspy/hyperspy,2018-10-18,10219.0,rank-4,658
Python,https://github.com/hyperspy/hyperspy,2018-10-19,10224.0,rank-4,658
Python,https://github.com/hyperspy/hyperspy,2018-10-20,10236.0,rank-4,658
Python,https://github.com/hyperspy/hyperspy,2018-10-22,10239.0,rank-4,658
Python,https://github.com/hyperspy/hyperspy,2018-10-23,10246.0,rank-4,658
Python,https://github.com/hyperspy/hyperspy,2018-10-29,10247.0,rank-4,658
Python,https://github.com/hyperspy/hyperspy,2018-10-30,10248.0,rank-4,658
Python,https://github.com/hyperspy/hyperspy,2018-11-03,10250.0,rank-4,658
Python,https://github.com/hyperspy/hyperspy,2018-11-06,10251.0,rank-4,658
Python,https://github.com/hyperspy/hyperspy,2018-11-11,10253.0,rank-4,658
Python,https://github.com/hyperspy/hyperspy,2018-11-15,10259.0,rank-4,658
Python,https://github.com/hyperspy/hyperspy,2018-11-16,10264.0,rank-4,658
Python,https://github.com/hyperspy/hyperspy,2018-11-19,10268.0,rank-4,658
Python,https://github.com/hyperspy/hyperspy,2018-11-20,10269.0,rank-4,658
Python,https://github.com/hyperspy/hyperspy,2018-11-23,10271.0,rank-4,658
Python,https://github.com/hyperspy/hyperspy,2018-11-26,10273.0,rank-4,658
Python,https://github.com/hyperspy/hyperspy,2018-11-27,10275.0,rank-4,658
Python,https://github.com/hyperspy/hyperspy,2018-11-28,10277.0,rank-4,658
Python,https://github.com/hyperspy/hyperspy,2018-11-29,10278.0,rank-4,658
Python,https://github.com/hyperspy/hyperspy,2018-11-30,10280.0,rank-4,658
Python,https://github.com/hyperspy/hyperspy,2018-12-01,10288.0,rank-4,658
Python,https://github.com/hyperspy/hyperspy,2018-12-02,10291.0,rank-4,658
Python,https://github.com/hyperspy/hyperspy,2018-12-05,10296.0,rank-4,658
Python,https://github.com/hyperspy/hyperspy,2018-12-06,10303.0,rank-4,658
Python,https://github.com/hyperspy/hyperspy,2018-12-07,10308.0,rank-4,658
Python,https://github.com/hyperspy/hyperspy,2018-12-09,10309.0,rank-4,658
Python,https://github.com/hyperspy/hyperspy,2018-12-14,10312.0,rank-4,658
Python,https://github.com/hyperspy/hyperspy,2018-12-15,10315.0,rank-4,658
Python,https://github.com/hyperspy/hyperspy,2019-01-10,10320.0,rank-4,658
Python,https://github.com/hyperspy/hyperspy,2019-01-13,10323.0,rank-4,658
Python,https://github.com/hyperspy/hyperspy,2019-01-14,10324.0,rank-4,658
Python,https://github.com/hyperspy/hyperspy,2019-01-24,10333.0,rank-4,658
Python,https://github.com/hyperspy/hyperspy,2019-01-25,10335.0,rank-4,658
Python,https://github.com/hyperspy/hyperspy,2019-01-29,10336.0,rank-4,658
Python,https://github.com/hyperspy/hyperspy,2019-02-03,10341.0,rank-4,658
Python,https://github.com/hyperspy/hyperspy,2019-02-05,10345.0,rank-4,658
Python,https://github.com/hyperspy/hyperspy,2019-02-06,10346.0,rank-4,658
Python,https://github.com/hyperspy/hyperspy,2019-02-12,10347.0,rank-4,658
Python,https://github.com/hyperspy/hyperspy,2019-02-28,10348.0,rank-4,658
Python,https://github.com/hyperspy/hyperspy,2019-03-05,10351.0,rank-4,658
Python,https://github.com/hyperspy/hyperspy,2019-03-06,10358.0,rank-4,658
Python,https://github.com/hyperspy/hyperspy,2019-03-16,10360.0,rank-4,658
Python,https://github.com/hyperspy/hyperspy,2019-03-21,10363.0,rank-4,658
Python,https://github.com/hyperspy/hyperspy,2019-03-23,10367.0,rank-4,658
Python,https://github.com/hyperspy/hyperspy,2019-03-25,10371.0,rank-4,658
Python,https://github.com/hyperspy/hyperspy,2019-03-26,10377.0,rank-4,658
Python,https://github.com/hyperspy/hyperspy,2019-03-27,10406.0,rank-4,658
Python,https://github.com/hyperspy/hyperspy,2019-03-28,10408.0,rank-4,658
Python,https://github.com/hyperspy/hyperspy,2019-03-29,10414.0,rank-4,658
Python,https://github.com/hyperspy/hyperspy,2019-04-01,10416.0,rank-4,658
Python,https://github.com/hyperspy/hyperspy,2019-04-02,10421.0,rank-4,658
Python,https://github.com/hyperspy/hyperspy,2019-04-03,10426.0,rank-4,658
Python,https://github.com/hyperspy/hyperspy,2019-04-04,10428.0,rank-4,658
Python,https://github.com/hyperspy/hyperspy,2019-04-08,10429.0,rank-4,658
Python,https://github.com/hyperspy/hyperspy,2019-04-12,10430.0,rank-4,658
Python,https://github.com/hyperspy/hyperspy,2019-04-15,10434.0,rank-4,658
Python,https://github.com/hyperspy/hyperspy,2019-04-16,10447.0,rank-4,658
Python,https://github.com/hyperspy/hyperspy,2019-04-17,10468.0,rank-4,658
Python,https://github.com/hyperspy/hyperspy,2019-04-18,10492.0,rank-4,658
Python,https://github.com/hyperspy/hyperspy,2019-04-19,10508.0,rank-4,658
Python,https://github.com/hyperspy/hyperspy,2019-04-20,10519.0,rank-4,658
Python,https://github.com/hyperspy/hyperspy,2019-04-21,10527.0,rank-4,658
Python,https://github.com/hyperspy/hyperspy,2019-04-24,10534.0,rank-4,658
Python,https://github.com/hyperspy/hyperspy,2019-04-25,10536.0,rank-4,658
Python,https://github.com/hyperspy/hyperspy,2019-04-26,10540.0,rank-4,658
Python,https://github.com/hyperspy/hyperspy,2019-04-28,10541.0,rank-4,658
Python,https://github.com/hyperspy/hyperspy,2019-04-29,10548.0,rank-4,658
Python,https://github.com/hyperspy/hyperspy,2019-04-30,10549.0,rank-4,658
Python,https://github.com/hyperspy/hyperspy,2019-05-01,10559.0,rank-4,658
Python,https://github.com/hyperspy/hyperspy,2019-05-03,10571.0,rank-4,658
Python,https://github.com/hyperspy/hyperspy,2019-05-07,10573.0,rank-4,658
Python,https://github.com/hyperspy/hyperspy,2019-05-09,10581.0,rank-4,658
Python,https://github.com/hyperspy/hyperspy,2019-05-10,10582.0,rank-4,658
Python,https://github.com/hyperspy/hyperspy,2019-05-13,10593.0,rank-4,658
Python,https://github.com/hyperspy/hyperspy,2019-05-14,10609.0,rank-4,658
Python,https://github.com/hyperspy/hyperspy,2019-05-15,10617.0,rank-4,658
Python,https://github.com/hyperspy/hyperspy,2019-05-16,10632.0,rank-4,658
Python,https://github.com/hyperspy/hyperspy,2019-05-17,10650.0,rank-4,658
Python,https://github.com/hyperspy/hyperspy,2019-05-18,10654.0,rank-4,658
Python,https://github.com/hyperspy/hyperspy,2019-05-20,10672.0,rank-4,658
Python,https://github.com/hyperspy/hyperspy,2019-05-21,10681.0,rank-4,658
Python,https://github.com/hyperspy/hyperspy,2019-05-22,10689.0,rank-4,658
Python,https://github.com/hyperspy/hyperspy,2019-05-23,10701.0,rank-4,658
Python,https://github.com/hyperspy/hyperspy,2019-05-24,10710.0,rank-4,658
Python,https://github.com/hyperspy/hyperspy,2019-05-27,10714.0,rank-4,658
Python,https://github.com/hyperspy/hyperspy,2019-05-28,10715.0,rank-4,658
Python,https://github.com/hyperspy/hyperspy,2019-05-31,10720.0,rank-4,658
Python,https://github.com/hyperspy/hyperspy,2019-06-02,10722.0,rank-4,658
Python,https://github.com/hyperspy/hyperspy,2019-06-03,10731.0,rank-4,658
Python,https://github.com/hyperspy/hyperspy,2019-06-05,10747.0,rank-4,658
Python,https://github.com/hyperspy/hyperspy,2019-06-14,10751.0,rank-4,658
Python,https://github.com/hyperspy/hyperspy,2019-06-17,10766.0,rank-4,658
Python,https://github.com/hyperspy/hyperspy,2019-06-18,10781.0,rank-4,658
Python,https://github.com/hyperspy/hyperspy,2019-06-19,10786.0,rank-4,658
Python,https://github.com/hyperspy/hyperspy,2019-06-20,10789.0,rank-4,658
Python,https://github.com/hyperspy/hyperspy,2019-06-21,10799.0,rank-4,658
Python,https://github.com/hyperspy/hyperspy,2019-06-22,10804.0,rank-4,658
Python,https://github.com/hyperspy/hyperspy,2019-06-24,10805.0,rank-4,658
Python,https://github.com/hyperspy/hyperspy,2019-06-25,10810.0,rank-4,658
Python,https://github.com/hyperspy/hyperspy,2019-06-26,10815.0,rank-4,658
Python,https://github.com/hyperspy/hyperspy,2019-06-27,10818.0,rank-4,658
Python,https://github.com/hyperspy/hyperspy,2019-06-28,10819.0,rank-4,658
Python,https://github.com/hyperspy/hyperspy,2019-07-01,10824.0,rank-4,658
Python,https://github.com/hyperspy/hyperspy,2019-07-02,10828.0,rank-4,658
Python,https://github.com/hyperspy/hyperspy,2019-07-04,10834.0,rank-4,658
Python,https://github.com/hyperspy/hyperspy,2019-07-05,10837.0,rank-4,658
Python,https://github.com/hyperspy/hyperspy,2019-07-09,10839.0,rank-4,658
Python,https://github.com/hyperspy/hyperspy,2019-07-10,10840.0,rank-4,658
Python,https://github.com/hyperspy/hyperspy,2019-07-11,10852.0,rank-4,658
Python,https://github.com/hyperspy/hyperspy,2019-07-12,10860.0,rank-4,658
Python,https://github.com/hyperspy/hyperspy,2019-07-15,10878.0,rank-4,658
Python,https://github.com/hyperspy/hyperspy,2019-07-16,10900.0,rank-4,658
Python,https://github.com/hyperspy/hyperspy,2019-07-17,10902.0,rank-4,658
Python,https://github.com/hyperspy/hyperspy,2019-07-18,10916.0,rank-4,658
Python,https://github.com/hyperspy/hyperspy,2019-07-19,10937.0,rank-4,658
Python,https://github.com/hyperspy/hyperspy,2019-07-22,10942.0,rank-4,658
Python,https://github.com/hyperspy/hyperspy,2019-07-24,10945.0,rank-4,658
Python,https://github.com/hyperspy/hyperspy,2019-07-25,10970.0,rank-4,658
Python,https://github.com/hyperspy/hyperspy,2019-07-26,10983.0,rank-4,658
Python,https://github.com/hyperspy/hyperspy,2019-07-27,10999.0,rank-4,658
Python,https://github.com/hyperspy/hyperspy,2019-07-28,11008.0,rank-4,658
Python,https://github.com/hyperspy/hyperspy,2019-07-29,11009.0,rank-4,658
Python,https://github.com/hyperspy/hyperspy,2019-08-02,11011.0,rank-4,658
Python,https://github.com/hyperspy/hyperspy,2019-08-06,11015.0,rank-4,658
Python,https://github.com/hyperspy/hyperspy,2019-08-09,11016.0,rank-4,658
Python,https://github.com/hyperspy/hyperspy,2019-08-30,11017.0,rank-4,658
Python,https://github.com/hyperspy/hyperspy,2019-09-02,11028.0,rank-4,658
Python,https://github.com/hyperspy/hyperspy,2019-09-03,11036.0,rank-4,658
Python,https://github.com/hyperspy/hyperspy,2019-09-04,11041.0,rank-4,658
Python,https://github.com/hyperspy/hyperspy,2019-09-05,11049.0,rank-4,658
Python,https://github.com/hyperspy/hyperspy,2019-09-06,11056.0,rank-4,658
Python,https://github.com/hyperspy/hyperspy,2019-09-07,11060.0,rank-4,658
Python,https://github.com/hyperspy/hyperspy,2019-09-08,11062.0,rank-4,658
Python,https://github.com/hyperspy/hyperspy,2019-09-10,11066.0,rank-4,658
Python,https://github.com/hyperspy/hyperspy,2019-09-11,11068.0,rank-4,658
Python,https://github.com/hyperspy/hyperspy,2019-09-14,11069.0,rank-4,658
Python,https://github.com/hyperspy/hyperspy,2019-09-16,11073.0,rank-4,658
Python,https://github.com/hyperspy/hyperspy,2019-09-23,11078.0,rank-4,658
Python,https://github.com/hyperspy/hyperspy,2019-09-24,11079.0,rank-4,658
Python,https://github.com/hyperspy/hyperspy,2019-09-27,11083.0,rank-4,658
Python,https://github.com/hyperspy/hyperspy,2019-09-28,11085.0,rank-4,658
Python,https://github.com/hyperspy/hyperspy,2019-10-01,11088.0,rank-4,658
Python,https://github.com/hyperspy/hyperspy,2019-10-02,11089.0,rank-4,658
Python,https://github.com/hyperspy/hyperspy,2019-10-07,11091.0,rank-4,658
Python,https://github.com/hyperspy/hyperspy,2019-10-08,11095.0,rank-4,658
Python,https://github.com/hyperspy/hyperspy,2019-10-11,11098.0,rank-4,658
Python,https://github.com/hyperspy/hyperspy,2019-10-14,11099.0,rank-4,658
Python,https://github.com/hyperspy/hyperspy,2019-10-17,11105.0,rank-4,658
Python,https://github.com/hyperspy/hyperspy,2019-10-18,11109.0,rank-4,658
Python,https://github.com/hyperspy/hyperspy,2019-10-21,11111.0,rank-4,658
Python,https://github.com/hyperspy/hyperspy,2019-10-22,11112.0,rank-4,658
Python,https://github.com/hyperspy/hyperspy,2019-10-24,11113.0,rank-4,658
Python,https://github.com/hyperspy/hyperspy,2019-10-28,11119.0,rank-4,658
Python,https://github.com/hyperspy/hyperspy,2019-10-30,11120.0,rank-4,658
Python,https://github.com/hyperspy/hyperspy,2019-10-31,11122.0,rank-4,658
Python,https://github.com/hyperspy/hyperspy,2019-11-02,11124.0,rank-4,658
Python,https://github.com/hyperspy/hyperspy,2019-11-05,11128.0,rank-4,658
Python,https://github.com/hyperspy/hyperspy,2019-11-08,11130.0,rank-4,658
Python,https://github.com/hyperspy/hyperspy,2019-11-10,11131.0,rank-4,658
Python,https://github.com/hyperspy/hyperspy,2019-11-11,11134.0,rank-4,658
Python,https://github.com/hyperspy/hyperspy,2019-11-12,11140.0,rank-4,658
Python,https://github.com/hyperspy/hyperspy,2019-11-13,11154.0,rank-4,658
Python,https://github.com/hyperspy/hyperspy,2019-11-14,11157.0,rank-4,658
Python,https://github.com/hyperspy/hyperspy,2019-11-15,11166.0,rank-4,658
Python,https://github.com/hyperspy/hyperspy,2019-11-17,11168.0,rank-4,658
Python,https://github.com/hyperspy/hyperspy,2019-11-18,11169.0,rank-4,658
Python,https://github.com/hyperspy/hyperspy,2019-11-20,11171.0,rank-4,658
Python,https://github.com/hyperspy/hyperspy,2019-11-21,11172.0,rank-4,658
Python,https://github.com/hyperspy/hyperspy,2019-11-22,11173.0,rank-4,658
Python,https://github.com/hyperspy/hyperspy,2019-11-23,11174.0,rank-4,658
Python,https://github.com/hyperspy/hyperspy,2019-11-25,11176.0,rank-4,658
Python,https://github.com/hyperspy/hyperspy,2019-11-26,11180.0,rank-4,658
Python,https://github.com/hyperspy/hyperspy,2019-11-27,11184.0,rank-4,658
Python,https://github.com/hyperspy/hyperspy,2019-11-28,11185.0,rank-4,658
Python,https://github.com/hyperspy/hyperspy,2019-11-29,11191.0,rank-4,658
Python,https://github.com/hyperspy/hyperspy,2019-11-30,11192.0,rank-4,658
Python,https://github.com/hyperspy/hyperspy,2019-12-01,11193.0,rank-4,658
Python,https://github.com/hyperspy/hyperspy,2019-12-02,11194.0,rank-4,658
Python,https://github.com/hyperspy/hyperspy,2019-12-04,11200.0,rank-4,658
Python,https://github.com/hyperspy/hyperspy,2019-12-06,11209.0,rank-4,658
Python,https://github.com/hyperspy/hyperspy,2019-12-07,11210.0,rank-4,658
Python,https://github.com/hyperspy/hyperspy,2019-12-08,11211.0,rank-4,658
Python,https://github.com/hyperspy/hyperspy,2019-12-09,11218.0,rank-4,658
Python,https://github.com/hyperspy/hyperspy,2019-12-10,11220.0,rank-4,658
Python,https://github.com/hyperspy/hyperspy,2019-12-12,11230.0,rank-4,658
Python,https://github.com/hyperspy/hyperspy,2019-12-13,11233.0,rank-4,658
Python,https://github.com/hyperspy/hyperspy,2019-12-15,11234.0,rank-4,658
Python,https://github.com/hyperspy/hyperspy,2019-12-18,11237.0,rank-4,658
Python,https://github.com/hyperspy/hyperspy,2019-12-19,11239.0,rank-4,658
Python,https://github.com/hyperspy/hyperspy,2019-12-20,11241.0,rank-4,658
Python,https://github.com/hyperspy/hyperspy,2019-12-21,11243.0,rank-4,658
Python,https://github.com/hyperspy/hyperspy,2020-01-02,11255.0,rank-4,658
Python,https://github.com/hyperspy/hyperspy,2020-01-03,11265.0,rank-4,658
Python,https://github.com/hyperspy/hyperspy,2020-01-04,11266.0,rank-4,658
Python,https://github.com/hyperspy/hyperspy,2020-01-05,11268.0,rank-4,658
Python,https://github.com/hyperspy/hyperspy,2020-01-06,11273.0,rank-4,658
Python,https://github.com/hyperspy/hyperspy,2020-01-07,11282.0,rank-4,658
Python,https://github.com/hyperspy/hyperspy,2020-01-08,11297.0,rank-4,658
Python,https://github.com/hyperspy/hyperspy,2020-01-09,11306.0,rank-4,658
Python,https://github.com/hyperspy/hyperspy,2020-01-11,11307.0,rank-4,658
Python,https://github.com/hyperspy/hyperspy,2020-01-12,11309.0,rank-4,658
Python,https://github.com/hyperspy/hyperspy,2020-01-13,11314.0,rank-4,658
Python,https://github.com/hyperspy/hyperspy,2020-01-14,11317.0,rank-4,658
Python,https://github.com/hyperspy/hyperspy,2020-01-15,11323.0,rank-4,658
Python,https://github.com/hyperspy/hyperspy,2020-01-16,11343.0,rank-4,658
Python,https://github.com/hyperspy/hyperspy,2020-01-17,11348.0,rank-4,658
Python,https://github.com/hyperspy/hyperspy,2020-01-18,11349.0,rank-4,658
Python,https://github.com/hyperspy/hyperspy,2020-01-19,11361.0,rank-4,658
Python,https://github.com/hyperspy/hyperspy,2020-01-20,11367.0,rank-4,658
Python,https://github.com/hyperspy/hyperspy,2020-01-21,11370.0,rank-4,658
Python,https://github.com/hyperspy/hyperspy,2020-01-23,11374.0,rank-4,658
Python,https://github.com/hyperspy/hyperspy,2020-01-24,11378.0,rank-4,658
Python,https://github.com/hyperspy/hyperspy,2020-01-25,11389.0,rank-4,658
Python,https://github.com/hyperspy/hyperspy,2020-01-27,11398.0,rank-4,658
Python,https://github.com/hyperspy/hyperspy,2020-01-28,11401.0,rank-4,658
Python,https://github.com/hyperspy/hyperspy,2020-01-29,11407.0,rank-4,658
Python,https://github.com/hyperspy/hyperspy,2020-02-01,11408.0,rank-4,658
Python,https://github.com/hyperspy/hyperspy,2020-02-02,11415.0,rank-4,658
Python,https://github.com/hyperspy/hyperspy,2020-02-03,11419.0,rank-4,658
Python,https://github.com/hyperspy/hyperspy,2020-02-04,11425.0,rank-4,658
Python,https://github.com/hyperspy/hyperspy,2020-02-05,11431.0,rank-4,658
Python,https://github.com/hyperspy/hyperspy,2020-02-06,11436.0,rank-4,658
Python,https://github.com/hyperspy/hyperspy,2020-02-08,11438.0,rank-4,658
Python,https://github.com/hyperspy/hyperspy,2020-02-13,11440.0,rank-4,658
Python,https://github.com/hyperspy/hyperspy,2020-02-14,11441.0,rank-4,658
Python,https://github.com/hyperspy/hyperspy,2020-02-17,11442.0,rank-4,658
Python,https://github.com/hyperspy/hyperspy,2020-02-21,11444.0,rank-4,658
Python,https://github.com/hyperspy/hyperspy,2020-02-22,11446.0,rank-4,658
Python,https://github.com/hyperspy/hyperspy,2020-02-23,11449.0,rank-4,658
Python,https://github.com/hyperspy/hyperspy,2020-02-25,11453.0,rank-4,658
Python,https://github.com/hyperspy/hyperspy,2020-02-26,11455.0,rank-4,658
Python,https://github.com/hyperspy/hyperspy,2020-02-27,11462.0,rank-4,658
Python,https://github.com/hyperspy/hyperspy,2020-02-29,11465.0,rank-4,658
Python,https://github.com/hyperspy/hyperspy,2020-03-02,11468.0,rank-4,658
Python,https://github.com/hyperspy/hyperspy,2020-03-03,11471.0,rank-4,658
Python,https://github.com/hyperspy/hyperspy,2020-03-04,11477.0,rank-4,658
Python,https://github.com/hyperspy/hyperspy,2020-03-05,11479.0,rank-4,658
Python,https://github.com/hyperspy/hyperspy,2020-03-07,11480.0,rank-4,658
Python,https://github.com/hyperspy/hyperspy,2020-03-09,11481.0,rank-4,658
Python,https://github.com/hyperspy/hyperspy,2020-03-12,11484.0,rank-4,658
Python,https://github.com/hyperspy/hyperspy,2020-03-13,11485.0,rank-4,658
Python,https://github.com/hyperspy/hyperspy,2020-03-16,11487.0,rank-4,658
Python,https://github.com/hyperspy/hyperspy,2020-03-17,11488.0,rank-4,658
Python,https://github.com/hyperspy/hyperspy,2020-03-18,11492.0,rank-4,658
Python,https://github.com/hyperspy/hyperspy,2020-03-20,11493.0,rank-4,658
Python,https://github.com/hyperspy/hyperspy,2020-03-22,11495.0,rank-4,658
Python,https://github.com/hyperspy/hyperspy,2020-03-23,11497.0,rank-4,658
Python,https://github.com/hyperspy/hyperspy,2020-03-24,11499.0,rank-4,658
Python,https://github.com/hyperspy/hyperspy,2020-03-31,11504.0,rank-4,658
Python,https://github.com/hyperspy/hyperspy,2020-04-01,11523.0,rank-4,658
Python,https://github.com/hyperspy/hyperspy,2020-04-02,11544.0,rank-4,658
Python,https://github.com/hyperspy/hyperspy,2020-04-03,11558.0,rank-4,658
Python,https://github.com/hyperspy/hyperspy,2020-04-04,11561.0,rank-4,658
Python,https://github.com/hyperspy/hyperspy,2020-04-05,11564.0,rank-4,658
Python,https://github.com/hyperspy/hyperspy,2020-04-06,11574.0,rank-4,658
Python,https://github.com/hyperspy/hyperspy,2020-04-07,11579.0,rank-4,658
Python,https://github.com/hyperspy/hyperspy,2020-04-08,11593.0,rank-4,658
Python,https://github.com/hyperspy/hyperspy,2020-04-09,11603.0,rank-4,658
Python,https://github.com/hyperspy/hyperspy,2020-04-10,11604.0,rank-4,658
Python,https://github.com/hyperspy/hyperspy,2020-04-13,11611.0,rank-4,658
Python,https://github.com/hyperspy/hyperspy,2020-04-14,11619.0,rank-4,658
Python,https://github.com/hyperspy/hyperspy,2020-04-15,11638.0,rank-4,658
Python,https://github.com/hyperspy/hyperspy,2020-04-16,11645.0,rank-4,658
Python,https://github.com/hyperspy/hyperspy,2020-04-18,11650.0,rank-4,658
Python,https://github.com/hyperspy/hyperspy,2020-04-19,11653.0,rank-4,658
Python,https://github.com/hyperspy/hyperspy,2020-04-20,11678.0,rank-4,658
Python,https://github.com/hyperspy/hyperspy,2020-04-21,11694.0,rank-4,658
Python,https://github.com/hyperspy/hyperspy,2020-04-22,11699.0,rank-4,658
Python,https://github.com/hyperspy/hyperspy,2020-04-23,11703.0,rank-4,658
Python,https://github.com/hyperspy/hyperspy,2020-04-24,11734.0,rank-4,658
Python,https://github.com/hyperspy/hyperspy,2020-04-25,11736.0,rank-4,658
Python,https://github.com/hyperspy/hyperspy,2020-04-26,11745.0,rank-4,658
Python,https://github.com/hyperspy/hyperspy,2020-04-27,11757.0,rank-4,658
Python,https://github.com/hyperspy/hyperspy,2020-04-28,11766.0,rank-4,658
Python,https://github.com/hyperspy/hyperspy,2020-04-29,11772.0,rank-4,658
Python,https://github.com/hyperspy/hyperspy,2020-04-30,11783.0,rank-4,658
Python,https://github.com/hyperspy/hyperspy,2020-05-01,11786.0,rank-4,658
Python,https://github.com/hyperspy/hyperspy,2020-05-02,11787.0,rank-4,658
Python,https://github.com/hyperspy/hyperspy,2020-05-04,11788.0,rank-4,658
Python,https://github.com/hyperspy/hyperspy,2020-05-05,11799.0,rank-4,658
Python,https://github.com/hyperspy/hyperspy,2020-05-06,11814.0,rank-4,658
Python,https://github.com/hyperspy/hyperspy,2020-05-07,11816.0,rank-4,658
Python,https://github.com/hyperspy/hyperspy,2020-05-08,11823.0,rank-4,658
Python,https://github.com/hyperspy/hyperspy,2020-05-09,11825.0,rank-4,658
Python,https://github.com/hyperspy/hyperspy,2020-05-11,11828.0,rank-4,658
Python,https://github.com/hyperspy/hyperspy,2020-05-12,11841.0,rank-4,658
Python,https://github.com/hyperspy/hyperspy,2020-05-13,11846.0,rank-4,658
Python,https://github.com/hyperspy/hyperspy,2020-05-14,11856.0,rank-4,658
Python,https://github.com/hyperspy/hyperspy,2020-05-15,11866.0,rank-4,658
Python,https://github.com/hyperspy/hyperspy,2020-05-16,11872.0,rank-4,658
Python,https://github.com/hyperspy/hyperspy,2020-05-17,11881.0,rank-4,658
Python,https://github.com/hyperspy/hyperspy,2020-05-18,11891.0,rank-4,658
Python,https://github.com/hyperspy/hyperspy,2020-05-19,11898.0,rank-4,658
Python,https://github.com/hyperspy/hyperspy,2020-05-20,11900.0,rank-4,658
Python,https://github.com/hyperspy/hyperspy,2020-05-21,11901.0,rank-4,658
Python,https://github.com/hyperspy/hyperspy,2020-05-22,11902.0,rank-4,658
Python,https://github.com/hyperspy/hyperspy,2020-05-24,11911.0,rank-4,658
Python,https://github.com/hyperspy/hyperspy,2020-05-25,11921.0,rank-4,658
Python,https://github.com/hyperspy/hyperspy,2020-05-26,11928.0,rank-4,658
Python,https://github.com/hyperspy/hyperspy,2020-05-27,11939.0,rank-4,658
Python,https://github.com/hyperspy/hyperspy,2020-05-28,11952.0,rank-4,658
Python,https://github.com/hyperspy/hyperspy,2020-05-29,11960.0,rank-4,658
Python,https://github.com/hyperspy/hyperspy,2020-05-30,11961.0,rank-4,658
Python,https://github.com/hyperspy/hyperspy,2020-05-31,11975.0,rank-4,658
Python,https://github.com/hyperspy/hyperspy,2020-06-01,11978.0,rank-4,658
Python,https://github.com/hyperspy/hyperspy,2020-06-02,11984.0,rank-4,658
Python,https://github.com/hyperspy/hyperspy,2020-06-03,11987.0,rank-4,658
Python,https://github.com/hyperspy/hyperspy,2020-06-04,11990.0,rank-4,658
Python,https://github.com/hyperspy/hyperspy,2020-06-05,12002.0,rank-4,658
Python,https://github.com/hyperspy/hyperspy,2020-06-06,12007.0,rank-4,658
Python,https://github.com/hyperspy/hyperspy,2020-06-07,12013.0,rank-4,658
Python,https://github.com/hyperspy/hyperspy,2020-06-08,12025.0,rank-4,658
Python,https://github.com/hyperspy/hyperspy,2020-06-09,12031.0,rank-4,658
Python,https://github.com/hyperspy/hyperspy,2020-06-10,12037.0,rank-4,658
Python,https://github.com/hyperspy/hyperspy,2020-06-11,12045.0,rank-4,658
Python,https://github.com/hyperspy/hyperspy,2020-06-12,12049.0,rank-4,658
Python,https://github.com/hyperspy/hyperspy,2020-06-13,12052.0,rank-4,658
Python,https://github.com/hyperspy/hyperspy,2020-06-14,12054.0,rank-4,658
Python,https://github.com/hyperspy/hyperspy,2020-06-15,12057.0,rank-4,658
Python,https://github.com/hyperspy/hyperspy,2020-06-16,12060.0,rank-4,658
Python,https://github.com/hyperspy/hyperspy,2020-06-17,12062.0,rank-4,658
Python,https://github.com/hyperspy/hyperspy,2020-06-18,12067.0,rank-4,658
Python,https://github.com/hyperspy/hyperspy,2020-06-19,12074.0,rank-4,658
Python,https://github.com/hyperspy/hyperspy,2020-06-20,12075.0,rank-4,658
Python,https://github.com/hyperspy/hyperspy,2020-06-22,12083.0,rank-4,658
Python,https://github.com/hyperspy/hyperspy,2020-06-23,12090.0,rank-4,658
Python,https://github.com/hyperspy/hyperspy,2020-06-24,12092.0,rank-4,658
Python,https://github.com/hyperspy/hyperspy,2020-06-25,12101.0,rank-4,658
Python,https://github.com/hyperspy/hyperspy,2020-06-26,12102.0,rank-4,658
Python,https://github.com/hyperspy/hyperspy,2020-06-29,12108.0,rank-4,658
Python,https://github.com/hyperspy/hyperspy,2020-06-30,12109.0,rank-4,658
Python,https://github.com/hyperspy/hyperspy,2020-07-01,12117.0,rank-4,658
Python,https://github.com/hyperspy/hyperspy,2020-07-02,12120.0,rank-4,658
Python,https://github.com/hyperspy/hyperspy,2020-07-05,12127.0,rank-4,658
Python,https://github.com/hyperspy/hyperspy,2020-07-06,12131.0,rank-4,658
Python,https://github.com/hyperspy/hyperspy,2020-07-07,12132.0,rank-4,658
Python,https://github.com/hyperspy/hyperspy,2020-07-10,12145.0,rank-4,658
Python,https://github.com/hyperspy/hyperspy,2020-07-11,12148.0,rank-4,658
Python,https://github.com/hyperspy/hyperspy,2020-07-13,12152.0,rank-4,658
Python,https://github.com/hyperspy/hyperspy,2020-07-15,12155.0,rank-4,658
Python,https://github.com/hyperspy/hyperspy,2020-07-16,12156.0,rank-4,658
Python,https://github.com/hyperspy/hyperspy,2020-07-17,12157.0,rank-4,658
Python,https://github.com/hyperspy/hyperspy,2020-07-18,12165.0,rank-4,658
Python,https://github.com/hyperspy/hyperspy,2020-07-19,12167.0,rank-4,658
Python,https://github.com/hyperspy/hyperspy,2020-07-21,12180.0,rank-4,658
Python,https://github.com/hyperspy/hyperspy,2020-07-22,12186.0,rank-4,658
Python,https://github.com/hyperspy/hyperspy,2020-07-23,12192.0,rank-4,658
Python,https://github.com/hyperspy/hyperspy,2020-07-24,12193.0,rank-4,658
Python,https://github.com/hyperspy/hyperspy,2020-07-25,12196.0,rank-4,658
Python,https://github.com/hyperspy/hyperspy,2020-07-26,12197.0,rank-4,658
Python,https://github.com/hyperspy/hyperspy,2020-07-27,12213.0,rank-4,658
Python,https://github.com/hyperspy/hyperspy,2020-07-28,12229.0,rank-4,658
Python,https://github.com/hyperspy/hyperspy,2020-07-29,12237.0,rank-4,658
Python,https://github.com/hyperspy/hyperspy,2020-07-30,12266.0,rank-4,658
Python,https://github.com/hyperspy/hyperspy,2020-07-31,12292.0,rank-4,658
Python,https://github.com/hyperspy/hyperspy,2020-08-01,12298.0,rank-4,658
Python,https://github.com/hyperspy/hyperspy,2020-08-02,12309.0,rank-4,658
Python,https://github.com/hyperspy/hyperspy,2020-08-03,12345.0,rank-4,658
Python,https://github.com/hyperspy/hyperspy,2020-08-04,12400.0,rank-4,658
Python,https://github.com/hyperspy/hyperspy,2020-08-05,12427.0,rank-4,658
Python,https://github.com/hyperspy/hyperspy,2020-08-06,12444.0,rank-4,658
Python,https://github.com/hyperspy/hyperspy,2020-08-10,12447.0,rank-4,658
Python,https://github.com/hyperspy/hyperspy,2020-08-11,12448.0,rank-4,658
Python,https://github.com/hyperspy/hyperspy,2020-08-13,12451.0,rank-4,658
Python,https://github.com/hyperspy/hyperspy,2020-08-14,12452.0,rank-4,658
Python,https://github.com/hyperspy/hyperspy,2020-08-15,12455.0,rank-4,658
Python,https://github.com/hyperspy/hyperspy,2020-08-16,12459.0,rank-4,658
Python,https://github.com/hyperspy/hyperspy,2020-08-18,12461.0,rank-4,658
Python,https://github.com/hyperspy/hyperspy,2020-08-19,12465.0,rank-4,658
Python,https://github.com/hyperspy/hyperspy,2020-08-21,12472.0,rank-4,658
Python,https://github.com/hyperspy/hyperspy,2020-08-22,12476.0,rank-4,658
Python,https://github.com/hyperspy/hyperspy,2020-08-23,12481.0,rank-4,658
Python,https://github.com/hyperspy/hyperspy,2020-08-24,12495.0,rank-4,658
Python,https://github.com/hyperspy/hyperspy,2020-08-25,12510.0,rank-4,658
Python,https://github.com/hyperspy/hyperspy,2020-08-26,12525.0,rank-4,658
Python,https://github.com/hyperspy/hyperspy,2020-08-27,12528.0,rank-4,658
Python,https://github.com/hyperspy/hyperspy,2020-08-29,12531.0,rank-4,658
Python,https://github.com/hyperspy/hyperspy,2020-08-30,12542.0,rank-4,658
Python,https://github.com/hyperspy/hyperspy,2020-08-31,12562.0,rank-4,658
Python,https://github.com/hyperspy/hyperspy,2020-09-01,12581.0,rank-4,658
Python,https://github.com/hyperspy/hyperspy,2020-09-02,12599.0,rank-4,658
Python,https://github.com/hyperspy/hyperspy,2020-09-03,12604.0,rank-4,658
Python,https://github.com/hyperspy/hyperspy,2020-09-04,12607.0,rank-4,658
Python,https://github.com/hyperspy/hyperspy,2020-09-07,12610.0,rank-4,658
Python,https://github.com/hyperspy/hyperspy,2020-09-08,12636.0,rank-4,658
Python,https://github.com/hyperspy/hyperspy,2020-09-09,12650.0,rank-4,658
Python,https://github.com/hyperspy/hyperspy,2020-09-10,12660.0,rank-4,658
Python,https://github.com/hyperspy/hyperspy,2020-09-11,12667.0,rank-4,658
Python,https://github.com/hyperspy/hyperspy,2020-09-12,12669.0,rank-4,658
Python,https://github.com/hyperspy/hyperspy,2020-09-13,12671.0,rank-4,658
Python,https://github.com/hyperspy/hyperspy,2020-09-19,12674.0,rank-4,658
Python,https://github.com/hyperspy/hyperspy,2020-09-20,12680.0,rank-4,658
Python,https://github.com/hyperspy/hyperspy,2020-09-22,12682.0,rank-4,658
Python,https://github.com/hyperspy/hyperspy,2020-09-23,12683.0,rank-4,658
Python,https://github.com/hyperspy/hyperspy,2020-09-24,12687.0,rank-4,658
Python,https://github.com/hyperspy/hyperspy,2020-09-26,12688.0,rank-4,658
Python,https://github.com/hyperspy/hyperspy,2020-09-27,12690.0,rank-4,658
Python,https://github.com/hyperspy/hyperspy,2020-09-28,12691.0,rank-4,658
Python,https://github.com/hyperspy/hyperspy,2020-09-30,12693.0,rank-4,658
Python,https://github.com/hyperspy/hyperspy,2020-10-01,12695.0,rank-4,658
Python,https://github.com/hyperspy/hyperspy,2020-10-02,12696.0,rank-4,658
Python,https://github.com/hyperspy/hyperspy,2020-10-04,12699.0,rank-4,658
Python,https://github.com/hyperspy/hyperspy,2020-10-14,12703.0,rank-4,658
Python,https://github.com/hyperspy/hyperspy,2020-10-15,12705.0,rank-4,658
Python,https://github.com/hyperspy/hyperspy,2020-10-16,12710.0,rank-4,658
Python,https://github.com/hyperspy/hyperspy,2020-10-17,12713.0,rank-4,658
Python,https://github.com/hyperspy/hyperspy,2020-10-18,12718.0,rank-4,658
Python,https://github.com/hyperspy/hyperspy,2020-10-19,12722.0,rank-4,658
Python,https://github.com/hyperspy/hyperspy,2020-10-23,12723.0,rank-4,658
Python,https://github.com/hyperspy/hyperspy,2020-10-24,12724.0,rank-4,658
Python,https://github.com/hyperspy/hyperspy,2020-10-25,12728.0,rank-4,658
Python,https://github.com/hyperspy/hyperspy,2020-10-26,12730.0,rank-4,658
Python,https://github.com/hyperspy/hyperspy,2020-10-27,12732.0,rank-4,658
Python,https://github.com/hyperspy/hyperspy,2020-10-29,12735.0,rank-4,658
Python,https://github.com/hyperspy/hyperspy,2020-10-30,12738.0,rank-4,658
Python,https://github.com/hyperspy/hyperspy,2020-10-31,12746.0,rank-4,658
Python,https://github.com/hyperspy/hyperspy,2020-11-01,12748.0,rank-4,658
Python,https://github.com/hyperspy/hyperspy,2020-11-02,12752.0,rank-4,658
Python,https://github.com/hyperspy/hyperspy,2020-11-03,12758.0,rank-4,658
Python,https://github.com/hyperspy/hyperspy,2020-11-04,12761.0,rank-4,658
Python,https://github.com/hyperspy/hyperspy,2020-11-05,12771.0,rank-4,658
Python,https://github.com/hyperspy/hyperspy,2020-11-06,12774.0,rank-4,658
Python,https://github.com/hyperspy/hyperspy,2020-11-07,12780.0,rank-4,658
Python,https://github.com/hyperspy/hyperspy,2020-11-08,12787.0,rank-4,658
Python,https://github.com/hyperspy/hyperspy,2020-11-09,12791.0,rank-4,658
Python,https://github.com/hyperspy/hyperspy,2020-11-11,12794.0,rank-4,658
Python,https://github.com/hyperspy/hyperspy,2020-11-12,12796.0,rank-4,658
Python,https://github.com/hyperspy/hyperspy,2020-11-13,12800.0,rank-4,658
Python,https://github.com/hyperspy/hyperspy,2020-11-14,12802.0,rank-4,658
Python,https://github.com/hyperspy/hyperspy,2020-11-16,12807.0,rank-4,658
Python,https://github.com/hyperspy/hyperspy,2020-11-19,12808.0,rank-4,658
Python,https://github.com/hyperspy/hyperspy,2020-11-20,12817.0,rank-4,658
Python,https://github.com/hyperspy/hyperspy,2020-11-22,12818.0,rank-4,658
Python,https://github.com/hyperspy/hyperspy,2020-11-23,12820.0,rank-4,658
Python,https://github.com/hyperspy/hyperspy,2020-11-24,12829.0,rank-4,658
Python,https://github.com/hyperspy/hyperspy,2020-11-25,12836.0,rank-4,658
Python,https://github.com/hyperspy/hyperspy,2020-11-26,12838.0,rank-4,658
Python,https://github.com/hyperspy/hyperspy,2020-11-27,12841.0,rank-4,658
Python,https://github.com/hyperspy/hyperspy,2020-11-28,12861.0,rank-4,658
Python,https://github.com/hyperspy/hyperspy,2020-11-29,12862.0,rank-4,658
Python,https://github.com/hyperspy/hyperspy,2020-11-30,12870.0,rank-4,658
Python,https://github.com/hyperspy/hyperspy,2020-12-01,12877.0,rank-4,658
Python,https://github.com/hyperspy/hyperspy,2020-12-02,12879.0,rank-4,658
Python,https://github.com/hyperspy/hyperspy,2020-12-03,12884.0,rank-4,658
Python,https://github.com/hyperspy/hyperspy,2020-12-04,12885.0,rank-4,658
Python,https://github.com/hyperspy/hyperspy,2020-12-06,12888.0,rank-4,658
Python,https://github.com/hyperspy/hyperspy,2020-12-14,12889.0,rank-4,658
Python,https://github.com/hyperspy/hyperspy,2020-12-15,12894.0,rank-4,658
Python,https://github.com/hyperspy/hyperspy,2020-12-16,12897.0,rank-4,658
Python,https://github.com/hyperspy/hyperspy,2020-12-17,12904.0,rank-4,658
Python,https://github.com/hyperspy/hyperspy,2020-12-18,12906.0,rank-4,658
Python,https://github.com/hyperspy/hyperspy,2020-12-19,12907.0,rank-4,658
Python,https://github.com/hyperspy/hyperspy,2020-12-21,12912.0,rank-4,658
Python,https://github.com/hyperspy/hyperspy,2020-12-22,12913.0,rank-4,658
Python,https://github.com/hyperspy/hyperspy,2020-12-23,12918.0,rank-4,658
Python,https://github.com/hyperspy/hyperspy,2020-12-24,12921.0,rank-4,658
Python,https://github.com/hyperspy/hyperspy,2020-12-26,12924.0,rank-4,658
Python,https://github.com/hyperspy/hyperspy,2020-12-27,12933.0,rank-4,658
Python,https://github.com/hyperspy/hyperspy,2020-12-28,12938.0,rank-4,658
Python,https://github.com/hyperspy/hyperspy,2020-12-30,12939.0,rank-4,658
Python,https://github.com/hyperspy/hyperspy,2020-12-31,12940.0,rank-4,658
Python,https://github.com/hyperspy/hyperspy,2021-01-03,12941.0,rank-4,658
Python,https://github.com/hyperspy/hyperspy,2021-01-04,12944.0,rank-4,658
Python,https://github.com/hyperspy/hyperspy,2021-01-05,12947.0,rank-4,658
Python,https://github.com/hyperspy/hyperspy,2021-01-06,12950.0,rank-4,658
Python,https://github.com/hyperspy/hyperspy,2021-01-09,12952.0,rank-4,658
Python,https://github.com/hyperspy/hyperspy,2021-01-11,12953.0,rank-4,658
Python,https://github.com/hyperspy/hyperspy,2021-01-12,12955.0,rank-4,658
Python,https://github.com/hyperspy/hyperspy,2021-01-13,12956.0,rank-4,658
Python,https://github.com/hyperspy/hyperspy,2021-01-14,12964.0,rank-4,658
Python,https://github.com/hyperspy/hyperspy,2021-01-15,12974.0,rank-4,658
Python,https://github.com/hyperspy/hyperspy,2021-01-16,12975.0,rank-4,658
Python,https://github.com/hyperspy/hyperspy,2021-01-17,12977.0,rank-4,658
Python,https://github.com/hyperspy/hyperspy,2021-01-18,12981.0,rank-4,658
Python,https://github.com/hyperspy/hyperspy,2021-01-19,12986.0,rank-4,658
Python,https://github.com/hyperspy/hyperspy,2021-01-20,12987.0,rank-4,658
Python,https://github.com/hyperspy/hyperspy,2021-01-21,12988.0,rank-4,658
Python,https://github.com/hyperspy/hyperspy,2021-01-22,12990.0,rank-4,658
Python,https://github.com/hyperspy/hyperspy,2021-01-24,12998.0,rank-4,658
Python,https://github.com/hyperspy/hyperspy,2021-01-25,12999.0,rank-4,658
Python,https://github.com/hyperspy/hyperspy,2021-01-26,13004.0,rank-4,658
Python,https://github.com/hyperspy/hyperspy,2021-01-27,13010.0,rank-4,658
Python,https://github.com/hyperspy/hyperspy,2021-01-28,13013.0,rank-4,658
Python,https://github.com/hyperspy/hyperspy,2021-01-29,13029.0,rank-4,658
Python,https://github.com/hyperspy/hyperspy,2021-01-30,13041.0,rank-4,658
Python,https://github.com/hyperspy/hyperspy,2021-01-31,13061.0,rank-4,658
Python,https://github.com/hyperspy/hyperspy,2021-02-01,13071.0,rank-4,658
Python,https://github.com/hyperspy/hyperspy,2021-02-02,13084.0,rank-4,658
Python,https://github.com/hyperspy/hyperspy,2021-02-03,13087.0,rank-4,658
Python,https://github.com/hyperspy/hyperspy,2021-02-04,13089.0,rank-4,658
Python,https://github.com/hyperspy/hyperspy,2021-02-05,13092.0,rank-4,658
Python,https://github.com/hyperspy/hyperspy,2021-02-09,13098.0,rank-4,658
Python,https://github.com/hyperspy/hyperspy,2021-02-10,13100.0,rank-4,658
Python,https://github.com/hyperspy/hyperspy,2021-02-11,13104.0,rank-4,658
Python,https://github.com/hyperspy/hyperspy,2021-02-12,13105.0,rank-4,658
Python,https://github.com/hyperspy/hyperspy,2021-02-13,13112.0,rank-4,658
Python,https://github.com/hyperspy/hyperspy,2021-02-14,13119.0,rank-4,658
Python,https://github.com/hyperspy/hyperspy,2021-02-15,13120.0,rank-4,658
Python,https://github.com/hyperspy/hyperspy,2021-02-16,13128.0,rank-4,658
Python,https://github.com/hyperspy/hyperspy,2021-02-17,13132.0,rank-4,658
Python,https://github.com/hyperspy/hyperspy,2021-02-21,13133.0,rank-4,658
Python,https://github.com/hyperspy/hyperspy,2021-02-25,13136.0,rank-4,658
Python,https://github.com/hyperspy/hyperspy,2021-02-27,13144.0,rank-4,658
Python,https://github.com/hyperspy/hyperspy,2021-02-28,13145.0,rank-4,658
Python,https://github.com/hyperspy/hyperspy,2021-03-01,13150.0,rank-4,658
Python,https://github.com/hyperspy/hyperspy,2021-03-02,13155.0,rank-4,658
Python,https://github.com/hyperspy/hyperspy,2021-03-03,13164.0,rank-4,658
Python,https://github.com/hyperspy/hyperspy,2021-03-04,13172.0,rank-4,658
Python,https://github.com/hyperspy/hyperspy,2021-03-05,13175.0,rank-4,658
Python,https://github.com/hyperspy/hyperspy,2021-03-06,13178.0,rank-4,658
Python,https://github.com/hyperspy/hyperspy,2021-03-07,13190.0,rank-4,658
Python,https://github.com/hyperspy/hyperspy,2021-03-08,13198.0,rank-4,658
Python,https://github.com/hyperspy/hyperspy,2021-03-09,13225.0,rank-4,658
Python,https://github.com/hyperspy/hyperspy,2021-03-10,13233.0,rank-4,658
Python,https://github.com/hyperspy/hyperspy,2021-03-11,13237.0,rank-4,658
Python,https://github.com/hyperspy/hyperspy,2021-03-12,13243.0,rank-4,658
Python,https://github.com/hyperspy/hyperspy,2021-03-13,13252.0,rank-4,658
Python,https://github.com/hyperspy/hyperspy,2021-03-14,13255.0,rank-4,658
Python,https://github.com/hyperspy/hyperspy,2021-03-15,13264.0,rank-4,658
Python,https://github.com/hyperspy/hyperspy,2021-03-16,13281.0,rank-4,658
Python,https://github.com/hyperspy/hyperspy,2021-03-17,13295.0,rank-4,658
Python,https://github.com/hyperspy/hyperspy,2021-03-18,13303.0,rank-4,658
Python,https://github.com/hyperspy/hyperspy,2021-03-20,13307.0,rank-4,658
Python,https://github.com/hyperspy/hyperspy,2021-03-22,13321.0,rank-4,658
Python,https://github.com/hyperspy/hyperspy,2021-03-23,13322.0,rank-4,658
Python,https://github.com/hyperspy/hyperspy,2021-03-24,13326.0,rank-4,658
Python,https://github.com/hyperspy/hyperspy,2021-03-25,13328.0,rank-4,658
Python,https://github.com/hyperspy/hyperspy,2021-03-26,13333.0,rank-4,658
Python,https://github.com/hyperspy/hyperspy,2021-03-27,13337.0,rank-4,658
Python,https://github.com/hyperspy/hyperspy,2021-03-28,13346.0,rank-4,658
Python,https://github.com/hyperspy/hyperspy,2021-03-29,13351.0,rank-4,658
Python,https://github.com/hyperspy/hyperspy,2021-03-30,13352.0,rank-4,658
Python,https://github.com/hyperspy/hyperspy,2021-03-31,13354.0,rank-4,658
Python,https://github.com/hyperspy/hyperspy,2021-04-01,13363.0,rank-4,658
Python,https://github.com/hyperspy/hyperspy,2021-04-02,13365.0,rank-4,658
Python,https://github.com/hyperspy/hyperspy,2021-04-05,13368.0,rank-4,658
Python,https://github.com/hyperspy/hyperspy,2021-04-06,13370.0,rank-4,658
Python,https://github.com/hyperspy/hyperspy,2021-04-07,13381.0,rank-4,658
Python,https://github.com/hyperspy/hyperspy,2021-04-08,13388.0,rank-4,658
Python,https://github.com/hyperspy/hyperspy,2021-04-09,13406.0,rank-4,658
Python,https://github.com/hyperspy/hyperspy,2021-04-11,13411.0,rank-4,658
Python,https://github.com/hyperspy/hyperspy,2021-04-12,13417.0,rank-4,658
Python,https://github.com/hyperspy/hyperspy,2021-04-13,13426.0,rank-4,658
Python,https://github.com/hyperspy/hyperspy,2021-04-14,13429.0,rank-4,658
Python,https://github.com/hyperspy/hyperspy,2021-04-15,13433.0,rank-4,658
Python,https://github.com/hyperspy/hyperspy,2021-04-20,13437.0,rank-4,658
Python,https://github.com/hyperspy/hyperspy,2021-04-21,13445.0,rank-4,658
Python,https://github.com/hyperspy/hyperspy,2021-04-23,13446.0,rank-4,658
Python,https://github.com/hyperspy/hyperspy,2021-04-24,13448.0,rank-4,658
Python,https://github.com/hyperspy/hyperspy,2021-04-26,13451.0,rank-4,658
Python,https://github.com/hyperspy/hyperspy,2021-04-27,13465.0,rank-4,658
Python,https://github.com/hyperspy/hyperspy,2021-04-28,13467.0,rank-4,658
Python,https://github.com/hyperspy/hyperspy,2021-04-29,13471.0,rank-4,658
Python,https://github.com/hyperspy/hyperspy,2021-04-30,13474.0,rank-4,658
Python,https://github.com/hyperspy/hyperspy,2021-05-02,13480.0,rank-4,658
Python,https://github.com/hyperspy/hyperspy,2021-05-03,13488.0,rank-4,658
Python,https://github.com/hyperspy/hyperspy,2021-05-04,13494.0,rank-4,658
Python,https://github.com/hyperspy/hyperspy,2021-05-05,13504.0,rank-4,658
Python,https://github.com/hyperspy/hyperspy,2021-05-06,13508.0,rank-4,658
Python,https://github.com/hyperspy/hyperspy,2021-05-07,13511.0,rank-4,658
Python,https://github.com/hyperspy/hyperspy,2021-05-09,13514.0,rank-4,658
Python,https://github.com/hyperspy/hyperspy,2021-05-10,13517.0,rank-4,658
Python,https://github.com/hyperspy/hyperspy,2021-05-11,13521.0,rank-4,658
Python,https://github.com/hyperspy/hyperspy,2021-05-12,13522.0,rank-4,658
Python,https://github.com/hyperspy/hyperspy,2021-05-16,13529.0,rank-4,658
Python,https://github.com/hyperspy/hyperspy,2021-05-17,13531.0,rank-4,658
Python,https://github.com/hyperspy/hyperspy,2021-05-18,13536.0,rank-4,658
Python,https://github.com/hyperspy/hyperspy,2021-05-19,13548.0,rank-4,658
Python,https://github.com/hyperspy/hyperspy,2021-05-20,13557.0,rank-4,658
Python,https://github.com/hyperspy/hyperspy,2021-05-21,13558.0,rank-4,658
Python,https://github.com/hyperspy/hyperspy,2021-05-24,13559.0,rank-4,658
Python,https://github.com/hyperspy/hyperspy,2021-05-25,13566.0,rank-4,658
Python,https://github.com/hyperspy/hyperspy,2021-05-26,13569.0,rank-4,658
Python,https://github.com/hyperspy/hyperspy,2021-05-27,13576.0,rank-4,658
Python,https://github.com/hyperspy/hyperspy,2021-05-28,13577.0,rank-4,658
Python,https://github.com/hyperspy/hyperspy,2021-05-31,13579.0,rank-4,658
Python,https://github.com/hyperspy/hyperspy,2021-06-01,13588.0,rank-4,658
Python,https://github.com/hyperspy/hyperspy,2021-06-02,13597.0,rank-4,658
Python,https://github.com/hyperspy/hyperspy,2021-06-03,13621.0,rank-4,658
Python,https://github.com/hyperspy/hyperspy,2021-06-04,13623.0,rank-4,658
Python,https://github.com/hyperspy/hyperspy,2021-06-05,13624.0,rank-4,658
Python,https://github.com/hyperspy/hyperspy,2021-06-06,13631.0,rank-4,658
Python,https://github.com/hyperspy/hyperspy,2021-06-07,13633.0,rank-4,658
Python,https://github.com/hyperspy/hyperspy,2021-06-08,13637.0,rank-4,658
Python,https://github.com/hyperspy/hyperspy,2021-06-10,13648.0,rank-4,658
Python,https://github.com/hyperspy/hyperspy,2021-06-11,13651.0,rank-4,658
Python,https://github.com/hyperspy/hyperspy,2021-06-14,13653.0,rank-4,658
Python,https://github.com/hyperspy/hyperspy,2021-06-15,13654.0,rank-4,658
Python,https://github.com/hyperspy/hyperspy,2021-06-17,13656.0,rank-4,658
Python,https://github.com/hyperspy/hyperspy,2021-06-18,13659.0,rank-4,658
Python,https://github.com/hyperspy/hyperspy,2021-06-19,13660.0,rank-4,658
Python,https://github.com/hyperspy/hyperspy,2021-06-22,13661.0,rank-4,658
Python,https://github.com/hyperspy/hyperspy,2021-06-23,13663.0,rank-4,658
Python,https://github.com/hyperspy/hyperspy,2021-06-24,13672.0,rank-4,658
Python,https://github.com/hyperspy/hyperspy,2021-06-25,13677.0,rank-4,658
Python,https://github.com/hyperspy/hyperspy,2021-06-26,13678.0,rank-4,658
Python,https://github.com/hyperspy/hyperspy,2021-06-27,13679.0,rank-4,658
Python,https://github.com/hyperspy/hyperspy,2021-06-28,13684.0,rank-4,658
Python,https://github.com/hyperspy/hyperspy,2021-06-29,13689.0,rank-4,658
Python,https://github.com/hyperspy/hyperspy,2021-06-30,13694.0,rank-4,658
Python,https://github.com/hyperspy/hyperspy,2021-07-01,13699.0,rank-4,658
Python,https://github.com/hyperspy/hyperspy,2021-07-05,13702.0,rank-4,658
Python,https://github.com/hyperspy/hyperspy,2021-07-06,13707.0,rank-4,658
Python,https://github.com/hyperspy/hyperspy,2021-07-07,13712.0,rank-4,658
Python,https://github.com/hyperspy/hyperspy,2021-07-08,13728.0,rank-4,658
Python,https://github.com/hyperspy/hyperspy,2021-07-09,13729.0,rank-4,658
Python,https://github.com/hyperspy/hyperspy,2021-07-12,13733.0,rank-4,658
Python,https://github.com/hyperspy/hyperspy,2021-07-26,13734.0,rank-4,658
Python,https://github.com/hyperspy/hyperspy,2021-07-27,13741.0,rank-4,658
Python,https://github.com/hyperspy/hyperspy,2021-07-28,13746.0,rank-4,658
Python,https://github.com/hyperspy/hyperspy,2021-08-04,13747.0,rank-4,658
Python,https://github.com/hyperspy/hyperspy,2021-08-05,13749.0,rank-4,658
Python,https://github.com/hyperspy/hyperspy,2021-08-06,13755.0,rank-4,658
Python,https://github.com/hyperspy/hyperspy,2021-08-09,13756.0,rank-4,658
Python,https://github.com/hyperspy/hyperspy,2021-08-15,13759.0,rank-4,658
Python,https://github.com/hyperspy/hyperspy,2021-08-19,13761.0,rank-4,658
Python,https://github.com/hyperspy/hyperspy,2021-08-20,13762.0,rank-4,658
Python,https://github.com/hyperspy/hyperspy,2021-08-22,13764.0,rank-4,658
Python,https://github.com/hyperspy/hyperspy,2021-08-23,13767.0,rank-4,658
Python,https://github.com/hyperspy/hyperspy,2021-08-24,13770.0,rank-4,658
Python,https://github.com/hyperspy/hyperspy,2021-08-25,13776.0,rank-4,658
Python,https://github.com/hyperspy/hyperspy,2021-08-26,13777.0,rank-4,658
Python,https://github.com/hyperspy/hyperspy,2021-08-27,13778.0,rank-4,658
Python,https://github.com/hyperspy/hyperspy,2021-08-31,13779.0,rank-4,658
Python,https://github.com/hyperspy/hyperspy,2021-09-01,13781.0,rank-4,658
Python,https://github.com/hyperspy/hyperspy,2021-09-03,13785.0,rank-4,658
Python,https://github.com/hyperspy/hyperspy,2021-09-04,13789.0,rank-4,658
Python,https://github.com/hyperspy/hyperspy,2021-09-05,13795.0,rank-4,658
Python,https://github.com/hyperspy/hyperspy,2021-09-08,13800.0,rank-4,658
Python,https://github.com/hyperspy/hyperspy,2021-09-09,13808.0,rank-4,658
Python,https://github.com/hyperspy/hyperspy,2021-09-16,13817.0,rank-4,658
Python,https://github.com/hyperspy/hyperspy,2021-09-20,13818.0,rank-4,658
Python,https://github.com/hyperspy/hyperspy,2021-09-22,13821.0,rank-4,658
Python,https://github.com/hyperspy/hyperspy,2021-09-27,13826.0,rank-4,658
Python,https://github.com/hyperspy/hyperspy,2021-09-30,13827.0,rank-4,658
Python,https://github.com/hyperspy/hyperspy,2021-10-04,13835.0,rank-4,658
Python,https://github.com/hyperspy/hyperspy,2021-10-05,13845.0,rank-4,658
Python,https://github.com/hyperspy/hyperspy,2021-10-06,13851.0,rank-4,658
Python,https://github.com/hyperspy/hyperspy,2021-10-07,13865.0,rank-4,658
Python,https://github.com/hyperspy/hyperspy,2021-10-08,13866.0,rank-4,658
Python,https://github.com/hyperspy/hyperspy,2021-10-10,13869.0,rank-4,658
Python,https://github.com/hyperspy/hyperspy,2021-10-11,13871.0,rank-4,658
Python,https://github.com/hyperspy/hyperspy,2021-10-12,13873.0,rank-4,658
Python,https://github.com/hyperspy/hyperspy,2021-10-13,13875.0,rank-4,658
Python,https://github.com/hyperspy/hyperspy,2021-10-14,13877.0,rank-4,658
Python,https://github.com/hyperspy/hyperspy,2021-10-17,13879.0,rank-4,658
Python,https://github.com/hyperspy/hyperspy,2021-10-18,13880.0,rank-4,658
Python,https://github.com/hyperspy/hyperspy,2021-10-19,13883.0,rank-4,658
Python,https://github.com/hyperspy/hyperspy,2021-10-20,13895.0,rank-4,658
Python,https://github.com/hyperspy/hyperspy,2021-10-21,13908.0,rank-4,658
Python,https://github.com/hyperspy/hyperspy,2021-10-22,13912.0,rank-4,658
Python,https://github.com/hyperspy/hyperspy,2021-10-23,13913.0,rank-4,658
Python,https://github.com/hyperspy/hyperspy,2021-10-24,13923.0,rank-4,658
Python,https://github.com/hyperspy/hyperspy,2021-10-25,13929.0,rank-4,658
Python,https://github.com/hyperspy/hyperspy,2021-10-26,13930.0,rank-4,658
Python,https://github.com/hyperspy/hyperspy,2021-10-27,13936.0,rank-4,658
Python,https://github.com/hyperspy/hyperspy,2021-10-28,13942.0,rank-4,658
Python,https://github.com/hyperspy/hyperspy,2021-10-29,13946.0,rank-4,658
Python,https://github.com/hyperspy/hyperspy,2021-10-30,13953.0,rank-4,658
Python,https://github.com/hyperspy/hyperspy,2021-10-31,13959.0,rank-4,658
Python,https://github.com/hyperspy/hyperspy,2021-11-01,13963.0,rank-4,658
Python,https://github.com/hyperspy/hyperspy,2021-11-02,13965.0,rank-4,658
Python,https://github.com/hyperspy/hyperspy,2021-11-03,13968.0,rank-4,658
Python,https://github.com/hyperspy/hyperspy,2021-11-04,13969.0,rank-4,658
Python,https://github.com/hyperspy/hyperspy,2021-11-05,13970.0,rank-4,658
Python,https://github.com/hyperspy/hyperspy,2021-11-07,13974.0,rank-4,658
Python,https://github.com/hyperspy/hyperspy,2021-11-08,13977.0,rank-4,658
Python,https://github.com/hyperspy/hyperspy,2021-11-09,13981.0,rank-4,658
Python,https://github.com/hyperspy/hyperspy,2021-11-10,13986.0,rank-4,658
Python,https://github.com/hyperspy/hyperspy,2021-11-11,13989.0,rank-4,658
Python,https://github.com/hyperspy/hyperspy,2021-11-12,13992.0,rank-4,658
Python,https://github.com/hyperspy/hyperspy,2021-11-14,13993.0,rank-4,658
Python,https://github.com/hyperspy/hyperspy,2021-11-16,13995.0,rank-4,658
Python,https://github.com/hyperspy/hyperspy,2021-11-17,13998.0,rank-4,658
Python,https://github.com/hyperspy/hyperspy,2021-11-21,14003.0,rank-4,658
Python,https://github.com/hyperspy/hyperspy,2021-11-22,14004.0,rank-4,658
Python,https://github.com/hyperspy/hyperspy,2021-11-23,14006.0,rank-4,658
Python,https://github.com/hyperspy/hyperspy,2021-11-24,14008.0,rank-4,658
Python,https://github.com/hyperspy/hyperspy,2021-11-25,14009.0,rank-4,658
Python,https://github.com/hyperspy/hyperspy,2021-11-26,14011.0,rank-4,658
Python,https://github.com/hyperspy/hyperspy,2021-11-28,14020.0,rank-4,658
Python,https://github.com/hyperspy/hyperspy,2021-12-07,14021.0,rank-4,658
Python,https://github.com/hyperspy/hyperspy,2021-12-08,14023.0,rank-4,658
Python,https://github.com/hyperspy/hyperspy,2021-12-09,14024.0,rank-4,658
Python,https://github.com/hyperspy/hyperspy,2021-12-10,14026.0,rank-4,658
Python,https://github.com/hyperspy/hyperspy,2021-12-13,14032.0,rank-4,658
Python,https://github.com/hyperspy/hyperspy,2021-12-14,14033.0,rank-4,658
Python,https://github.com/hyperspy/hyperspy,2021-12-15,14040.0,rank-4,658
Python,https://github.com/hyperspy/hyperspy,2021-12-16,14043.0,rank-4,658
Python,https://github.com/hyperspy/hyperspy,2021-12-17,14046.0,rank-4,658
Python,https://github.com/hyperspy/hyperspy,2021-12-18,14047.0,rank-4,658
Python,https://github.com/hyperspy/hyperspy,2021-12-20,14048.0,rank-4,658
Python,https://github.com/hyperspy/hyperspy,2021-12-21,14051.0,rank-4,658
Python,https://github.com/hyperspy/hyperspy,2021-12-22,14058.0,rank-4,658
Python,https://github.com/hyperspy/hyperspy,2021-12-23,14059.0,rank-4,658
Python,https://github.com/hyperspy/hyperspy,2021-12-24,14061.0,rank-4,658
Python,https://github.com/hyperspy/hyperspy,2022-01-02,14064.0,rank-4,658
Python,https://github.com/hyperspy/hyperspy,2022-01-03,14069.0,rank-4,658
Python,https://github.com/hyperspy/hyperspy,2022-01-04,14072.0,rank-4,658
Python,https://github.com/hyperspy/hyperspy,2022-01-05,14079.0,rank-4,658
Python,https://github.com/hyperspy/hyperspy,2022-01-12,14080.0,rank-4,658
Python,https://github.com/hyperspy/hyperspy,2022-01-15,14081.0,rank-4,658
Python,https://github.com/hyperspy/hyperspy,2022-01-16,14083.0,rank-4,658
Python,https://github.com/hyperspy/hyperspy,2022-01-17,14093.0,rank-4,658
Python,https://github.com/hyperspy/hyperspy,2022-01-18,14100.0,rank-4,658
Python,https://github.com/hyperspy/hyperspy,2022-01-19,14110.0,rank-4,658
Python,https://github.com/hyperspy/hyperspy,2022-01-20,14112.0,rank-4,658
Python,https://github.com/hyperspy/hyperspy,2022-01-21,14113.0,rank-4,658
Python,https://github.com/hyperspy/hyperspy,2022-01-24,14120.0,rank-4,658
Python,https://github.com/hyperspy/hyperspy,2022-01-25,14123.0,rank-4,658
Python,https://github.com/hyperspy/hyperspy,2022-01-26,14127.0,rank-4,658
Python,https://github.com/hyperspy/hyperspy,2022-01-27,14128.0,rank-4,658
Python,https://github.com/hyperspy/hyperspy,2022-01-28,14130.0,rank-4,658
Python,https://github.com/hyperspy/hyperspy,2022-02-07,14132.0,rank-4,658
Python,https://github.com/hyperspy/hyperspy,2022-02-09,14133.0,rank-4,658
Python,https://github.com/hyperspy/hyperspy,2022-02-10,14134.0,rank-4,658
Python,https://github.com/hyperspy/hyperspy,2022-02-16,14146.0,rank-4,658
Python,https://github.com/hyperspy/hyperspy,2022-02-17,14151.0,rank-4,658
Python,https://github.com/hyperspy/hyperspy,2022-02-18,14156.0,rank-4,658
Python,https://github.com/hyperspy/hyperspy,2022-02-21,14161.0,rank-4,658
Python,https://github.com/hyperspy/hyperspy,2022-02-22,14166.0,rank-4,658
Python,https://github.com/hyperspy/hyperspy,2022-02-23,14173.0,rank-4,658
Python,https://github.com/hyperspy/hyperspy,2022-02-24,14176.0,rank-4,658
Python,https://github.com/hyperspy/hyperspy,2022-02-26,14177.0,rank-4,658
Python,https://github.com/hyperspy/hyperspy,2022-02-28,14179.0,rank-4,658
Python,https://github.com/hyperspy/hyperspy,2022-03-01,14183.0,rank-4,658
Python,https://github.com/hyperspy/hyperspy,2022-03-03,14190.0,rank-4,658
Python,https://github.com/hyperspy/hyperspy,2022-03-06,14191.0,rank-4,658
Python,https://github.com/hyperspy/hyperspy,2022-03-08,14195.0,rank-4,658
Python,https://github.com/hyperspy/hyperspy,2022-03-09,14199.0,rank-4,658
Python,https://github.com/hyperspy/hyperspy,2022-03-10,14201.0,rank-4,658
Python,https://github.com/hyperspy/hyperspy,2022-03-12,14204.0,rank-4,658
Python,https://github.com/hyperspy/hyperspy,2022-03-13,14210.0,rank-4,658
Python,https://github.com/hyperspy/hyperspy,2022-03-14,14213.0,rank-4,658
Python,https://github.com/hyperspy/hyperspy,2022-03-15,14217.0,rank-4,658
Python,https://github.com/hyperspy/hyperspy,2022-03-16,14219.0,rank-4,658
Python,https://github.com/hyperspy/hyperspy,2022-03-17,14226.0,rank-4,658
Python,https://github.com/hyperspy/hyperspy,2022-03-18,14227.0,rank-4,658
Python,https://github.com/hyperspy/hyperspy,2022-03-19,14228.0,rank-4,658
Python,https://github.com/hyperspy/hyperspy,2022-03-20,14230.0,rank-4,658
Python,https://github.com/hyperspy/hyperspy,2022-03-22,14235.0,rank-4,658
Python,https://github.com/hyperspy/hyperspy,2022-03-23,14239.0,rank-4,658
Python,https://github.com/hyperspy/hyperspy,2022-03-24,14245.0,rank-4,658
Python,https://github.com/hyperspy/hyperspy,2022-03-25,14260.0,rank-4,658
Python,https://github.com/hyperspy/hyperspy,2022-03-26,14264.0,rank-4,658
Python,https://github.com/hyperspy/hyperspy,2022-03-27,14265.0,rank-4,658
Python,https://github.com/hyperspy/hyperspy,2022-03-28,14266.0,rank-4,658
Python,https://github.com/hyperspy/hyperspy,2022-03-29,14274.0,rank-4,658
Python,https://github.com/hyperspy/hyperspy,2022-03-30,14288.0,rank-4,658
Python,https://github.com/hyperspy/hyperspy,2022-03-31,14293.0,rank-4,658
Python,https://github.com/hyperspy/hyperspy,2022-04-01,14295.0,rank-4,658
Python,https://github.com/hyperspy/hyperspy,2022-04-02,14301.0,rank-4,658
Python,https://github.com/hyperspy/hyperspy,2022-04-03,14308.0,rank-4,658
Python,https://github.com/hyperspy/hyperspy,2022-04-05,14309.0,rank-4,658
Python,https://github.com/hyperspy/hyperspy,2022-04-06,14312.0,rank-4,658
Python,https://github.com/hyperspy/hyperspy,2022-04-07,14321.0,rank-4,658
Python,https://github.com/hyperspy/hyperspy,2022-04-08,14324.0,rank-4,658
Python,https://github.com/hyperspy/hyperspy,2022-04-09,14328.0,rank-4,658
Python,https://github.com/hyperspy/hyperspy,2022-04-10,14330.0,rank-4,658
Python,https://github.com/hyperspy/hyperspy,2022-04-12,14331.0,rank-4,658
Python,https://github.com/hyperspy/hyperspy,2022-04-14,14345.0,rank-4,658
Python,https://github.com/hyperspy/hyperspy,2022-04-15,14353.0,rank-4,658
Python,https://github.com/hyperspy/hyperspy,2022-04-16,14354.0,rank-4,658
Python,https://github.com/hyperspy/hyperspy,2022-04-18,14355.0,rank-4,658
Python,https://github.com/hyperspy/hyperspy,2022-04-19,14358.0,rank-4,658
Python,https://github.com/hyperspy/hyperspy,2022-04-20,14361.0,rank-4,658
Python,https://github.com/hyperspy/hyperspy,2022-04-21,14364.0,rank-4,658
Python,https://github.com/hyperspy/hyperspy,2022-04-24,14365.0,rank-4,658
Python,https://github.com/hyperspy/hyperspy,2022-04-25,14376.0,rank-4,658
Python,https://github.com/hyperspy/hyperspy,2022-04-26,14380.0,rank-4,658
Python,https://github.com/hyperspy/hyperspy,2022-05-03,14385.0,rank-4,658
Python,https://github.com/hyperspy/hyperspy,2022-05-12,14386.0,rank-4,658
Python,https://github.com/hyperspy/hyperspy,2022-05-18,14388.0,rank-4,658
Python,https://github.com/hyperspy/hyperspy,2022-05-19,14391.0,rank-4,658
Python,https://github.com/hyperspy/hyperspy,2022-05-20,14396.0,rank-4,658
Python,https://github.com/hyperspy/hyperspy,2022-05-23,14403.0,rank-4,658
Python,https://github.com/hyperspy/hyperspy,2022-05-24,14406.0,rank-4,658
Python,https://github.com/hyperspy/hyperspy,2022-05-26,14409.0,rank-4,658
Python,https://github.com/hyperspy/hyperspy,2022-05-29,14410.0,rank-4,658
Python,https://github.com/hyperspy/hyperspy,2022-06-02,14412.0,rank-4,658
Python,https://github.com/hyperspy/hyperspy,2022-06-03,14414.0,rank-4,658
Python,https://github.com/hyperspy/hyperspy,2022-06-04,14415.0,rank-4,658
Python,https://github.com/hyperspy/hyperspy,2022-06-05,14416.0,rank-4,658
Python,https://github.com/hyperspy/hyperspy,2022-06-08,14422.0,rank-4,658
Python,https://github.com/hyperspy/hyperspy,2022-06-11,14425.0,rank-4,658
Python,https://github.com/hyperspy/hyperspy,2022-06-15,14426.0,rank-4,658
Python,https://github.com/hyperspy/hyperspy,2022-06-16,14431.0,rank-4,658
Python,https://github.com/hyperspy/hyperspy,2022-06-17,14446.0,rank-4,658
Python,https://github.com/hyperspy/hyperspy,2022-06-18,14452.0,rank-4,658
Python,https://github.com/hyperspy/hyperspy,2022-07-18,14454.0,rank-4,658
Python,https://github.com/hyperspy/hyperspy,2022-07-20,14474.0,rank-4,658
Python,https://github.com/hyperspy/hyperspy,2022-07-21,14478.0,rank-4,658
Python,https://github.com/hyperspy/hyperspy,2022-07-23,14480.0,rank-4,658
Python,https://github.com/hyperspy/hyperspy,2022-07-24,14484.0,rank-4,658
Python,https://github.com/hyperspy/hyperspy,2022-07-25,14488.0,rank-4,658
Python,https://github.com/hyperspy/hyperspy,2022-07-26,14489.0,rank-4,658
Python,https://github.com/hyperspy/hyperspy,2022-08-03,14495.0,rank-4,658
Python,https://github.com/hyperspy/hyperspy,2022-08-14,14496.0,rank-4,658
Python,https://github.com/hyperspy/hyperspy,2022-08-15,14497.0,rank-4,658
Python,https://github.com/hyperspy/hyperspy,2022-08-24,14502.0,rank-4,658
Python,https://github.com/hyperspy/hyperspy,2022-08-27,14506.0,rank-4,658
Python,https://github.com/hyperspy/hyperspy,2022-08-28,14507.0,rank-4,658
Python,https://github.com/hyperspy/hyperspy,2022-08-29,14512.0,rank-4,658
Python,https://github.com/hyperspy/hyperspy,2022-08-30,14516.0,rank-4,658
Python,https://github.com/hyperspy/hyperspy,2022-08-31,14519.0,rank-4,658
Python,https://github.com/hyperspy/hyperspy,2022-09-02,14520.0,rank-4,658
Python,https://github.com/hyperspy/hyperspy,2022-09-05,14522.0,rank-4,658
Python,https://github.com/hyperspy/hyperspy,2022-09-16,14528.0,rank-4,658
Python,https://github.com/hyperspy/hyperspy,2022-09-17,14532.0,rank-4,658
Python,https://github.com/hyperspy/hyperspy,2022-09-18,14535.0,rank-4,658
Python,https://github.com/hyperspy/hyperspy,2022-09-19,14545.0,rank-4,658
Python,https://github.com/hyperspy/hyperspy,2022-09-20,14548.0,rank-4,658
Python,https://github.com/hyperspy/hyperspy,2022-09-24,14554.0,rank-4,658
Python,https://github.com/hyperspy/hyperspy,2022-09-26,14558.0,rank-4,658
Python,https://github.com/hyperspy/hyperspy,2022-09-27,14562.0,rank-4,658
Python,https://github.com/hyperspy/hyperspy,2022-10-01,14563.0,rank-4,658
Python,https://github.com/hyperspy/hyperspy,2022-10-02,14564.0,rank-4,658
Python,https://github.com/hyperspy/hyperspy,2022-10-03,14566.0,rank-4,658
Python,https://github.com/hyperspy/hyperspy,2022-10-09,14568.0,rank-4,658
Python,https://github.com/hyperspy/hyperspy,2022-10-10,14570.0,rank-4,658
Python,https://github.com/hyperspy/hyperspy,2022-10-15,14572.0,rank-4,658
Python,https://github.com/hyperspy/hyperspy,2022-10-17,14574.0,rank-4,658
Python,https://github.com/hyperspy/hyperspy,2022-10-25,14575.0,rank-4,658
Python,https://github.com/hyperspy/hyperspy,2022-10-28,14576.0,rank-4,658
Python,https://github.com/hyperspy/hyperspy,2022-10-29,14583.0,rank-4,658
Python,https://github.com/hyperspy/hyperspy,2022-11-03,14584.0,rank-4,658
Python,https://github.com/hyperspy/hyperspy,2022-11-10,14585.0,rank-4,658
Python,https://github.com/hyperspy/hyperspy,2022-11-12,14586.0,rank-4,658
Python,https://github.com/hyperspy/hyperspy,2022-11-14,14587.0,rank-4,658
Python,https://github.com/hyperspy/hyperspy,2022-11-15,14589.0,rank-4,658
Python,https://github.com/hyperspy/hyperspy,2022-11-16,14590.0,rank-4,658
Python,https://github.com/hyperspy/hyperspy,2022-11-17,14593.0,rank-4,658
Python,https://github.com/hyperspy/hyperspy,2022-11-28,14595.0,rank-4,658
Python,https://github.com/hyperspy/hyperspy,2022-11-29,14596.0,rank-4,658
Python,https://github.com/hyperspy/hyperspy,2022-12-05,14598.0,rank-4,658
Python,https://github.com/hyperspy/hyperspy,2022-12-06,14599.0,rank-4,658
Python,https://github.com/hyperspy/hyperspy,2023-01-05,14603.0,rank-4,658
Python,https://github.com/hyperspy/hyperspy,2023-01-06,14605.0,rank-4,658
Python,https://github.com/hyperspy/hyperspy,2023-01-07,14607.0,rank-4,658
Python,https://github.com/hyperspy/hyperspy,2023-01-13,14609.0,rank-4,658
Python,https://github.com/hyperspy/hyperspy,2023-01-14,14610.0,rank-4,658
Python,https://github.com/hyperspy/hyperspy,2023-01-18,14612.0,rank-4,658
Python,https://github.com/hyperspy/hyperspy,2023-02-14,14613.0,rank-4,658
Python,https://github.com/hyperspy/hyperspy,2023-02-17,14615.0,rank-4,658
Python,https://github.com/hyperspy/hyperspy,2023-02-19,14623.0,rank-4,658
Python,https://github.com/hyperspy/hyperspy,2023-02-20,14624.0,rank-4,658
Python,https://github.com/hyperspy/hyperspy,2023-02-21,14625.0,rank-4,658
Python,https://github.com/hyperspy/hyperspy,2023-02-25,14629.0,rank-4,658
Python,https://github.com/hyperspy/hyperspy,2023-03-08,14631.0,rank-4,658
Python,https://github.com/hyperspy/hyperspy,2023-03-11,14634.0,rank-4,658
Python,https://github.com/hyperspy/hyperspy,2023-03-12,14638.0,rank-4,658
Python,https://github.com/hyperspy/hyperspy,2023-03-13,14639.0,rank-4,658
Python,https://github.com/hyperspy/hyperspy,2023-03-15,14640.0,rank-4,658
Python,https://github.com/hyperspy/hyperspy,2023-03-16,14645.0,rank-4,658
Python,https://github.com/hyperspy/hyperspy,2023-03-17,14648.0,rank-4,658
Python,https://github.com/hyperspy/hyperspy,2023-03-20,14656.0,rank-4,658
Python,https://github.com/hyperspy/hyperspy,2023-03-21,14658.0,rank-4,658
Python,https://github.com/hyperspy/hyperspy,2023-03-22,14662.0,rank-4,658
Python,https://github.com/hyperspy/hyperspy,2023-03-24,14664.0,rank-4,658
Python,https://github.com/hyperspy/hyperspy,2023-03-25,14666.0,rank-4,658
Python,https://github.com/hyperspy/hyperspy,2023-03-27,14667.0,rank-4,658
Python,https://github.com/hyperspy/hyperspy,2023-04-09,14669.0,rank-4,658
Python,https://github.com/hyperspy/hyperspy,2023-04-10,14670.0,rank-4,658
Python,https://github.com/hyperspy/hyperspy,2023-04-11,14674.0,rank-4,658
Python,https://github.com/hyperspy/hyperspy,2023-04-12,14675.0,rank-4,658
Python,https://github.com/hyperspy/hyperspy,2023-04-14,14676.0,rank-4,658
Python,https://github.com/hyperspy/hyperspy,2023-04-22,14677.0,rank-4,658
Python,https://github.com/hyperspy/hyperspy,2023-04-23,14679.0,rank-4,658
Python,https://github.com/hyperspy/hyperspy,2023-04-27,14685.0,rank-4,658
Python,https://github.com/hyperspy/hyperspy,2023-04-29,14686.0,rank-4,658
Python,https://github.com/hyperspy/hyperspy,2023-05-03,14688.0,rank-4,658
Python,https://github.com/hyperspy/hyperspy,2023-05-04,14691.0,rank-4,658
Python,https://github.com/hyperspy/hyperspy,2023-05-05,14693.0,rank-4,658
Python,https://github.com/hyperspy/hyperspy,2023-05-06,14696.0,rank-4,658
Python,https://github.com/hyperspy/hyperspy,2010-11-15,8.0,rank-other,0
Python,https://github.com/hyperspy/hyperspy,2010-11-16,11.0,rank-other,0
Python,https://github.com/hyperspy/hyperspy,2010-11-17,18.0,rank-other,0
Python,https://github.com/hyperspy/hyperspy,2010-11-18,28.0,rank-other,0
Python,https://github.com/hyperspy/hyperspy,2010-11-19,34.0,rank-other,0
Python,https://github.com/hyperspy/hyperspy,2010-11-23,35.0,rank-other,0
Python,https://github.com/hyperspy/hyperspy,2010-11-29,37.0,rank-other,0
Python,https://github.com/hyperspy/hyperspy,2010-11-30,43.0,rank-other,0
Python,https://github.com/hyperspy/hyperspy,2010-12-01,46.0,rank-other,0
Python,https://github.com/hyperspy/hyperspy,2010-12-02,47.0,rank-other,0
Python,https://github.com/hyperspy/hyperspy,2010-12-03,48.0,rank-other,0
Python,https://github.com/hyperspy/hyperspy,2010-12-04,50.0,rank-other,0
Python,https://github.com/hyperspy/hyperspy,2010-12-05,51.0,rank-other,0
Python,https://github.com/hyperspy/hyperspy,2010-12-06,52.0,rank-other,0
Python,https://github.com/hyperspy/hyperspy,2010-12-07,54.0,rank-other,0
Python,https://github.com/hyperspy/hyperspy,2010-12-09,61.0,rank-other,1
Python,https://github.com/hyperspy/hyperspy,2010-12-12,62.0,rank-other,1
Python,https://github.com/hyperspy/hyperspy,2010-12-13,65.0,rank-other,1
Python,https://github.com/hyperspy/hyperspy,2010-12-14,70.0,rank-other,1
Python,https://github.com/hyperspy/hyperspy,2010-12-15,72.0,rank-other,1
Python,https://github.com/hyperspy/hyperspy,2010-12-16,73.0,rank-other,1
Python,https://github.com/hyperspy/hyperspy,2010-12-18,77.0,rank-other,1
Python,https://github.com/hyperspy/hyperspy,2011-01-08,79.0,rank-other,3
Python,https://github.com/hyperspy/hyperspy,2011-01-09,81.0,rank-other,5
Python,https://github.com/hyperspy/hyperspy,2011-01-18,82.0,rank-other,5
Python,https://github.com/hyperspy/hyperspy,2011-01-23,83.0,rank-other,6
Python,https://github.com/hyperspy/hyperspy,2011-01-25,85.0,rank-other,6
Python,https://github.com/hyperspy/hyperspy,2011-01-26,88.0,rank-other,6
Python,https://github.com/hyperspy/hyperspy,2011-01-28,93.0,rank-other,6
Python,https://github.com/hyperspy/hyperspy,2011-01-31,94.0,rank-other,6
Python,https://github.com/hyperspy/hyperspy,2011-02-01,97.0,rank-other,6
Python,https://github.com/hyperspy/hyperspy,2011-02-02,100.0,rank-other,6
Python,https://github.com/hyperspy/hyperspy,2011-02-03,104.0,rank-other,8
Python,https://github.com/hyperspy/hyperspy,2011-02-04,105.0,rank-other,8
Python,https://github.com/hyperspy/hyperspy,2011-02-15,106.0,rank-other,8
Python,https://github.com/hyperspy/hyperspy,2011-02-16,109.0,rank-other,10
Python,https://github.com/hyperspy/hyperspy,2011-02-18,111.0,rank-other,10
Python,https://github.com/hyperspy/hyperspy,2011-02-23,112.0,rank-other,10
Python,https://github.com/hyperspy/hyperspy,2011-03-01,117.0,rank-other,10
Python,https://github.com/hyperspy/hyperspy,2011-03-02,120.0,rank-other,10
Python,https://github.com/hyperspy/hyperspy,2011-03-03,123.0,rank-other,10
Python,https://github.com/hyperspy/hyperspy,2011-03-04,129.0,rank-other,10
Python,https://github.com/hyperspy/hyperspy,2011-03-08,130.0,rank-other,10
Python,https://github.com/hyperspy/hyperspy,2011-03-09,134.0,rank-other,10
Python,https://github.com/hyperspy/hyperspy,2011-03-10,135.0,rank-other,11
Python,https://github.com/hyperspy/hyperspy,2011-03-11,136.0,rank-other,11
Python,https://github.com/hyperspy/hyperspy,2011-03-12,139.0,rank-other,14
Python,https://github.com/hyperspy/hyperspy,2011-03-13,158.0,rank-other,21
Python,https://github.com/hyperspy/hyperspy,2011-03-14,161.0,rank-other,24
Python,https://github.com/hyperspy/hyperspy,2011-03-15,165.0,rank-other,28
Python,https://github.com/hyperspy/hyperspy,2011-03-18,169.0,rank-other,28
Python,https://github.com/hyperspy/hyperspy,2011-03-21,173.0,rank-other,29
Python,https://github.com/hyperspy/hyperspy,2011-03-22,193.0,rank-other,36
Python,https://github.com/hyperspy/hyperspy,2011-03-23,209.0,rank-other,38
Python,https://github.com/hyperspy/hyperspy,2011-03-28,217.0,rank-other,38
Python,https://github.com/hyperspy/hyperspy,2011-03-29,225.0,rank-other,38
Python,https://github.com/hyperspy/hyperspy,2011-03-30,232.0,rank-other,41
Python,https://github.com/hyperspy/hyperspy,2011-03-31,242.0,rank-other,45
Python,https://github.com/hyperspy/hyperspy,2011-04-01,251.0,rank-other,46
Python,https://github.com/hyperspy/hyperspy,2011-04-02,256.0,rank-other,50
Python,https://github.com/hyperspy/hyperspy,2011-04-04,260.0,rank-other,54
Python,https://github.com/hyperspy/hyperspy,2011-04-05,273.0,rank-other,57
Python,https://github.com/hyperspy/hyperspy,2011-04-06,278.0,rank-other,57
Python,https://github.com/hyperspy/hyperspy,2011-04-07,289.0,rank-other,59
Python,https://github.com/hyperspy/hyperspy,2011-04-08,306.0,rank-other,64
Python,https://github.com/hyperspy/hyperspy,2011-04-11,308.0,rank-other,66
Python,https://github.com/hyperspy/hyperspy,2011-04-13,320.0,rank-other,66
Python,https://github.com/hyperspy/hyperspy,2011-04-14,326.0,rank-other,66
Python,https://github.com/hyperspy/hyperspy,2011-04-15,332.0,rank-other,66
Python,https://github.com/hyperspy/hyperspy,2011-04-20,334.0,rank-other,68
Python,https://github.com/hyperspy/hyperspy,2011-04-21,337.0,rank-other,71
Python,https://github.com/hyperspy/hyperspy,2011-04-25,339.0,rank-other,73
Python,https://github.com/hyperspy/hyperspy,2011-04-26,341.0,rank-other,75
Python,https://github.com/hyperspy/hyperspy,2011-04-28,343.0,rank-other,77
Python,https://github.com/hyperspy/hyperspy,2011-04-29,345.0,rank-other,79
Python,https://github.com/hyperspy/hyperspy,2011-05-05,347.0,rank-other,81
Python,https://github.com/hyperspy/hyperspy,2011-05-13,354.0,rank-other,88
Python,https://github.com/hyperspy/hyperspy,2011-05-16,356.0,rank-other,89
Python,https://github.com/hyperspy/hyperspy,2011-05-17,358.0,rank-other,91
Python,https://github.com/hyperspy/hyperspy,2011-05-18,361.0,rank-other,91
Python,https://github.com/hyperspy/hyperspy,2011-05-19,363.0,rank-other,93
Python,https://github.com/hyperspy/hyperspy,2011-05-20,364.0,rank-other,93
Python,https://github.com/hyperspy/hyperspy,2011-05-27,365.0,rank-other,93
Python,https://github.com/hyperspy/hyperspy,2011-06-09,369.0,rank-other,93
Python,https://github.com/hyperspy/hyperspy,2011-06-15,372.0,rank-other,96
Python,https://github.com/hyperspy/hyperspy,2011-06-22,374.0,rank-other,96
Python,https://github.com/hyperspy/hyperspy,2011-06-24,375.0,rank-other,96
Python,https://github.com/hyperspy/hyperspy,2011-06-27,380.0,rank-other,96
Python,https://github.com/hyperspy/hyperspy,2011-06-28,383.0,rank-other,96
Python,https://github.com/hyperspy/hyperspy,2011-06-30,392.0,rank-other,96
Python,https://github.com/hyperspy/hyperspy,2011-07-01,395.0,rank-other,96
Python,https://github.com/hyperspy/hyperspy,2011-07-04,398.0,rank-other,96
Python,https://github.com/hyperspy/hyperspy,2011-07-07,405.0,rank-other,103
Python,https://github.com/hyperspy/hyperspy,2011-07-08,412.0,rank-other,107
Python,https://github.com/hyperspy/hyperspy,2011-07-09,416.0,rank-other,109
Python,https://github.com/hyperspy/hyperspy,2011-07-11,431.0,rank-other,124
Python,https://github.com/hyperspy/hyperspy,2011-07-15,432.0,rank-other,125
Python,https://github.com/hyperspy/hyperspy,2011-07-18,438.0,rank-other,131
Python,https://github.com/hyperspy/hyperspy,2011-07-19,442.0,rank-other,131
Python,https://github.com/hyperspy/hyperspy,2011-07-20,454.0,rank-other,135
Python,https://github.com/hyperspy/hyperspy,2011-07-21,456.0,rank-other,136
Python,https://github.com/hyperspy/hyperspy,2011-07-22,461.0,rank-other,138
Python,https://github.com/hyperspy/hyperspy,2011-07-25,475.0,rank-other,146
Python,https://github.com/hyperspy/hyperspy,2011-07-26,487.0,rank-other,149
Python,https://github.com/hyperspy/hyperspy,2011-07-27,489.0,rank-other,150
Python,https://github.com/hyperspy/hyperspy,2011-07-28,495.0,rank-other,156
Python,https://github.com/hyperspy/hyperspy,2011-07-29,503.0,rank-other,160
Python,https://github.com/hyperspy/hyperspy,2011-08-01,522.0,rank-other,160
Python,https://github.com/hyperspy/hyperspy,2011-08-02,526.0,rank-other,160
Python,https://github.com/hyperspy/hyperspy,2011-08-03,531.0,rank-other,160
Python,https://github.com/hyperspy/hyperspy,2011-08-07,537.0,rank-other,166
Python,https://github.com/hyperspy/hyperspy,2011-08-08,547.0,rank-other,166
Python,https://github.com/hyperspy/hyperspy,2011-08-10,548.0,rank-other,167
Python,https://github.com/hyperspy/hyperspy,2011-08-12,550.0,rank-other,167
Python,https://github.com/hyperspy/hyperspy,2011-08-15,555.0,rank-other,167
Python,https://github.com/hyperspy/hyperspy,2011-08-16,561.0,rank-other,171
Python,https://github.com/hyperspy/hyperspy,2011-08-17,577.0,rank-other,175
Python,https://github.com/hyperspy/hyperspy,2011-08-18,611.0,rank-other,177
Python,https://github.com/hyperspy/hyperspy,2011-08-19,622.0,rank-other,180
Python,https://github.com/hyperspy/hyperspy,2011-08-21,646.0,rank-other,180
Python,https://github.com/hyperspy/hyperspy,2011-08-22,659.0,rank-other,180
Python,https://github.com/hyperspy/hyperspy,2011-08-23,662.0,rank-other,182
Python,https://github.com/hyperspy/hyperspy,2011-08-26,665.0,rank-other,182
Python,https://github.com/hyperspy/hyperspy,2011-08-27,667.0,rank-other,182
Python,https://github.com/hyperspy/hyperspy,2011-08-28,675.0,rank-other,182
Python,https://github.com/hyperspy/hyperspy,2011-08-31,684.0,rank-other,182
Python,https://github.com/hyperspy/hyperspy,2011-09-01,689.0,rank-other,182
Python,https://github.com/hyperspy/hyperspy,2011-09-02,694.0,rank-other,182
Python,https://github.com/hyperspy/hyperspy,2011-09-04,698.0,rank-other,182
Python,https://github.com/hyperspy/hyperspy,2011-09-05,701.0,rank-other,182
Python,https://github.com/hyperspy/hyperspy,2011-09-06,707.0,rank-other,183
Python,https://github.com/hyperspy/hyperspy,2011-09-07,709.0,rank-other,183
Python,https://github.com/hyperspy/hyperspy,2011-09-08,711.0,rank-other,185
Python,https://github.com/hyperspy/hyperspy,2011-09-12,715.0,rank-other,188
Python,https://github.com/hyperspy/hyperspy,2011-09-13,718.0,rank-other,188
Python,https://github.com/hyperspy/hyperspy,2011-09-16,719.0,rank-other,188
Python,https://github.com/hyperspy/hyperspy,2011-09-19,724.0,rank-other,188
Python,https://github.com/hyperspy/hyperspy,2011-09-20,733.0,rank-other,193
Python,https://github.com/hyperspy/hyperspy,2011-09-21,747.0,rank-other,201
Python,https://github.com/hyperspy/hyperspy,2011-09-22,754.0,rank-other,201
Python,https://github.com/hyperspy/hyperspy,2011-09-23,766.0,rank-other,204
Python,https://github.com/hyperspy/hyperspy,2011-09-26,773.0,rank-other,209
Python,https://github.com/hyperspy/hyperspy,2011-09-27,777.0,rank-other,210
Python,https://github.com/hyperspy/hyperspy,2011-09-28,780.0,rank-other,212
Python,https://github.com/hyperspy/hyperspy,2011-09-29,790.0,rank-other,217
Python,https://github.com/hyperspy/hyperspy,2011-09-30,792.0,rank-other,219
Python,https://github.com/hyperspy/hyperspy,2011-10-04,793.0,rank-other,220
Python,https://github.com/hyperspy/hyperspy,2011-10-05,802.0,rank-other,229
Python,https://github.com/hyperspy/hyperspy,2011-10-06,806.0,rank-other,233
Python,https://github.com/hyperspy/hyperspy,2011-10-10,814.0,rank-other,241
Python,https://github.com/hyperspy/hyperspy,2011-10-13,823.0,rank-other,250
Python,https://github.com/hyperspy/hyperspy,2011-10-14,840.0,rank-other,253
Python,https://github.com/hyperspy/hyperspy,2011-10-17,854.0,rank-other,260
Python,https://github.com/hyperspy/hyperspy,2011-10-18,873.0,rank-other,265
Python,https://github.com/hyperspy/hyperspy,2011-10-19,893.0,rank-other,277
Python,https://github.com/hyperspy/hyperspy,2011-10-20,910.0,rank-other,288
Python,https://github.com/hyperspy/hyperspy,2011-10-21,927.0,rank-other,300
Python,https://github.com/hyperspy/hyperspy,2011-10-22,936.0,rank-other,300
Python,https://github.com/hyperspy/hyperspy,2011-10-23,954.0,rank-other,305
Python,https://github.com/hyperspy/hyperspy,2011-10-24,955.0,rank-other,306
Python,https://github.com/hyperspy/hyperspy,2011-10-25,956.0,rank-other,306
Python,https://github.com/hyperspy/hyperspy,2011-10-26,962.0,rank-other,311
Python,https://github.com/hyperspy/hyperspy,2011-10-27,970.0,rank-other,312
Python,https://github.com/hyperspy/hyperspy,2011-11-02,974.0,rank-other,312
Python,https://github.com/hyperspy/hyperspy,2011-11-03,978.0,rank-other,312
Python,https://github.com/hyperspy/hyperspy,2011-11-04,985.0,rank-other,312
Python,https://github.com/hyperspy/hyperspy,2011-11-05,986.0,rank-other,312
Python,https://github.com/hyperspy/hyperspy,2011-11-07,991.0,rank-other,315
Python,https://github.com/hyperspy/hyperspy,2011-11-10,993.0,rank-other,315
Python,https://github.com/hyperspy/hyperspy,2011-11-18,994.0,rank-other,315
Python,https://github.com/hyperspy/hyperspy,2011-11-21,997.0,rank-other,315
Python,https://github.com/hyperspy/hyperspy,2011-11-22,1000.0,rank-other,315
Python,https://github.com/hyperspy/hyperspy,2011-11-25,1003.0,rank-other,315
Python,https://github.com/hyperspy/hyperspy,2011-11-29,1012.0,rank-other,315
Python,https://github.com/hyperspy/hyperspy,2011-11-30,1013.0,rank-other,315
Python,https://github.com/hyperspy/hyperspy,2011-12-01,1015.0,rank-other,315
Python,https://github.com/hyperspy/hyperspy,2011-12-02,1025.0,rank-other,315
Python,https://github.com/hyperspy/hyperspy,2011-12-05,1029.0,rank-other,315
Python,https://github.com/hyperspy/hyperspy,2011-12-06,1035.0,rank-other,315
Python,https://github.com/hyperspy/hyperspy,2011-12-07,1042.0,rank-other,315
Python,https://github.com/hyperspy/hyperspy,2011-12-08,1043.0,rank-other,315
Python,https://github.com/hyperspy/hyperspy,2011-12-09,1047.0,rank-other,315
Python,https://github.com/hyperspy/hyperspy,2011-12-12,1051.0,rank-other,315
Python,https://github.com/hyperspy/hyperspy,2011-12-14,1053.0,rank-other,315
Python,https://github.com/hyperspy/hyperspy,2011-12-15,1056.0,rank-other,315
Python,https://github.com/hyperspy/hyperspy,2011-12-20,1059.0,rank-other,315
Python,https://github.com/hyperspy/hyperspy,2011-12-21,1060.0,rank-other,315
Python,https://github.com/hyperspy/hyperspy,2012-01-05,1061.0,rank-other,315
Python,https://github.com/hyperspy/hyperspy,2012-02-10,1062.0,rank-other,315
Python,https://github.com/hyperspy/hyperspy,2012-02-20,1066.0,rank-other,315
Python,https://github.com/hyperspy/hyperspy,2012-02-22,1069.0,rank-other,315
Python,https://github.com/hyperspy/hyperspy,2012-02-23,1070.0,rank-other,315
Python,https://github.com/hyperspy/hyperspy,2012-02-24,1074.0,rank-other,315
Python,https://github.com/hyperspy/hyperspy,2012-02-27,1078.0,rank-other,315
Python,https://github.com/hyperspy/hyperspy,2012-02-28,1088.0,rank-other,315
Python,https://github.com/hyperspy/hyperspy,2012-02-29,1099.0,rank-other,315
Python,https://github.com/hyperspy/hyperspy,2012-03-01,1100.0,rank-other,315
Python,https://github.com/hyperspy/hyperspy,2012-04-02,1102.0,rank-other,315
Python,https://github.com/hyperspy/hyperspy,2012-04-04,1104.0,rank-other,315
Python,https://github.com/hyperspy/hyperspy,2012-04-05,1114.0,rank-other,315
Python,https://github.com/hyperspy/hyperspy,2012-04-10,1118.0,rank-other,315
Python,https://github.com/hyperspy/hyperspy,2012-04-11,1122.0,rank-other,315
Python,https://github.com/hyperspy/hyperspy,2012-04-12,1126.0,rank-other,315
Python,https://github.com/hyperspy/hyperspy,2012-04-13,1137.0,rank-other,315
Python,https://github.com/hyperspy/hyperspy,2012-04-16,1149.0,rank-other,315
Python,https://github.com/hyperspy/hyperspy,2012-04-17,1150.0,rank-other,315
Python,https://github.com/hyperspy/hyperspy,2012-04-18,1154.0,rank-other,315
Python,https://github.com/hyperspy/hyperspy,2012-05-07,1155.0,rank-other,316
Python,https://github.com/hyperspy/hyperspy,2012-05-17,1156.0,rank-other,316
Python,https://github.com/hyperspy/hyperspy,2012-05-20,1157.0,rank-other,316
Python,https://github.com/hyperspy/hyperspy,2012-05-22,1159.0,rank-other,316
Python,https://github.com/hyperspy/hyperspy,2012-05-31,1163.0,rank-other,316
Python,https://github.com/hyperspy/hyperspy,2012-06-04,1164.0,rank-other,316
Python,https://github.com/hyperspy/hyperspy,2012-06-07,1167.0,rank-other,316
Python,https://github.com/hyperspy/hyperspy,2012-06-08,1168.0,rank-other,316
Python,https://github.com/hyperspy/hyperspy,2012-06-11,1174.0,rank-other,318
Python,https://github.com/hyperspy/hyperspy,2012-06-12,1177.0,rank-other,320
Python,https://github.com/hyperspy/hyperspy,2012-06-14,1178.0,rank-other,321
Python,https://github.com/hyperspy/hyperspy,2012-06-20,1179.0,rank-other,321
Python,https://github.com/hyperspy/hyperspy,2012-06-22,1180.0,rank-other,321
Python,https://github.com/hyperspy/hyperspy,2012-06-25,1184.0,rank-other,323
Python,https://github.com/hyperspy/hyperspy,2012-06-28,1185.0,rank-other,323
Python,https://github.com/hyperspy/hyperspy,2012-07-02,1188.0,rank-other,323
Python,https://github.com/hyperspy/hyperspy,2012-07-03,1192.0,rank-other,325
Python,https://github.com/hyperspy/hyperspy,2012-07-04,1193.0,rank-other,326
Python,https://github.com/hyperspy/hyperspy,2012-07-09,1198.0,rank-other,326
Python,https://github.com/hyperspy/hyperspy,2012-07-10,1202.0,rank-other,326
Python,https://github.com/hyperspy/hyperspy,2012-07-11,1206.0,rank-other,326
Python,https://github.com/hyperspy/hyperspy,2012-07-12,1208.0,rank-other,326
Python,https://github.com/hyperspy/hyperspy,2012-07-13,1212.0,rank-other,326
Python,https://github.com/hyperspy/hyperspy,2012-07-18,1214.0,rank-other,328
Python,https://github.com/hyperspy/hyperspy,2012-07-24,1217.0,rank-other,328
Python,https://github.com/hyperspy/hyperspy,2012-07-25,1218.0,rank-other,328
Python,https://github.com/hyperspy/hyperspy,2012-07-26,1220.0,rank-other,328
Python,https://github.com/hyperspy/hyperspy,2012-07-27,1221.0,rank-other,328
Python,https://github.com/hyperspy/hyperspy,2012-07-31,1227.0,rank-other,328
Python,https://github.com/hyperspy/hyperspy,2012-08-01,1228.0,rank-other,328
Python,https://github.com/hyperspy/hyperspy,2012-08-02,1230.0,rank-other,328
Python,https://github.com/hyperspy/hyperspy,2012-08-03,1231.0,rank-other,328
Python,https://github.com/hyperspy/hyperspy,2012-08-08,1233.0,rank-other,329
Python,https://github.com/hyperspy/hyperspy,2012-08-09,1235.0,rank-other,329
Python,https://github.com/hyperspy/hyperspy,2012-08-10,1237.0,rank-other,329
Python,https://github.com/hyperspy/hyperspy,2012-08-22,1238.0,rank-other,329
Python,https://github.com/hyperspy/hyperspy,2012-08-24,1240.0,rank-other,329
Python,https://github.com/hyperspy/hyperspy,2012-08-27,1256.0,rank-other,345
Python,https://github.com/hyperspy/hyperspy,2012-08-28,1262.0,rank-other,346
Python,https://github.com/hyperspy/hyperspy,2012-08-29,1268.0,rank-other,346
Python,https://github.com/hyperspy/hyperspy,2012-08-30,1269.0,rank-other,346
Python,https://github.com/hyperspy/hyperspy,2012-08-31,1273.0,rank-other,348
Python,https://github.com/hyperspy/hyperspy,2012-09-02,1274.0,rank-other,349
Python,https://github.com/hyperspy/hyperspy,2012-09-03,1282.0,rank-other,349
Python,https://github.com/hyperspy/hyperspy,2012-09-04,1293.0,rank-other,349
Python,https://github.com/hyperspy/hyperspy,2012-09-05,1303.0,rank-other,349
Python,https://github.com/hyperspy/hyperspy,2012-09-06,1314.0,rank-other,349
Python,https://github.com/hyperspy/hyperspy,2012-09-07,1323.0,rank-other,350
Python,https://github.com/hyperspy/hyperspy,2012-09-08,1325.0,rank-other,352
Python,https://github.com/hyperspy/hyperspy,2012-09-09,1326.0,rank-other,353
Python,https://github.com/hyperspy/hyperspy,2012-09-10,1328.0,rank-other,353
Python,https://github.com/hyperspy/hyperspy,2012-09-12,1332.0,rank-other,353
Python,https://github.com/hyperspy/hyperspy,2012-09-19,1333.0,rank-other,354
Python,https://github.com/hyperspy/hyperspy,2012-09-20,1334.0,rank-other,355
Python,https://github.com/hyperspy/hyperspy,2012-09-21,1335.0,rank-other,355
Python,https://github.com/hyperspy/hyperspy,2012-09-25,1343.0,rank-other,355
Python,https://github.com/hyperspy/hyperspy,2012-09-26,1346.0,rank-other,355
Python,https://github.com/hyperspy/hyperspy,2012-09-27,1349.0,rank-other,355
Python,https://github.com/hyperspy/hyperspy,2012-09-28,1354.0,rank-other,355
Python,https://github.com/hyperspy/hyperspy,2012-10-01,1355.0,rank-other,356
Python,https://github.com/hyperspy/hyperspy,2012-10-02,1357.0,rank-other,358
Python,https://github.com/hyperspy/hyperspy,2012-10-08,1361.0,rank-other,358
Python,https://github.com/hyperspy/hyperspy,2012-10-09,1365.0,rank-other,360
Python,https://github.com/hyperspy/hyperspy,2012-10-10,1368.0,rank-other,360
Python,https://github.com/hyperspy/hyperspy,2012-10-11,1370.0,rank-other,360
Python,https://github.com/hyperspy/hyperspy,2012-10-12,1372.0,rank-other,362
Python,https://github.com/hyperspy/hyperspy,2012-10-15,1373.0,rank-other,362
Python,https://github.com/hyperspy/hyperspy,2012-10-19,1374.0,rank-other,362
Python,https://github.com/hyperspy/hyperspy,2012-10-25,1377.0,rank-other,364
Python,https://github.com/hyperspy/hyperspy,2012-10-26,1381.0,rank-other,368
Python,https://github.com/hyperspy/hyperspy,2012-10-28,1385.0,rank-other,372
Python,https://github.com/hyperspy/hyperspy,2012-10-29,1392.0,rank-other,374
Python,https://github.com/hyperspy/hyperspy,2012-10-30,1405.0,rank-other,378
Python,https://github.com/hyperspy/hyperspy,2012-11-15,1406.0,rank-other,379
Python,https://github.com/hyperspy/hyperspy,2012-11-27,1408.0,rank-other,380
Python,https://github.com/hyperspy/hyperspy,2012-11-29,1409.0,rank-other,381
Python,https://github.com/hyperspy/hyperspy,2012-11-30,1410.0,rank-other,382
Python,https://github.com/hyperspy/hyperspy,2012-12-04,1413.0,rank-other,382
Python,https://github.com/hyperspy/hyperspy,2012-12-05,1414.0,rank-other,382
Python,https://github.com/hyperspy/hyperspy,2012-12-06,1419.0,rank-other,386
Python,https://github.com/hyperspy/hyperspy,2012-12-07,1427.0,rank-other,389
Python,https://github.com/hyperspy/hyperspy,2012-12-08,1429.0,rank-other,391
Python,https://github.com/hyperspy/hyperspy,2012-12-10,1430.0,rank-other,392
Python,https://github.com/hyperspy/hyperspy,2012-12-11,1437.0,rank-other,397
Python,https://github.com/hyperspy/hyperspy,2012-12-12,1439.0,rank-other,399
Python,https://github.com/hyperspy/hyperspy,2012-12-13,1446.0,rank-other,404
Python,https://github.com/hyperspy/hyperspy,2012-12-14,1450.0,rank-other,407
Python,https://github.com/hyperspy/hyperspy,2012-12-20,1451.0,rank-other,407
Python,https://github.com/hyperspy/hyperspy,2013-01-07,1453.0,rank-other,407
Python,https://github.com/hyperspy/hyperspy,2013-01-10,1454.0,rank-other,408
Python,https://github.com/hyperspy/hyperspy,2013-01-11,1455.0,rank-other,409
Python,https://github.com/hyperspy/hyperspy,2013-01-16,1462.0,rank-other,416
Python,https://github.com/hyperspy/hyperspy,2013-01-17,1471.0,rank-other,424
Python,https://github.com/hyperspy/hyperspy,2013-01-18,1476.0,rank-other,429
Python,https://github.com/hyperspy/hyperspy,2013-01-24,1483.0,rank-other,430
Python,https://github.com/hyperspy/hyperspy,2013-01-25,1493.0,rank-other,434
Python,https://github.com/hyperspy/hyperspy,2013-01-28,1502.0,rank-other,441
Python,https://github.com/hyperspy/hyperspy,2013-01-29,1508.0,rank-other,445
Python,https://github.com/hyperspy/hyperspy,2013-01-30,1512.0,rank-other,449
Python,https://github.com/hyperspy/hyperspy,2013-01-31,1521.0,rank-other,451
Python,https://github.com/hyperspy/hyperspy,2013-02-07,1523.0,rank-other,451
Python,https://github.com/hyperspy/hyperspy,2013-02-12,1530.0,rank-other,451
Python,https://github.com/hyperspy/hyperspy,2013-02-14,1538.0,rank-other,451
Python,https://github.com/hyperspy/hyperspy,2013-02-15,1540.0,rank-other,451
Python,https://github.com/hyperspy/hyperspy,2013-02-18,1542.0,rank-other,451
Python,https://github.com/hyperspy/hyperspy,2013-02-19,1549.0,rank-other,451
Python,https://github.com/hyperspy/hyperspy,2013-02-20,1554.0,rank-other,452
Python,https://github.com/hyperspy/hyperspy,2013-02-21,1556.0,rank-other,454
Python,https://github.com/hyperspy/hyperspy,2013-02-22,1558.0,rank-other,455
Python,https://github.com/hyperspy/hyperspy,2013-02-23,1559.0,rank-other,456
Python,https://github.com/hyperspy/hyperspy,2013-02-27,1562.0,rank-other,457
Python,https://github.com/hyperspy/hyperspy,2013-02-28,1564.0,rank-other,457
Python,https://github.com/hyperspy/hyperspy,2013-03-01,1568.0,rank-other,457
Python,https://github.com/hyperspy/hyperspy,2013-03-04,1569.0,rank-other,457
Python,https://github.com/hyperspy/hyperspy,2013-03-05,1571.0,rank-other,458
Python,https://github.com/hyperspy/hyperspy,2013-03-06,1575.0,rank-other,459
Python,https://github.com/hyperspy/hyperspy,2013-03-07,1581.0,rank-other,459
Python,https://github.com/hyperspy/hyperspy,2013-03-13,1582.0,rank-other,459
Python,https://github.com/hyperspy/hyperspy,2013-03-14,1588.0,rank-other,459
Python,https://github.com/hyperspy/hyperspy,2013-03-15,1598.0,rank-other,459
Python,https://github.com/hyperspy/hyperspy,2013-03-16,1601.0,rank-other,460
Python,https://github.com/hyperspy/hyperspy,2013-03-18,1610.0,rank-other,460
Python,https://github.com/hyperspy/hyperspy,2013-03-19,1624.0,rank-other,460
Python,https://github.com/hyperspy/hyperspy,2013-03-20,1627.0,rank-other,460
Python,https://github.com/hyperspy/hyperspy,2013-03-21,1631.0,rank-other,463
Python,https://github.com/hyperspy/hyperspy,2013-03-25,1638.0,rank-other,463
Python,https://github.com/hyperspy/hyperspy,2013-03-27,1642.0,rank-other,463
Python,https://github.com/hyperspy/hyperspy,2013-03-28,1647.0,rank-other,463
Python,https://github.com/hyperspy/hyperspy,2013-03-30,1651.0,rank-other,467
Python,https://github.com/hyperspy/hyperspy,2013-03-31,1653.0,rank-other,469
Python,https://github.com/hyperspy/hyperspy,2013-04-01,1660.0,rank-other,476
Python,https://github.com/hyperspy/hyperspy,2013-04-02,1665.0,rank-other,481
Python,https://github.com/hyperspy/hyperspy,2013-04-03,1666.0,rank-other,482
Python,https://github.com/hyperspy/hyperspy,2013-04-04,1668.0,rank-other,484
Python,https://github.com/hyperspy/hyperspy,2013-04-09,1673.0,rank-other,484
Python,https://github.com/hyperspy/hyperspy,2013-04-10,1677.0,rank-other,484
Python,https://github.com/hyperspy/hyperspy,2013-04-11,1678.0,rank-other,484
Python,https://github.com/hyperspy/hyperspy,2013-04-12,1679.0,rank-other,484
Python,https://github.com/hyperspy/hyperspy,2013-04-17,1686.0,rank-other,484
Python,https://github.com/hyperspy/hyperspy,2013-04-18,1689.0,rank-other,484
Python,https://github.com/hyperspy/hyperspy,2013-04-19,1691.0,rank-other,484
Python,https://github.com/hyperspy/hyperspy,2013-04-23,1693.0,rank-other,484
Python,https://github.com/hyperspy/hyperspy,2013-04-26,1694.0,rank-other,484
Python,https://github.com/hyperspy/hyperspy,2013-05-07,1697.0,rank-other,484
Python,https://github.com/hyperspy/hyperspy,2013-05-08,1701.0,rank-other,484
Python,https://github.com/hyperspy/hyperspy,2013-05-09,1704.0,rank-other,484
Python,https://github.com/hyperspy/hyperspy,2013-05-10,1710.0,rank-other,484
Python,https://github.com/hyperspy/hyperspy,2013-05-11,1716.0,rank-other,490
Python,https://github.com/hyperspy/hyperspy,2013-05-12,1720.0,rank-other,494
Python,https://github.com/hyperspy/hyperspy,2013-05-13,1730.0,rank-other,494
Python,https://github.com/hyperspy/hyperspy,2013-05-14,1736.0,rank-other,494
Python,https://github.com/hyperspy/hyperspy,2013-05-15,1738.0,rank-other,496
Python,https://github.com/hyperspy/hyperspy,2013-05-17,1743.0,rank-other,500
Python,https://github.com/hyperspy/hyperspy,2013-05-19,1751.0,rank-other,508
Python,https://github.com/hyperspy/hyperspy,2013-05-20,1773.0,rank-other,511
Python,https://github.com/hyperspy/hyperspy,2013-05-21,1783.0,rank-other,513
Python,https://github.com/hyperspy/hyperspy,2013-05-22,1803.0,rank-other,513
Python,https://github.com/hyperspy/hyperspy,2013-05-23,1829.0,rank-other,513
Python,https://github.com/hyperspy/hyperspy,2013-05-24,1835.0,rank-other,513
Python,https://github.com/hyperspy/hyperspy,2013-05-25,1845.0,rank-other,513
Python,https://github.com/hyperspy/hyperspy,2013-05-27,1846.0,rank-other,513
Python,https://github.com/hyperspy/hyperspy,2013-06-03,1852.0,rank-other,513
Python,https://github.com/hyperspy/hyperspy,2013-06-04,1859.0,rank-other,513
Python,https://github.com/hyperspy/hyperspy,2013-06-05,1868.0,rank-other,513
Python,https://github.com/hyperspy/hyperspy,2013-06-06,1876.0,rank-other,513
Python,https://github.com/hyperspy/hyperspy,2013-06-07,1882.0,rank-other,513
Python,https://github.com/hyperspy/hyperspy,2013-06-10,1883.0,rank-other,513
Python,https://github.com/hyperspy/hyperspy,2013-06-11,1884.0,rank-other,513
Python,https://github.com/hyperspy/hyperspy,2013-06-12,1887.0,rank-other,513
Python,https://github.com/hyperspy/hyperspy,2013-06-13,1894.0,rank-other,516
Python,https://github.com/hyperspy/hyperspy,2013-06-14,1896.0,rank-other,516
Python,https://github.com/hyperspy/hyperspy,2013-06-17,1897.0,rank-other,516
Python,https://github.com/hyperspy/hyperspy,2013-06-19,1898.0,rank-other,516
Python,https://github.com/hyperspy/hyperspy,2013-06-20,1899.0,rank-other,516
Python,https://github.com/hyperspy/hyperspy,2013-06-21,1900.0,rank-other,516
Python,https://github.com/hyperspy/hyperspy,2013-06-24,1909.0,rank-other,516
Python,https://github.com/hyperspy/hyperspy,2013-06-25,1925.0,rank-other,516
Python,https://github.com/hyperspy/hyperspy,2013-06-26,1933.0,rank-other,516
Python,https://github.com/hyperspy/hyperspy,2013-06-27,1942.0,rank-other,516
Python,https://github.com/hyperspy/hyperspy,2013-06-28,1962.0,rank-other,516
Python,https://github.com/hyperspy/hyperspy,2013-06-29,1965.0,rank-other,516
Python,https://github.com/hyperspy/hyperspy,2013-06-30,1979.0,rank-other,517
Python,https://github.com/hyperspy/hyperspy,2013-07-01,1983.0,rank-other,519
Python,https://github.com/hyperspy/hyperspy,2013-07-02,1984.0,rank-other,519
Python,https://github.com/hyperspy/hyperspy,2013-07-08,1985.0,rank-other,519
Python,https://github.com/hyperspy/hyperspy,2013-07-09,1989.0,rank-other,519
Python,https://github.com/hyperspy/hyperspy,2013-07-10,1999.0,rank-other,519
Python,https://github.com/hyperspy/hyperspy,2013-07-11,2005.0,rank-other,519
Python,https://github.com/hyperspy/hyperspy,2013-07-12,2009.0,rank-other,519
Python,https://github.com/hyperspy/hyperspy,2013-07-16,2011.0,rank-other,519
Python,https://github.com/hyperspy/hyperspy,2013-07-17,2019.0,rank-other,519
Python,https://github.com/hyperspy/hyperspy,2013-07-18,2027.0,rank-other,519
Python,https://github.com/hyperspy/hyperspy,2013-07-19,2030.0,rank-other,519
Python,https://github.com/hyperspy/hyperspy,2013-07-25,2032.0,rank-other,519
Python,https://github.com/hyperspy/hyperspy,2013-07-29,2034.0,rank-other,521
Python,https://github.com/hyperspy/hyperspy,2013-07-30,2035.0,rank-other,521
Python,https://github.com/hyperspy/hyperspy,2013-08-01,2044.0,rank-other,522
Python,https://github.com/hyperspy/hyperspy,2013-08-02,2054.0,rank-other,522
Python,https://github.com/hyperspy/hyperspy,2013-08-05,2062.0,rank-other,524
Python,https://github.com/hyperspy/hyperspy,2013-08-06,2074.0,rank-other,524
Python,https://github.com/hyperspy/hyperspy,2013-08-07,2078.0,rank-other,524
Python,https://github.com/hyperspy/hyperspy,2013-08-08,2081.0,rank-other,524
Python,https://github.com/hyperspy/hyperspy,2013-08-14,2084.0,rank-other,527
Python,https://github.com/hyperspy/hyperspy,2013-08-21,2087.0,rank-other,527
Python,https://github.com/hyperspy/hyperspy,2013-08-28,2089.0,rank-other,527
Python,https://github.com/hyperspy/hyperspy,2013-08-30,2093.0,rank-other,527
Python,https://github.com/hyperspy/hyperspy,2013-09-02,2100.0,rank-other,527
Python,https://github.com/hyperspy/hyperspy,2013-09-03,2112.0,rank-other,527
Python,https://github.com/hyperspy/hyperspy,2013-09-04,2119.0,rank-other,527
Python,https://github.com/hyperspy/hyperspy,2013-09-05,2125.0,rank-other,527
Python,https://github.com/hyperspy/hyperspy,2013-09-06,2130.0,rank-other,527
Python,https://github.com/hyperspy/hyperspy,2013-09-10,2132.0,rank-other,529
Python,https://github.com/hyperspy/hyperspy,2013-09-11,2133.0,rank-other,529
Python,https://github.com/hyperspy/hyperspy,2013-09-17,2136.0,rank-other,529
Python,https://github.com/hyperspy/hyperspy,2013-09-19,2137.0,rank-other,529
Python,https://github.com/hyperspy/hyperspy,2013-09-23,2138.0,rank-other,530
Python,https://github.com/hyperspy/hyperspy,2013-09-24,2139.0,rank-other,530
Python,https://github.com/hyperspy/hyperspy,2013-09-25,2144.0,rank-other,530
Python,https://github.com/hyperspy/hyperspy,2013-10-03,2150.0,rank-other,530
Python,https://github.com/hyperspy/hyperspy,2013-10-08,2152.0,rank-other,532
Python,https://github.com/hyperspy/hyperspy,2013-10-09,2157.0,rank-other,536
Python,https://github.com/hyperspy/hyperspy,2013-10-10,2163.0,rank-other,540
Python,https://github.com/hyperspy/hyperspy,2013-10-14,2164.0,rank-other,541
Python,https://github.com/hyperspy/hyperspy,2013-10-17,2165.0,rank-other,541
Python,https://github.com/hyperspy/hyperspy,2013-10-23,2168.0,rank-other,541
Python,https://github.com/hyperspy/hyperspy,2013-10-25,2172.0,rank-other,543
Python,https://github.com/hyperspy/hyperspy,2013-10-28,2173.0,rank-other,544
Python,https://github.com/hyperspy/hyperspy,2013-10-29,2175.0,rank-other,546
Python,https://github.com/hyperspy/hyperspy,2013-11-04,2178.0,rank-other,547
Python,https://github.com/hyperspy/hyperspy,2013-11-05,2181.0,rank-other,547
Python,https://github.com/hyperspy/hyperspy,2013-11-11,2184.0,rank-other,547
Python,https://github.com/hyperspy/hyperspy,2013-11-18,2190.0,rank-other,547
Python,https://github.com/hyperspy/hyperspy,2013-11-19,2191.0,rank-other,547
Python,https://github.com/hyperspy/hyperspy,2013-11-20,2195.0,rank-other,547
Python,https://github.com/hyperspy/hyperspy,2013-11-21,2196.0,rank-other,547
Python,https://github.com/hyperspy/hyperspy,2013-11-22,2208.0,rank-other,547
Python,https://github.com/hyperspy/hyperspy,2013-11-27,2210.0,rank-other,547
Python,https://github.com/hyperspy/hyperspy,2013-12-04,2213.0,rank-other,547
Python,https://github.com/hyperspy/hyperspy,2013-12-05,2215.0,rank-other,547
Python,https://github.com/hyperspy/hyperspy,2013-12-06,2218.0,rank-other,547
Python,https://github.com/hyperspy/hyperspy,2013-12-09,2221.0,rank-other,547
Python,https://github.com/hyperspy/hyperspy,2013-12-10,2222.0,rank-other,547
Python,https://github.com/hyperspy/hyperspy,2013-12-11,2228.0,rank-other,547
Python,https://github.com/hyperspy/hyperspy,2013-12-12,2235.0,rank-other,547
Python,https://github.com/hyperspy/hyperspy,2013-12-13,2244.0,rank-other,547
Python,https://github.com/hyperspy/hyperspy,2013-12-16,2255.0,rank-other,547
Python,https://github.com/hyperspy/hyperspy,2013-12-17,2256.0,rank-other,547
Python,https://github.com/hyperspy/hyperspy,2013-12-18,2263.0,rank-other,547
Python,https://github.com/hyperspy/hyperspy,2013-12-19,2265.0,rank-other,547
Python,https://github.com/hyperspy/hyperspy,2013-12-20,2268.0,rank-other,547
Python,https://github.com/hyperspy/hyperspy,2014-01-03,2272.0,rank-other,547
Python,https://github.com/hyperspy/hyperspy,2014-01-06,2276.0,rank-other,547
Python,https://github.com/hyperspy/hyperspy,2014-01-07,2287.0,rank-other,550
Python,https://github.com/hyperspy/hyperspy,2014-01-08,2297.0,rank-other,552
Python,https://github.com/hyperspy/hyperspy,2014-01-09,2311.0,rank-other,552
Python,https://github.com/hyperspy/hyperspy,2014-01-10,2313.0,rank-other,552
Python,https://github.com/hyperspy/hyperspy,2014-01-12,2314.0,rank-other,553
Python,https://github.com/hyperspy/hyperspy,2014-01-17,2318.0,rank-other,557
Python,https://github.com/hyperspy/hyperspy,2014-01-18,2319.0,rank-other,557
Python,https://github.com/hyperspy/hyperspy,2014-01-20,2320.0,rank-other,558
Python,https://github.com/hyperspy/hyperspy,2014-01-21,2325.0,rank-other,558
Python,https://github.com/hyperspy/hyperspy,2014-01-22,2330.0,rank-other,558
Python,https://github.com/hyperspy/hyperspy,2014-01-24,2343.0,rank-other,558
Python,https://github.com/hyperspy/hyperspy,2014-01-28,2350.0,rank-other,563
Python,https://github.com/hyperspy/hyperspy,2014-01-29,2356.0,rank-other,563
Python,https://github.com/hyperspy/hyperspy,2014-01-30,2358.0,rank-other,563
Python,https://github.com/hyperspy/hyperspy,2014-01-31,2367.0,rank-other,569
Python,https://github.com/hyperspy/hyperspy,2014-02-03,2370.0,rank-other,569
Python,https://github.com/hyperspy/hyperspy,2014-02-06,2380.0,rank-other,573
Python,https://github.com/hyperspy/hyperspy,2014-02-07,2385.0,rank-other,575
Python,https://github.com/hyperspy/hyperspy,2014-02-10,2393.0,rank-other,577
Python,https://github.com/hyperspy/hyperspy,2014-02-11,2403.0,rank-other,579
Python,https://github.com/hyperspy/hyperspy,2014-02-12,2415.0,rank-other,579
Python,https://github.com/hyperspy/hyperspy,2014-02-13,2440.0,rank-other,579
Python,https://github.com/hyperspy/hyperspy,2014-02-14,2455.0,rank-other,579
Python,https://github.com/hyperspy/hyperspy,2014-02-17,2470.0,rank-other,580
Python,https://github.com/hyperspy/hyperspy,2014-02-18,2513.0,rank-other,590
Python,https://github.com/hyperspy/hyperspy,2014-02-19,2545.0,rank-other,591
Python,https://github.com/hyperspy/hyperspy,2014-02-20,2598.0,rank-other,592
Python,https://github.com/hyperspy/hyperspy,2014-02-21,2649.0,rank-other,592
Python,https://github.com/hyperspy/hyperspy,2014-02-24,2654.0,rank-other,593
Python,https://github.com/hyperspy/hyperspy,2014-02-25,2672.0,rank-other,593
Python,https://github.com/hyperspy/hyperspy,2014-02-26,2683.0,rank-other,593
Python,https://github.com/hyperspy/hyperspy,2014-02-27,2685.0,rank-other,593
Python,https://github.com/hyperspy/hyperspy,2014-03-05,2688.0,rank-other,593
Python,https://github.com/hyperspy/hyperspy,2014-03-06,2690.0,rank-other,593
Python,https://github.com/hyperspy/hyperspy,2014-03-07,2697.0,rank-other,593
Python,https://github.com/hyperspy/hyperspy,2014-03-10,2718.0,rank-other,593
Python,https://github.com/hyperspy/hyperspy,2014-03-11,2730.0,rank-other,593
Python,https://github.com/hyperspy/hyperspy,2014-03-12,2755.0,rank-other,593
Python,https://github.com/hyperspy/hyperspy,2014-03-13,2767.0,rank-other,593
Python,https://github.com/hyperspy/hyperspy,2014-03-14,2774.0,rank-other,593
Python,https://github.com/hyperspy/hyperspy,2014-03-15,2780.0,rank-other,593
Python,https://github.com/hyperspy/hyperspy,2014-03-16,2785.0,rank-other,593
Python,https://github.com/hyperspy/hyperspy,2014-03-17,2796.0,rank-other,593
Python,https://github.com/hyperspy/hyperspy,2014-03-18,2805.0,rank-other,593
Python,https://github.com/hyperspy/hyperspy,2014-03-19,2822.0,rank-other,593
Python,https://github.com/hyperspy/hyperspy,2014-03-20,2840.0,rank-other,593
Python,https://github.com/hyperspy/hyperspy,2014-03-21,2845.0,rank-other,593
Python,https://github.com/hyperspy/hyperspy,2014-03-25,2848.0,rank-other,593
Python,https://github.com/hyperspy/hyperspy,2014-03-26,2858.0,rank-other,593
Python,https://github.com/hyperspy/hyperspy,2014-03-27,2867.0,rank-other,593
Python,https://github.com/hyperspy/hyperspy,2014-03-28,2869.0,rank-other,593
Python,https://github.com/hyperspy/hyperspy,2014-03-31,2899.0,rank-other,595
Python,https://github.com/hyperspy/hyperspy,2014-04-01,2928.0,rank-other,595
Python,https://github.com/hyperspy/hyperspy,2014-04-02,2936.0,rank-other,595
Python,https://github.com/hyperspy/hyperspy,2014-04-03,2961.0,rank-other,595
Python,https://github.com/hyperspy/hyperspy,2014-04-04,2964.0,rank-other,595
Python,https://github.com/hyperspy/hyperspy,2014-04-07,2970.0,rank-other,595
Python,https://github.com/hyperspy/hyperspy,2014-04-08,2977.0,rank-other,595
Python,https://github.com/hyperspy/hyperspy,2014-04-15,2987.0,rank-other,595
Python,https://github.com/hyperspy/hyperspy,2014-04-16,2997.0,rank-other,595
Python,https://github.com/hyperspy/hyperspy,2014-04-17,3005.0,rank-other,595
Python,https://github.com/hyperspy/hyperspy,2014-04-22,3016.0,rank-other,595
Python,https://github.com/hyperspy/hyperspy,2014-04-23,3034.0,rank-other,595
Python,https://github.com/hyperspy/hyperspy,2014-04-25,3038.0,rank-other,595
Python,https://github.com/hyperspy/hyperspy,2014-04-28,3056.0,rank-other,595
Python,https://github.com/hyperspy/hyperspy,2014-04-30,3070.0,rank-other,595
Python,https://github.com/hyperspy/hyperspy,2014-05-01,3082.0,rank-other,595
Python,https://github.com/hyperspy/hyperspy,2014-05-02,3108.0,rank-other,595
Python,https://github.com/hyperspy/hyperspy,2014-05-21,3110.0,rank-other,595
Python,https://github.com/hyperspy/hyperspy,2014-05-22,3112.0,rank-other,595
Python,https://github.com/hyperspy/hyperspy,2014-05-28,3119.0,rank-other,595
Python,https://github.com/hyperspy/hyperspy,2014-05-29,3120.0,rank-other,596
Python,https://github.com/hyperspy/hyperspy,2014-05-30,3124.0,rank-other,596
Python,https://github.com/hyperspy/hyperspy,2014-06-02,3126.0,rank-other,596
Python,https://github.com/hyperspy/hyperspy,2014-06-03,3127.0,rank-other,597
Python,https://github.com/hyperspy/hyperspy,2014-06-04,3128.0,rank-other,598
Python,https://github.com/hyperspy/hyperspy,2014-06-10,3136.0,rank-other,598
Python,https://github.com/hyperspy/hyperspy,2014-06-11,3152.0,rank-other,599
Python,https://github.com/hyperspy/hyperspy,2014-06-12,3159.0,rank-other,599
Python,https://github.com/hyperspy/hyperspy,2014-06-16,3168.0,rank-other,599
Python,https://github.com/hyperspy/hyperspy,2014-06-17,3176.0,rank-other,599
Python,https://github.com/hyperspy/hyperspy,2014-06-19,3179.0,rank-other,599
Python,https://github.com/hyperspy/hyperspy,2014-06-20,3180.0,rank-other,599
Python,https://github.com/hyperspy/hyperspy,2014-06-21,3182.0,rank-other,599
Python,https://github.com/hyperspy/hyperspy,2014-06-24,3184.0,rank-other,599
Python,https://github.com/hyperspy/hyperspy,2014-06-25,3185.0,rank-other,600
Python,https://github.com/hyperspy/hyperspy,2014-06-30,3189.0,rank-other,604
Python,https://github.com/hyperspy/hyperspy,2014-07-31,3193.0,rank-other,604
Python,https://github.com/hyperspy/hyperspy,2014-08-05,3199.0,rank-other,604
Python,https://github.com/hyperspy/hyperspy,2014-08-06,3202.0,rank-other,604
Python,https://github.com/hyperspy/hyperspy,2014-08-07,3209.0,rank-other,604
Python,https://github.com/hyperspy/hyperspy,2014-08-08,3211.0,rank-other,604
Python,https://github.com/hyperspy/hyperspy,2014-08-11,3212.0,rank-other,604
Python,https://github.com/hyperspy/hyperspy,2014-08-14,3213.0,rank-other,604
Python,https://github.com/hyperspy/hyperspy,2014-08-15,3215.0,rank-other,605
Python,https://github.com/hyperspy/hyperspy,2014-08-18,3226.0,rank-other,607
Python,https://github.com/hyperspy/hyperspy,2014-08-20,3235.0,rank-other,607
Python,https://github.com/hyperspy/hyperspy,2014-08-21,3259.0,rank-other,607
Python,https://github.com/hyperspy/hyperspy,2014-08-22,3278.0,rank-other,607
Python,https://github.com/hyperspy/hyperspy,2014-08-25,3280.0,rank-other,607
Python,https://github.com/hyperspy/hyperspy,2014-09-02,3290.0,rank-other,607
Python,https://github.com/hyperspy/hyperspy,2014-09-03,3292.0,rank-other,607
Python,https://github.com/hyperspy/hyperspy,2014-09-23,3293.0,rank-other,607
Python,https://github.com/hyperspy/hyperspy,2014-10-01,3295.0,rank-other,607
Python,https://github.com/hyperspy/hyperspy,2014-10-15,3298.0,rank-other,607
Python,https://github.com/hyperspy/hyperspy,2014-10-16,3308.0,rank-other,607
Python,https://github.com/hyperspy/hyperspy,2014-10-17,3311.0,rank-other,607
Python,https://github.com/hyperspy/hyperspy,2014-10-21,3315.0,rank-other,607
Python,https://github.com/hyperspy/hyperspy,2014-10-23,3317.0,rank-other,607
Python,https://github.com/hyperspy/hyperspy,2014-10-24,3325.0,rank-other,608
Python,https://github.com/hyperspy/hyperspy,2014-10-25,3330.0,rank-other,608
Python,https://github.com/hyperspy/hyperspy,2014-10-27,3338.0,rank-other,608
Python,https://github.com/hyperspy/hyperspy,2014-10-30,3343.0,rank-other,613
Python,https://github.com/hyperspy/hyperspy,2014-11-01,3348.0,rank-other,613
Python,https://github.com/hyperspy/hyperspy,2014-11-03,3352.0,rank-other,613
Python,https://github.com/hyperspy/hyperspy,2014-11-04,3359.0,rank-other,613
Python,https://github.com/hyperspy/hyperspy,2014-11-06,3360.0,rank-other,613
Python,https://github.com/hyperspy/hyperspy,2014-11-14,3367.0,rank-other,613
Python,https://github.com/hyperspy/hyperspy,2014-11-17,3378.0,rank-other,613
Python,https://github.com/hyperspy/hyperspy,2014-11-18,3390.0,rank-other,613
Python,https://github.com/hyperspy/hyperspy,2014-11-20,3391.0,rank-other,613
Python,https://github.com/hyperspy/hyperspy,2014-11-24,3393.0,rank-other,613
Python,https://github.com/hyperspy/hyperspy,2014-11-25,3394.0,rank-other,613
Python,https://github.com/hyperspy/hyperspy,2014-12-02,3396.0,rank-other,613
Python,https://github.com/hyperspy/hyperspy,2014-12-05,3399.0,rank-other,613
Python,https://github.com/hyperspy/hyperspy,2014-12-06,3401.0,rank-other,613
Python,https://github.com/hyperspy/hyperspy,2014-12-07,3403.0,rank-other,613
Python,https://github.com/hyperspy/hyperspy,2014-12-08,3404.0,rank-other,613
Python,https://github.com/hyperspy/hyperspy,2014-12-09,3405.0,rank-other,613
Python,https://github.com/hyperspy/hyperspy,2014-12-10,3410.0,rank-other,613
Python,https://github.com/hyperspy/hyperspy,2014-12-21,3411.0,rank-other,613
Python,https://github.com/hyperspy/hyperspy,2015-01-05,3413.0,rank-other,615
Python,https://github.com/hyperspy/hyperspy,2015-01-06,3415.0,rank-other,615
Python,https://github.com/hyperspy/hyperspy,2015-01-08,3416.0,rank-other,616
Python,https://github.com/hyperspy/hyperspy,2015-01-09,3417.0,rank-other,617
Python,https://github.com/hyperspy/hyperspy,2015-01-12,3421.0,rank-other,621
Python,https://github.com/hyperspy/hyperspy,2015-01-13,3424.0,rank-other,621
Python,https://github.com/hyperspy/hyperspy,2015-01-14,3428.0,rank-other,623
Python,https://github.com/hyperspy/hyperspy,2015-01-15,3446.0,rank-other,625
Python,https://github.com/hyperspy/hyperspy,2015-01-16,3465.0,rank-other,625
Python,https://github.com/hyperspy/hyperspy,2015-01-18,3466.0,rank-other,625
Python,https://github.com/hyperspy/hyperspy,2015-01-19,3469.0,rank-other,626
Python,https://github.com/hyperspy/hyperspy,2015-01-20,3470.0,rank-other,626
Python,https://github.com/hyperspy/hyperspy,2015-01-22,3477.0,rank-other,629
Python,https://github.com/hyperspy/hyperspy,2015-01-23,3482.0,rank-other,631
Python,https://github.com/hyperspy/hyperspy,2015-01-26,3488.0,rank-other,631
Python,https://github.com/hyperspy/hyperspy,2015-01-27,3500.0,rank-other,635
Python,https://github.com/hyperspy/hyperspy,2015-01-28,3505.0,rank-other,637
Python,https://github.com/hyperspy/hyperspy,2015-01-29,3516.0,rank-other,647
Python,https://github.com/hyperspy/hyperspy,2015-01-30,3534.0,rank-other,655
Python,https://github.com/hyperspy/hyperspy,2015-01-31,3535.0,rank-other,655
Python,https://github.com/hyperspy/hyperspy,2015-02-01,3539.0,rank-other,655
Python,https://github.com/hyperspy/hyperspy,2015-02-02,3553.0,rank-other,656
Python,https://github.com/hyperspy/hyperspy,2015-02-03,3556.0,rank-other,656
Python,https://github.com/hyperspy/hyperspy,2015-02-04,3569.0,rank-other,656
Python,https://github.com/hyperspy/hyperspy,2015-02-06,3578.0,rank-other,656
Python,https://github.com/hyperspy/hyperspy,2015-02-07,3586.0,rank-other,656
Python,https://github.com/hyperspy/hyperspy,2015-02-16,3591.0,rank-other,656
Python,https://github.com/hyperspy/hyperspy,2015-02-24,3594.0,rank-other,656
Python,https://github.com/hyperspy/hyperspy,2015-02-26,3600.0,rank-other,656
Python,https://github.com/hyperspy/hyperspy,2015-02-27,3618.0,rank-other,656
Python,https://github.com/hyperspy/hyperspy,2015-03-02,3631.0,rank-other,656
Python,https://github.com/hyperspy/hyperspy,2015-03-03,3637.0,rank-other,656
Python,https://github.com/hyperspy/hyperspy,2015-03-04,3642.0,rank-other,660
Python,https://github.com/hyperspy/hyperspy,2015-03-05,3644.0,rank-other,660
Python,https://github.com/hyperspy/hyperspy,2015-03-06,3655.0,rank-other,670
Python,https://github.com/hyperspy/hyperspy,2015-03-09,3660.0,rank-other,672
Python,https://github.com/hyperspy/hyperspy,2015-03-10,3667.0,rank-other,679
Python,https://github.com/hyperspy/hyperspy,2015-03-11,3676.0,rank-other,686
Python,https://github.com/hyperspy/hyperspy,2015-03-12,3693.0,rank-other,702
Python,https://github.com/hyperspy/hyperspy,2015-03-23,3696.0,rank-other,702
Python,https://github.com/hyperspy/hyperspy,2015-03-26,3703.0,rank-other,702
Python,https://github.com/hyperspy/hyperspy,2015-03-27,3704.0,rank-other,702
Python,https://github.com/hyperspy/hyperspy,2015-03-28,3706.0,rank-other,702
Python,https://github.com/hyperspy/hyperspy,2015-03-30,3729.0,rank-other,703
Python,https://github.com/hyperspy/hyperspy,2015-03-31,3765.0,rank-other,706
Python,https://github.com/hyperspy/hyperspy,2015-04-01,3799.0,rank-other,709
Python,https://github.com/hyperspy/hyperspy,2015-04-02,3824.0,rank-other,709
Python,https://github.com/hyperspy/hyperspy,2015-04-03,3826.0,rank-other,709
Python,https://github.com/hyperspy/hyperspy,2015-04-05,3830.0,rank-other,709
Python,https://github.com/hyperspy/hyperspy,2015-04-06,3868.0,rank-other,709
Python,https://github.com/hyperspy/hyperspy,2015-04-07,3889.0,rank-other,709
Python,https://github.com/hyperspy/hyperspy,2015-04-08,3892.0,rank-other,709
Python,https://github.com/hyperspy/hyperspy,2015-04-15,3897.0,rank-other,709
Python,https://github.com/hyperspy/hyperspy,2015-04-17,3900.0,rank-other,709
Python,https://github.com/hyperspy/hyperspy,2015-04-20,3902.0,rank-other,709
Python,https://github.com/hyperspy/hyperspy,2015-04-21,3903.0,rank-other,709
Python,https://github.com/hyperspy/hyperspy,2015-04-22,3910.0,rank-other,709
Python,https://github.com/hyperspy/hyperspy,2015-04-24,3912.0,rank-other,711
Python,https://github.com/hyperspy/hyperspy,2015-04-27,3919.0,rank-other,711
Python,https://github.com/hyperspy/hyperspy,2015-04-28,3923.0,rank-other,711
Python,https://github.com/hyperspy/hyperspy,2015-04-29,3924.0,rank-other,711
Python,https://github.com/hyperspy/hyperspy,2015-04-30,3926.0,rank-other,711
Python,https://github.com/hyperspy/hyperspy,2015-05-05,3928.0,rank-other,711
Python,https://github.com/hyperspy/hyperspy,2015-05-06,3930.0,rank-other,712
Python,https://github.com/hyperspy/hyperspy,2015-05-07,3937.0,rank-other,712
Python,https://github.com/hyperspy/hyperspy,2015-05-08,3941.0,rank-other,715
Python,https://github.com/hyperspy/hyperspy,2015-05-09,3943.0,rank-other,717
Python,https://github.com/hyperspy/hyperspy,2015-05-11,3947.0,rank-other,717
Python,https://github.com/hyperspy/hyperspy,2015-05-27,3950.0,rank-other,717
Python,https://github.com/hyperspy/hyperspy,2015-06-02,3975.0,rank-other,718
Python,https://github.com/hyperspy/hyperspy,2015-06-03,3976.0,rank-other,718
Python,https://github.com/hyperspy/hyperspy,2015-06-04,3992.0,rank-other,718
Python,https://github.com/hyperspy/hyperspy,2015-06-05,3999.0,rank-other,718
Python,https://github.com/hyperspy/hyperspy,2015-06-08,4002.0,rank-other,720
Python,https://github.com/hyperspy/hyperspy,2015-06-12,4007.0,rank-other,720
Python,https://github.com/hyperspy/hyperspy,2015-06-15,4008.0,rank-other,720
Python,https://github.com/hyperspy/hyperspy,2015-06-16,4015.0,rank-other,720
Python,https://github.com/hyperspy/hyperspy,2015-06-17,4021.0,rank-other,720
Python,https://github.com/hyperspy/hyperspy,2015-06-26,4023.0,rank-other,721
Python,https://github.com/hyperspy/hyperspy,2015-06-28,4024.0,rank-other,721
Python,https://github.com/hyperspy/hyperspy,2015-07-01,4025.0,rank-other,721
Python,https://github.com/hyperspy/hyperspy,2015-07-03,4028.0,rank-other,721
Python,https://github.com/hyperspy/hyperspy,2015-07-08,4030.0,rank-other,721
Python,https://github.com/hyperspy/hyperspy,2015-07-09,4032.0,rank-other,721
Python,https://github.com/hyperspy/hyperspy,2015-07-11,4045.0,rank-other,721
Python,https://github.com/hyperspy/hyperspy,2015-07-13,4053.0,rank-other,721
Python,https://github.com/hyperspy/hyperspy,2015-07-14,4064.0,rank-other,723
Python,https://github.com/hyperspy/hyperspy,2015-07-15,4067.0,rank-other,723
Python,https://github.com/hyperspy/hyperspy,2015-07-16,4079.0,rank-other,723
Python,https://github.com/hyperspy/hyperspy,2015-07-17,4081.0,rank-other,723
Python,https://github.com/hyperspy/hyperspy,2015-07-20,4087.0,rank-other,723
Python,https://github.com/hyperspy/hyperspy,2015-07-21,4143.0,rank-other,729
Python,https://github.com/hyperspy/hyperspy,2015-07-22,4153.0,rank-other,730
Python,https://github.com/hyperspy/hyperspy,2015-07-23,4179.0,rank-other,735
Python,https://github.com/hyperspy/hyperspy,2015-07-24,4226.0,rank-other,735
Python,https://github.com/hyperspy/hyperspy,2015-07-26,4229.0,rank-other,736
Python,https://github.com/hyperspy/hyperspy,2015-07-27,4236.0,rank-other,738
Python,https://github.com/hyperspy/hyperspy,2015-07-28,4241.0,rank-other,738
Python,https://github.com/hyperspy/hyperspy,2015-07-29,4250.0,rank-other,738
Python,https://github.com/hyperspy/hyperspy,2015-07-30,4289.0,rank-other,746
Python,https://github.com/hyperspy/hyperspy,2015-07-31,4299.0,rank-other,747
Python,https://github.com/hyperspy/hyperspy,2015-08-01,4300.0,rank-other,747
Python,https://github.com/hyperspy/hyperspy,2015-08-02,4304.0,rank-other,747
Python,https://github.com/hyperspy/hyperspy,2015-08-03,4307.0,rank-other,747
Python,https://github.com/hyperspy/hyperspy,2015-08-04,4317.0,rank-other,747
Python,https://github.com/hyperspy/hyperspy,2015-08-05,4338.0,rank-other,747
Python,https://github.com/hyperspy/hyperspy,2015-08-06,4399.0,rank-other,747
Python,https://github.com/hyperspy/hyperspy,2015-08-07,4450.0,rank-other,747
Python,https://github.com/hyperspy/hyperspy,2015-08-10,4485.0,rank-other,747
Python,https://github.com/hyperspy/hyperspy,2015-08-11,4517.0,rank-other,747
Python,https://github.com/hyperspy/hyperspy,2015-08-12,4541.0,rank-other,747
Python,https://github.com/hyperspy/hyperspy,2015-08-13,4548.0,rank-other,747
Python,https://github.com/hyperspy/hyperspy,2015-08-14,4553.0,rank-other,747
Python,https://github.com/hyperspy/hyperspy,2015-08-15,4554.0,rank-other,747
Python,https://github.com/hyperspy/hyperspy,2015-08-17,4556.0,rank-other,749
Python,https://github.com/hyperspy/hyperspy,2015-08-19,4558.0,rank-other,749
Python,https://github.com/hyperspy/hyperspy,2015-08-20,4559.0,rank-other,749
Python,https://github.com/hyperspy/hyperspy,2015-08-22,4560.0,rank-other,750
Python,https://github.com/hyperspy/hyperspy,2015-08-23,4564.0,rank-other,754
Python,https://github.com/hyperspy/hyperspy,2015-08-27,4569.0,rank-other,758
Python,https://github.com/hyperspy/hyperspy,2015-08-29,4573.0,rank-other,758
Python,https://github.com/hyperspy/hyperspy,2015-09-02,4574.0,rank-other,759
Python,https://github.com/hyperspy/hyperspy,2015-09-04,4577.0,rank-other,759
Python,https://github.com/hyperspy/hyperspy,2015-09-06,4579.0,rank-other,759
Python,https://github.com/hyperspy/hyperspy,2015-09-07,4587.0,rank-other,759
Python,https://github.com/hyperspy/hyperspy,2015-09-08,4590.0,rank-other,761
Python,https://github.com/hyperspy/hyperspy,2015-09-09,4592.0,rank-other,761
Python,https://github.com/hyperspy/hyperspy,2015-09-10,4595.0,rank-other,761
Python,https://github.com/hyperspy/hyperspy,2015-09-18,4598.0,rank-other,761
Python,https://github.com/hyperspy/hyperspy,2015-09-19,4599.0,rank-other,761
Python,https://github.com/hyperspy/hyperspy,2015-09-23,4605.0,rank-other,761
Python,https://github.com/hyperspy/hyperspy,2015-09-24,4607.0,rank-other,761
Python,https://github.com/hyperspy/hyperspy,2015-09-25,4613.0,rank-other,761
Python,https://github.com/hyperspy/hyperspy,2015-09-28,4614.0,rank-other,761
Python,https://github.com/hyperspy/hyperspy,2015-10-06,4620.0,rank-other,761
Python,https://github.com/hyperspy/hyperspy,2015-10-07,4622.0,rank-other,761
Python,https://github.com/hyperspy/hyperspy,2015-10-13,4623.0,rank-other,762
Python,https://github.com/hyperspy/hyperspy,2015-10-21,4624.0,rank-other,763
Python,https://github.com/hyperspy/hyperspy,2015-10-27,4627.0,rank-other,764
Python,https://github.com/hyperspy/hyperspy,2015-10-29,4630.0,rank-other,764
Python,https://github.com/hyperspy/hyperspy,2015-10-30,4631.0,rank-other,765
Python,https://github.com/hyperspy/hyperspy,2015-11-02,4636.0,rank-other,765
Python,https://github.com/hyperspy/hyperspy,2015-11-03,4661.0,rank-other,765
Python,https://github.com/hyperspy/hyperspy,2015-11-04,4676.0,rank-other,765
Python,https://github.com/hyperspy/hyperspy,2015-11-05,4684.0,rank-other,765
Python,https://github.com/hyperspy/hyperspy,2015-11-06,4700.0,rank-other,765
Python,https://github.com/hyperspy/hyperspy,2015-11-07,4701.0,rank-other,765
Python,https://github.com/hyperspy/hyperspy,2015-11-08,4702.0,rank-other,766
Python,https://github.com/hyperspy/hyperspy,2015-11-09,4716.0,rank-other,767
Python,https://github.com/hyperspy/hyperspy,2015-11-10,4720.0,rank-other,767
Python,https://github.com/hyperspy/hyperspy,2015-11-13,4722.0,rank-other,767
Python,https://github.com/hyperspy/hyperspy,2015-11-17,4726.0,rank-other,767
Python,https://github.com/hyperspy/hyperspy,2015-11-20,4728.0,rank-other,767
Python,https://github.com/hyperspy/hyperspy,2015-11-22,4732.0,rank-other,767
Python,https://github.com/hyperspy/hyperspy,2015-11-23,4733.0,rank-other,767
Python,https://github.com/hyperspy/hyperspy,2015-11-24,4734.0,rank-other,767
Python,https://github.com/hyperspy/hyperspy,2015-11-25,4736.0,rank-other,767
Python,https://github.com/hyperspy/hyperspy,2015-11-26,4738.0,rank-other,767
Python,https://github.com/hyperspy/hyperspy,2015-11-27,4741.0,rank-other,768
Python,https://github.com/hyperspy/hyperspy,2015-12-01,4747.0,rank-other,773
Python,https://github.com/hyperspy/hyperspy,2015-12-02,4775.0,rank-other,781
Python,https://github.com/hyperspy/hyperspy,2015-12-03,4789.0,rank-other,787
Python,https://github.com/hyperspy/hyperspy,2015-12-04,4797.0,rank-other,791
Python,https://github.com/hyperspy/hyperspy,2015-12-05,4802.0,rank-other,796
Python,https://github.com/hyperspy/hyperspy,2015-12-06,4824.0,rank-other,796
Python,https://github.com/hyperspy/hyperspy,2015-12-07,4845.0,rank-other,797
Python,https://github.com/hyperspy/hyperspy,2015-12-08,4860.0,rank-other,809
Python,https://github.com/hyperspy/hyperspy,2015-12-09,4875.0,rank-other,822
Python,https://github.com/hyperspy/hyperspy,2015-12-10,4890.0,rank-other,822
Python,https://github.com/hyperspy/hyperspy,2015-12-11,4896.0,rank-other,822
Python,https://github.com/hyperspy/hyperspy,2015-12-12,4904.0,rank-other,829
Python,https://github.com/hyperspy/hyperspy,2015-12-13,4908.0,rank-other,831
Python,https://github.com/hyperspy/hyperspy,2015-12-14,4918.0,rank-other,840
Python,https://github.com/hyperspy/hyperspy,2015-12-15,4939.0,rank-other,848
Python,https://github.com/hyperspy/hyperspy,2015-12-16,4947.0,rank-other,852
Python,https://github.com/hyperspy/hyperspy,2015-12-18,4962.0,rank-other,855
Python,https://github.com/hyperspy/hyperspy,2015-12-19,4970.0,rank-other,855
Python,https://github.com/hyperspy/hyperspy,2015-12-20,4974.0,rank-other,855
Python,https://github.com/hyperspy/hyperspy,2015-12-21,4975.0,rank-other,855
Python,https://github.com/hyperspy/hyperspy,2015-12-23,4978.0,rank-other,855
Python,https://github.com/hyperspy/hyperspy,2015-12-29,4982.0,rank-other,855
Python,https://github.com/hyperspy/hyperspy,2015-12-30,4984.0,rank-other,855
Python,https://github.com/hyperspy/hyperspy,2015-12-31,4987.0,rank-other,855
Python,https://github.com/hyperspy/hyperspy,2016-01-01,4993.0,rank-other,855
Python,https://github.com/hyperspy/hyperspy,2016-01-04,4995.0,rank-other,855
Python,https://github.com/hyperspy/hyperspy,2016-01-05,5000.0,rank-other,855
Python,https://github.com/hyperspy/hyperspy,2016-01-06,5011.0,rank-other,859
Python,https://github.com/hyperspy/hyperspy,2016-01-07,5025.0,rank-other,861
Python,https://github.com/hyperspy/hyperspy,2016-01-08,5033.0,rank-other,861
Python,https://github.com/hyperspy/hyperspy,2016-01-09,5035.0,rank-other,863
Python,https://github.com/hyperspy/hyperspy,2016-01-11,5048.0,rank-other,864
Python,https://github.com/hyperspy/hyperspy,2016-01-12,5073.0,rank-other,864
Python,https://github.com/hyperspy/hyperspy,2016-01-13,5100.0,rank-other,864
Python,https://github.com/hyperspy/hyperspy,2016-01-14,5120.0,rank-other,864
Python,https://github.com/hyperspy/hyperspy,2016-01-15,5141.0,rank-other,864
Python,https://github.com/hyperspy/hyperspy,2016-01-17,5145.0,rank-other,864
Python,https://github.com/hyperspy/hyperspy,2016-01-18,5166.0,rank-other,864
Python,https://github.com/hyperspy/hyperspy,2016-01-19,5184.0,rank-other,864
Python,https://github.com/hyperspy/hyperspy,2016-01-20,5204.0,rank-other,866
Python,https://github.com/hyperspy/hyperspy,2016-01-21,5216.0,rank-other,866
Python,https://github.com/hyperspy/hyperspy,2016-01-22,5259.0,rank-other,866
Python,https://github.com/hyperspy/hyperspy,2016-01-25,5266.0,rank-other,867
Python,https://github.com/hyperspy/hyperspy,2016-01-26,5287.0,rank-other,868
Python,https://github.com/hyperspy/hyperspy,2016-01-27,5327.0,rank-other,869
Python,https://github.com/hyperspy/hyperspy,2016-01-28,5361.0,rank-other,870
Python,https://github.com/hyperspy/hyperspy,2016-01-29,5375.0,rank-other,871
Python,https://github.com/hyperspy/hyperspy,2016-01-30,5393.0,rank-other,871
Python,https://github.com/hyperspy/hyperspy,2016-01-31,5405.0,rank-other,871
Python,https://github.com/hyperspy/hyperspy,2016-02-01,5431.0,rank-other,871
Python,https://github.com/hyperspy/hyperspy,2016-02-03,5449.0,rank-other,871
Python,https://github.com/hyperspy/hyperspy,2016-02-04,5461.0,rank-other,874
Python,https://github.com/hyperspy/hyperspy,2016-02-05,5467.0,rank-other,874
Python,https://github.com/hyperspy/hyperspy,2016-02-08,5472.0,rank-other,874
Python,https://github.com/hyperspy/hyperspy,2016-02-09,5485.0,rank-other,874
Python,https://github.com/hyperspy/hyperspy,2016-02-10,5494.0,rank-other,876
Python,https://github.com/hyperspy/hyperspy,2016-02-11,5511.0,rank-other,880
Python,https://github.com/hyperspy/hyperspy,2016-02-12,5527.0,rank-other,883
Python,https://github.com/hyperspy/hyperspy,2016-02-13,5530.0,rank-other,885
Python,https://github.com/hyperspy/hyperspy,2016-02-14,5532.0,rank-other,886
Python,https://github.com/hyperspy/hyperspy,2016-02-15,5559.0,rank-other,887
Python,https://github.com/hyperspy/hyperspy,2016-02-16,5566.0,rank-other,891
Python,https://github.com/hyperspy/hyperspy,2016-02-17,5567.0,rank-other,891
Python,https://github.com/hyperspy/hyperspy,2016-02-18,5574.0,rank-other,891
Python,https://github.com/hyperspy/hyperspy,2016-02-19,5579.0,rank-other,891
Python,https://github.com/hyperspy/hyperspy,2016-02-20,5586.0,rank-other,891
Python,https://github.com/hyperspy/hyperspy,2016-02-21,5590.0,rank-other,891
Python,https://github.com/hyperspy/hyperspy,2016-02-22,5594.0,rank-other,892
Python,https://github.com/hyperspy/hyperspy,2016-02-23,5597.0,rank-other,894
Python,https://github.com/hyperspy/hyperspy,2016-02-24,5613.0,rank-other,899
Python,https://github.com/hyperspy/hyperspy,2016-02-25,5619.0,rank-other,900
Python,https://github.com/hyperspy/hyperspy,2016-02-26,5629.0,rank-other,904
Python,https://github.com/hyperspy/hyperspy,2016-02-28,5631.0,rank-other,906
Python,https://github.com/hyperspy/hyperspy,2016-02-29,5641.0,rank-other,910
Python,https://github.com/hyperspy/hyperspy,2016-03-01,5646.0,rank-other,913
Python,https://github.com/hyperspy/hyperspy,2016-03-02,5673.0,rank-other,915
Python,https://github.com/hyperspy/hyperspy,2016-03-03,5684.0,rank-other,917
Python,https://github.com/hyperspy/hyperspy,2016-03-04,5701.0,rank-other,922
Python,https://github.com/hyperspy/hyperspy,2016-03-06,5702.0,rank-other,923
Python,https://github.com/hyperspy/hyperspy,2016-03-07,5705.0,rank-other,924
Python,https://github.com/hyperspy/hyperspy,2016-03-08,5707.0,rank-other,926
Python,https://github.com/hyperspy/hyperspy,2016-03-09,5708.0,rank-other,926
Python,https://github.com/hyperspy/hyperspy,2016-03-10,5742.0,rank-other,930
Python,https://github.com/hyperspy/hyperspy,2016-03-11,5743.0,rank-other,931
Python,https://github.com/hyperspy/hyperspy,2016-03-14,5744.0,rank-other,932
Python,https://github.com/hyperspy/hyperspy,2016-03-15,5747.0,rank-other,932
Python,https://github.com/hyperspy/hyperspy,2016-03-17,5748.0,rank-other,932
Python,https://github.com/hyperspy/hyperspy,2016-03-20,5758.0,rank-other,933
Python,https://github.com/hyperspy/hyperspy,2016-03-22,5763.0,rank-other,934
Python,https://github.com/hyperspy/hyperspy,2016-03-23,5766.0,rank-other,935
Python,https://github.com/hyperspy/hyperspy,2016-03-24,5769.0,rank-other,936
Python,https://github.com/hyperspy/hyperspy,2016-03-29,5771.0,rank-other,937
Python,https://github.com/hyperspy/hyperspy,2016-03-30,5774.0,rank-other,940
Python,https://github.com/hyperspy/hyperspy,2016-03-31,5785.0,rank-other,951
Python,https://github.com/hyperspy/hyperspy,2016-04-01,5794.0,rank-other,958
Python,https://github.com/hyperspy/hyperspy,2016-04-02,5804.0,rank-other,967
Python,https://github.com/hyperspy/hyperspy,2016-04-03,5821.0,rank-other,984
Python,https://github.com/hyperspy/hyperspy,2016-04-04,5838.0,rank-other,999
Python,https://github.com/hyperspy/hyperspy,2016-04-05,5848.0,rank-other,1006
Python,https://github.com/hyperspy/hyperspy,2016-04-06,5853.0,rank-other,1009
Python,https://github.com/hyperspy/hyperspy,2016-04-07,5871.0,rank-other,1027
Python,https://github.com/hyperspy/hyperspy,2016-04-08,5873.0,rank-other,1028
Python,https://github.com/hyperspy/hyperspy,2016-04-09,5875.0,rank-other,1030
Python,https://github.com/hyperspy/hyperspy,2016-04-10,5880.0,rank-other,1035
Python,https://github.com/hyperspy/hyperspy,2016-04-11,5894.0,rank-other,1047
Python,https://github.com/hyperspy/hyperspy,2016-04-12,5895.0,rank-other,1048
Python,https://github.com/hyperspy/hyperspy,2016-04-13,5896.0,rank-other,1049
Python,https://github.com/hyperspy/hyperspy,2016-04-14,5899.0,rank-other,1051
Python,https://github.com/hyperspy/hyperspy,2016-04-15,5923.0,rank-other,1075
Python,https://github.com/hyperspy/hyperspy,2016-04-16,5939.0,rank-other,1091
Python,https://github.com/hyperspy/hyperspy,2016-04-17,5952.0,rank-other,1104
Python,https://github.com/hyperspy/hyperspy,2016-04-18,5956.0,rank-other,1104
Python,https://github.com/hyperspy/hyperspy,2016-04-22,5969.0,rank-other,1117
Python,https://github.com/hyperspy/hyperspy,2016-04-23,5975.0,rank-other,1123
Python,https://github.com/hyperspy/hyperspy,2016-04-24,5981.0,rank-other,1129
Python,https://github.com/hyperspy/hyperspy,2016-04-25,5986.0,rank-other,1133
Python,https://github.com/hyperspy/hyperspy,2016-04-26,5992.0,rank-other,1138
Python,https://github.com/hyperspy/hyperspy,2016-04-27,6010.0,rank-other,1153
Python,https://github.com/hyperspy/hyperspy,2016-04-28,6035.0,rank-other,1171
Python,https://github.com/hyperspy/hyperspy,2016-04-29,6065.0,rank-other,1201
Python,https://github.com/hyperspy/hyperspy,2016-04-30,6067.0,rank-other,1202
Python,https://github.com/hyperspy/hyperspy,2016-05-01,6077.0,rank-other,1212
Python,https://github.com/hyperspy/hyperspy,2016-05-02,6089.0,rank-other,1222
Python,https://github.com/hyperspy/hyperspy,2016-05-03,6108.0,rank-other,1234
Python,https://github.com/hyperspy/hyperspy,2016-05-04,6120.0,rank-other,1240
Python,https://github.com/hyperspy/hyperspy,2016-05-05,6129.0,rank-other,1247
Python,https://github.com/hyperspy/hyperspy,2016-05-06,6133.0,rank-other,1249
Python,https://github.com/hyperspy/hyperspy,2016-05-07,6134.0,rank-other,1250
Python,https://github.com/hyperspy/hyperspy,2016-05-09,6136.0,rank-other,1252
Python,https://github.com/hyperspy/hyperspy,2016-05-10,6145.0,rank-other,1261
Python,https://github.com/hyperspy/hyperspy,2016-05-11,6149.0,rank-other,1264
Python,https://github.com/hyperspy/hyperspy,2016-05-12,6152.0,rank-other,1266
Python,https://github.com/hyperspy/hyperspy,2016-05-18,6157.0,rank-other,1269
Python,https://github.com/hyperspy/hyperspy,2016-05-19,6159.0,rank-other,1271
Python,https://github.com/hyperspy/hyperspy,2016-05-23,6168.0,rank-other,1277
Python,https://github.com/hyperspy/hyperspy,2016-05-24,6178.0,rank-other,1283
Python,https://github.com/hyperspy/hyperspy,2016-05-25,6217.0,rank-other,1297
Python,https://github.com/hyperspy/hyperspy,2016-05-26,6249.0,rank-other,1307
Python,https://github.com/hyperspy/hyperspy,2016-05-27,6284.0,rank-other,1320
Python,https://github.com/hyperspy/hyperspy,2016-05-28,6288.0,rank-other,1324
Python,https://github.com/hyperspy/hyperspy,2016-05-29,6293.0,rank-other,1326
Python,https://github.com/hyperspy/hyperspy,2016-05-30,6300.0,rank-other,1326
Python,https://github.com/hyperspy/hyperspy,2016-05-31,6312.0,rank-other,1328
Python,https://github.com/hyperspy/hyperspy,2016-06-01,6320.0,rank-other,1330
Python,https://github.com/hyperspy/hyperspy,2016-06-02,6328.0,rank-other,1331
Python,https://github.com/hyperspy/hyperspy,2016-06-03,6340.0,rank-other,1338
Python,https://github.com/hyperspy/hyperspy,2016-06-04,6342.0,rank-other,1340
Python,https://github.com/hyperspy/hyperspy,2016-06-09,6345.0,rank-other,1343
Python,https://github.com/hyperspy/hyperspy,2016-06-10,6346.0,rank-other,1343
Python,https://github.com/hyperspy/hyperspy,2016-06-12,6351.0,rank-other,1343
Python,https://github.com/hyperspy/hyperspy,2016-06-13,6359.0,rank-other,1343
Python,https://github.com/hyperspy/hyperspy,2016-06-14,6373.0,rank-other,1351
Python,https://github.com/hyperspy/hyperspy,2016-06-15,6384.0,rank-other,1357
Python,https://github.com/hyperspy/hyperspy,2016-06-16,6403.0,rank-other,1370
Python,https://github.com/hyperspy/hyperspy,2016-06-17,6422.0,rank-other,1373
Python,https://github.com/hyperspy/hyperspy,2016-06-18,6438.0,rank-other,1379
Python,https://github.com/hyperspy/hyperspy,2016-06-19,6449.0,rank-other,1380
Python,https://github.com/hyperspy/hyperspy,2016-06-20,6461.0,rank-other,1389
Python,https://github.com/hyperspy/hyperspy,2016-06-21,6470.0,rank-other,1393
Python,https://github.com/hyperspy/hyperspy,2016-06-22,6487.0,rank-other,1410
Python,https://github.com/hyperspy/hyperspy,2016-06-23,6500.0,rank-other,1422
Python,https://github.com/hyperspy/hyperspy,2016-06-24,6505.0,rank-other,1425
Python,https://github.com/hyperspy/hyperspy,2016-06-25,6507.0,rank-other,1427
Python,https://github.com/hyperspy/hyperspy,2016-06-26,6516.0,rank-other,1431
Python,https://github.com/hyperspy/hyperspy,2016-06-27,6524.0,rank-other,1437
Python,https://github.com/hyperspy/hyperspy,2016-06-29,6531.0,rank-other,1444
Python,https://github.com/hyperspy/hyperspy,2016-07-01,6532.0,rank-other,1444
Python,https://github.com/hyperspy/hyperspy,2016-07-02,6533.0,rank-other,1444
Python,https://github.com/hyperspy/hyperspy,2016-07-03,6547.0,rank-other,1444
Python,https://github.com/hyperspy/hyperspy,2016-07-04,6549.0,rank-other,1445
Python,https://github.com/hyperspy/hyperspy,2016-07-05,6560.0,rank-other,1453
Python,https://github.com/hyperspy/hyperspy,2016-07-06,6564.0,rank-other,1457
Python,https://github.com/hyperspy/hyperspy,2016-07-07,6576.0,rank-other,1464
Python,https://github.com/hyperspy/hyperspy,2016-07-08,6583.0,rank-other,1468
Python,https://github.com/hyperspy/hyperspy,2016-07-09,6611.0,rank-other,1479
Python,https://github.com/hyperspy/hyperspy,2016-07-10,6645.0,rank-other,1503
Python,https://github.com/hyperspy/hyperspy,2016-07-11,6670.0,rank-other,1511
Python,https://github.com/hyperspy/hyperspy,2016-07-12,6728.0,rank-other,1534
Python,https://github.com/hyperspy/hyperspy,2016-07-13,6793.0,rank-other,1560
Python,https://github.com/hyperspy/hyperspy,2016-07-14,6829.0,rank-other,1570
Python,https://github.com/hyperspy/hyperspy,2016-07-15,6843.0,rank-other,1580
Python,https://github.com/hyperspy/hyperspy,2016-07-16,6845.0,rank-other,1580
Python,https://github.com/hyperspy/hyperspy,2016-07-17,6852.0,rank-other,1586
Python,https://github.com/hyperspy/hyperspy,2016-07-18,6882.0,rank-other,1607
Python,https://github.com/hyperspy/hyperspy,2016-07-19,6888.0,rank-other,1608
Python,https://github.com/hyperspy/hyperspy,2016-07-20,6902.0,rank-other,1611
Python,https://github.com/hyperspy/hyperspy,2016-07-21,6906.0,rank-other,1611
Python,https://github.com/hyperspy/hyperspy,2016-07-24,6914.0,rank-other,1612
Python,https://github.com/hyperspy/hyperspy,2016-07-25,6920.0,rank-other,1614
Python,https://github.com/hyperspy/hyperspy,2016-07-26,6946.0,rank-other,1617
Python,https://github.com/hyperspy/hyperspy,2016-07-27,6982.0,rank-other,1623
Python,https://github.com/hyperspy/hyperspy,2016-07-28,6992.0,rank-other,1623
Python,https://github.com/hyperspy/hyperspy,2016-07-29,7010.0,rank-other,1623
Python,https://github.com/hyperspy/hyperspy,2016-07-30,7022.0,rank-other,1627
Python,https://github.com/hyperspy/hyperspy,2016-07-31,7028.0,rank-other,1627
Python,https://github.com/hyperspy/hyperspy,2016-08-01,7040.0,rank-other,1627
Python,https://github.com/hyperspy/hyperspy,2016-08-02,7070.0,rank-other,1628
Python,https://github.com/hyperspy/hyperspy,2016-08-03,7082.0,rank-other,1628
Python,https://github.com/hyperspy/hyperspy,2016-08-05,7089.0,rank-other,1628
Python,https://github.com/hyperspy/hyperspy,2016-08-06,7095.0,rank-other,1628
Python,https://github.com/hyperspy/hyperspy,2016-08-07,7097.0,rank-other,1628
Python,https://github.com/hyperspy/hyperspy,2016-08-08,7101.0,rank-other,1628
Python,https://github.com/hyperspy/hyperspy,2016-08-09,7106.0,rank-other,1628
Python,https://github.com/hyperspy/hyperspy,2016-08-10,7107.0,rank-other,1628
Python,https://github.com/hyperspy/hyperspy,2016-08-11,7110.0,rank-other,1628
Python,https://github.com/hyperspy/hyperspy,2016-08-12,7122.0,rank-other,1630
Python,https://github.com/hyperspy/hyperspy,2016-08-14,7126.0,rank-other,1630
Python,https://github.com/hyperspy/hyperspy,2016-08-15,7141.0,rank-other,1630
Python,https://github.com/hyperspy/hyperspy,2016-08-19,7145.0,rank-other,1633
Python,https://github.com/hyperspy/hyperspy,2016-08-21,7146.0,rank-other,1633
Python,https://github.com/hyperspy/hyperspy,2016-08-22,7150.0,rank-other,1633
Python,https://github.com/hyperspy/hyperspy,2016-08-23,7167.0,rank-other,1636
Python,https://github.com/hyperspy/hyperspy,2016-08-24,7174.0,rank-other,1637
Python,https://github.com/hyperspy/hyperspy,2016-08-25,7181.0,rank-other,1638
Python,https://github.com/hyperspy/hyperspy,2016-08-26,7183.0,rank-other,1640
Python,https://github.com/hyperspy/hyperspy,2016-09-02,7185.0,rank-other,1642
Python,https://github.com/hyperspy/hyperspy,2016-09-05,7189.0,rank-other,1645
Python,https://github.com/hyperspy/hyperspy,2016-09-06,7192.0,rank-other,1648
Python,https://github.com/hyperspy/hyperspy,2016-09-07,7198.0,rank-other,1654
Python,https://github.com/hyperspy/hyperspy,2016-09-08,7201.0,rank-other,1657
Python,https://github.com/hyperspy/hyperspy,2016-09-09,7204.0,rank-other,1660
Python,https://github.com/hyperspy/hyperspy,2016-09-12,7206.0,rank-other,1662
Python,https://github.com/hyperspy/hyperspy,2016-09-14,7207.0,rank-other,1663
Python,https://github.com/hyperspy/hyperspy,2016-09-15,7209.0,rank-other,1665
Python,https://github.com/hyperspy/hyperspy,2016-09-16,7213.0,rank-other,1669
Python,https://github.com/hyperspy/hyperspy,2016-09-19,7215.0,rank-other,1670
Python,https://github.com/hyperspy/hyperspy,2016-09-21,7216.0,rank-other,1671
Python,https://github.com/hyperspy/hyperspy,2016-09-22,7217.0,rank-other,1672
Python,https://github.com/hyperspy/hyperspy,2016-09-23,7219.0,rank-other,1674
Python,https://github.com/hyperspy/hyperspy,2016-09-28,7221.0,rank-other,1676
Python,https://github.com/hyperspy/hyperspy,2016-09-30,7222.0,rank-other,1677
Python,https://github.com/hyperspy/hyperspy,2016-10-03,7224.0,rank-other,1677
Python,https://github.com/hyperspy/hyperspy,2016-10-04,7225.0,rank-other,1678
Python,https://github.com/hyperspy/hyperspy,2016-10-07,7226.0,rank-other,1679
Python,https://github.com/hyperspy/hyperspy,2016-10-08,7227.0,rank-other,1680
Python,https://github.com/hyperspy/hyperspy,2016-10-10,7228.0,rank-other,1681
Python,https://github.com/hyperspy/hyperspy,2016-10-12,7244.0,rank-other,1697
Python,https://github.com/hyperspy/hyperspy,2016-10-13,7263.0,rank-other,1716
Python,https://github.com/hyperspy/hyperspy,2016-10-14,7274.0,rank-other,1727
Python,https://github.com/hyperspy/hyperspy,2016-10-16,7277.0,rank-other,1730
Python,https://github.com/hyperspy/hyperspy,2016-10-17,7282.0,rank-other,1735
Python,https://github.com/hyperspy/hyperspy,2016-10-20,7283.0,rank-other,1736
Python,https://github.com/hyperspy/hyperspy,2016-10-25,7285.0,rank-other,1738
Python,https://github.com/hyperspy/hyperspy,2016-10-27,7286.0,rank-other,1739
Python,https://github.com/hyperspy/hyperspy,2016-10-28,7294.0,rank-other,1747
Python,https://github.com/hyperspy/hyperspy,2016-10-30,7295.0,rank-other,1748
Python,https://github.com/hyperspy/hyperspy,2016-11-01,7297.0,rank-other,1750
Python,https://github.com/hyperspy/hyperspy,2016-11-02,7299.0,rank-other,1752
Python,https://github.com/hyperspy/hyperspy,2016-11-03,7303.0,rank-other,1756
Python,https://github.com/hyperspy/hyperspy,2016-11-07,7305.0,rank-other,1758
Python,https://github.com/hyperspy/hyperspy,2016-11-08,7310.0,rank-other,1760
Python,https://github.com/hyperspy/hyperspy,2016-11-09,7311.0,rank-other,1761
Python,https://github.com/hyperspy/hyperspy,2016-11-10,7312.0,rank-other,1762
Python,https://github.com/hyperspy/hyperspy,2016-11-11,7318.0,rank-other,1768
Python,https://github.com/hyperspy/hyperspy,2016-11-14,7319.0,rank-other,1768
Python,https://github.com/hyperspy/hyperspy,2016-11-17,7323.0,rank-other,1769
Python,https://github.com/hyperspy/hyperspy,2016-11-18,7328.0,rank-other,1771
Python,https://github.com/hyperspy/hyperspy,2016-11-19,7330.0,rank-other,1773
Python,https://github.com/hyperspy/hyperspy,2016-11-21,7336.0,rank-other,1779
Python,https://github.com/hyperspy/hyperspy,2016-11-22,7346.0,rank-other,1789
Python,https://github.com/hyperspy/hyperspy,2016-11-23,7347.0,rank-other,1790
Python,https://github.com/hyperspy/hyperspy,2016-11-26,7350.0,rank-other,1793
Python,https://github.com/hyperspy/hyperspy,2016-11-28,7360.0,rank-other,1799
Python,https://github.com/hyperspy/hyperspy,2016-11-29,7372.0,rank-other,1811
Python,https://github.com/hyperspy/hyperspy,2016-11-30,7391.0,rank-other,1828
Python,https://github.com/hyperspy/hyperspy,2016-12-02,7409.0,rank-other,1846
Python,https://github.com/hyperspy/hyperspy,2016-12-05,7425.0,rank-other,1860
Python,https://github.com/hyperspy/hyperspy,2016-12-06,7426.0,rank-other,1861
Python,https://github.com/hyperspy/hyperspy,2016-12-07,7427.0,rank-other,1862
Python,https://github.com/hyperspy/hyperspy,2016-12-08,7430.0,rank-other,1865
Python,https://github.com/hyperspy/hyperspy,2016-12-09,7431.0,rank-other,1866
Python,https://github.com/hyperspy/hyperspy,2016-12-12,7432.0,rank-other,1867
Python,https://github.com/hyperspy/hyperspy,2016-12-13,7442.0,rank-other,1876
Python,https://github.com/hyperspy/hyperspy,2016-12-14,7453.0,rank-other,1887
Python,https://github.com/hyperspy/hyperspy,2016-12-15,7455.0,rank-other,1889
Python,https://github.com/hyperspy/hyperspy,2016-12-16,7458.0,rank-other,1892
Python,https://github.com/hyperspy/hyperspy,2016-12-19,7460.0,rank-other,1894
Python,https://github.com/hyperspy/hyperspy,2016-12-20,7465.0,rank-other,1899
Python,https://github.com/hyperspy/hyperspy,2016-12-21,7472.0,rank-other,1904
Python,https://github.com/hyperspy/hyperspy,2016-12-22,7492.0,rank-other,1920
Python,https://github.com/hyperspy/hyperspy,2016-12-23,7504.0,rank-other,1928
Python,https://github.com/hyperspy/hyperspy,2016-12-24,7506.0,rank-other,1930
Python,https://github.com/hyperspy/hyperspy,2016-12-25,7507.0,rank-other,1930
Python,https://github.com/hyperspy/hyperspy,2016-12-26,7512.0,rank-other,1934
Python,https://github.com/hyperspy/hyperspy,2016-12-27,7517.0,rank-other,1938
Python,https://github.com/hyperspy/hyperspy,2016-12-28,7523.0,rank-other,1943
Python,https://github.com/hyperspy/hyperspy,2017-01-02,7524.0,rank-other,1943
Python,https://github.com/hyperspy/hyperspy,2017-01-03,7528.0,rank-other,1945
Python,https://github.com/hyperspy/hyperspy,2017-01-04,7529.0,rank-other,1946
Python,https://github.com/hyperspy/hyperspy,2017-01-05,7539.0,rank-other,1951
Python,https://github.com/hyperspy/hyperspy,2017-01-06,7540.0,rank-other,1952
Python,https://github.com/hyperspy/hyperspy,2017-01-07,7546.0,rank-other,1956
Python,https://github.com/hyperspy/hyperspy,2017-01-08,7549.0,rank-other,1956
Python,https://github.com/hyperspy/hyperspy,2017-01-09,7564.0,rank-other,1957
Python,https://github.com/hyperspy/hyperspy,2017-01-10,7582.0,rank-other,1964
Python,https://github.com/hyperspy/hyperspy,2017-01-11,7602.0,rank-other,1969
Python,https://github.com/hyperspy/hyperspy,2017-01-12,7616.0,rank-other,1973
Python,https://github.com/hyperspy/hyperspy,2017-01-13,7634.0,rank-other,1986
Python,https://github.com/hyperspy/hyperspy,2017-01-14,7640.0,rank-other,1991
Python,https://github.com/hyperspy/hyperspy,2017-01-16,7646.0,rank-other,1993
Python,https://github.com/hyperspy/hyperspy,2017-01-17,7649.0,rank-other,1996
Python,https://github.com/hyperspy/hyperspy,2017-01-18,7652.0,rank-other,1996
Python,https://github.com/hyperspy/hyperspy,2017-01-19,7658.0,rank-other,2001
Python,https://github.com/hyperspy/hyperspy,2017-01-20,7661.0,rank-other,2002
Python,https://github.com/hyperspy/hyperspy,2017-01-21,7669.0,rank-other,2003
Python,https://github.com/hyperspy/hyperspy,2017-01-22,7670.0,rank-other,2003
Python,https://github.com/hyperspy/hyperspy,2017-01-23,7671.0,rank-other,2003
Python,https://github.com/hyperspy/hyperspy,2017-01-26,7672.0,rank-other,2004
Python,https://github.com/hyperspy/hyperspy,2017-01-27,7677.0,rank-other,2007
Python,https://github.com/hyperspy/hyperspy,2017-01-28,7697.0,rank-other,2011
Python,https://github.com/hyperspy/hyperspy,2017-01-29,7701.0,rank-other,2011
Python,https://github.com/hyperspy/hyperspy,2017-01-30,7703.0,rank-other,2012
Python,https://github.com/hyperspy/hyperspy,2017-01-31,7712.0,rank-other,2012
Python,https://github.com/hyperspy/hyperspy,2017-02-01,7734.0,rank-other,2020
Python,https://github.com/hyperspy/hyperspy,2017-02-02,7745.0,rank-other,2024
Python,https://github.com/hyperspy/hyperspy,2017-02-03,7757.0,rank-other,2025
Python,https://github.com/hyperspy/hyperspy,2017-02-04,7761.0,rank-other,2028
Python,https://github.com/hyperspy/hyperspy,2017-02-05,7783.0,rank-other,2035
Python,https://github.com/hyperspy/hyperspy,2017-02-06,7805.0,rank-other,2046
Python,https://github.com/hyperspy/hyperspy,2017-02-07,7821.0,rank-other,2054
Python,https://github.com/hyperspy/hyperspy,2017-02-08,7847.0,rank-other,2067
Python,https://github.com/hyperspy/hyperspy,2017-02-09,7871.0,rank-other,2079
Python,https://github.com/hyperspy/hyperspy,2017-02-10,7887.0,rank-other,2089
Python,https://github.com/hyperspy/hyperspy,2017-02-11,7892.0,rank-other,2094
Python,https://github.com/hyperspy/hyperspy,2017-02-12,7897.0,rank-other,2097
Python,https://github.com/hyperspy/hyperspy,2017-02-13,7911.0,rank-other,2100
Python,https://github.com/hyperspy/hyperspy,2017-02-14,7917.0,rank-other,2106
Python,https://github.com/hyperspy/hyperspy,2017-02-15,7920.0,rank-other,2107
Python,https://github.com/hyperspy/hyperspy,2017-02-16,7934.0,rank-other,2115
Python,https://github.com/hyperspy/hyperspy,2017-02-17,7948.0,rank-other,2118
Python,https://github.com/hyperspy/hyperspy,2017-02-18,7970.0,rank-other,2137
Python,https://github.com/hyperspy/hyperspy,2017-02-19,8003.0,rank-other,2159
Python,https://github.com/hyperspy/hyperspy,2017-02-20,8027.0,rank-other,2170
Python,https://github.com/hyperspy/hyperspy,2017-02-21,8043.0,rank-other,2177
Python,https://github.com/hyperspy/hyperspy,2017-02-22,8063.0,rank-other,2188
Python,https://github.com/hyperspy/hyperspy,2017-02-23,8076.0,rank-other,2191
Python,https://github.com/hyperspy/hyperspy,2017-02-24,8098.0,rank-other,2193
Python,https://github.com/hyperspy/hyperspy,2017-02-25,8109.0,rank-other,2197
Python,https://github.com/hyperspy/hyperspy,2017-02-26,8112.0,rank-other,2198
Python,https://github.com/hyperspy/hyperspy,2017-02-27,8119.0,rank-other,2199
Python,https://github.com/hyperspy/hyperspy,2017-02-28,8152.0,rank-other,2216
Python,https://github.com/hyperspy/hyperspy,2017-03-01,8175.0,rank-other,2217
Python,https://github.com/hyperspy/hyperspy,2017-03-02,8186.0,rank-other,2219
Python,https://github.com/hyperspy/hyperspy,2017-03-03,8191.0,rank-other,2222
Python,https://github.com/hyperspy/hyperspy,2017-03-04,8203.0,rank-other,2226
Python,https://github.com/hyperspy/hyperspy,2017-03-05,8208.0,rank-other,2227
Python,https://github.com/hyperspy/hyperspy,2017-03-06,8215.0,rank-other,2234
Python,https://github.com/hyperspy/hyperspy,2017-03-07,8216.0,rank-other,2235
Python,https://github.com/hyperspy/hyperspy,2017-03-09,8225.0,rank-other,2239
Python,https://github.com/hyperspy/hyperspy,2017-03-10,8228.0,rank-other,2241
Python,https://github.com/hyperspy/hyperspy,2017-03-11,8229.0,rank-other,2242
Python,https://github.com/hyperspy/hyperspy,2017-03-13,8231.0,rank-other,2244
Python,https://github.com/hyperspy/hyperspy,2017-03-14,8234.0,rank-other,2245
Python,https://github.com/hyperspy/hyperspy,2017-03-15,8245.0,rank-other,2249
Python,https://github.com/hyperspy/hyperspy,2017-03-16,8249.0,rank-other,2249
Python,https://github.com/hyperspy/hyperspy,2017-03-17,8260.0,rank-other,2255
Python,https://github.com/hyperspy/hyperspy,2017-03-18,8262.0,rank-other,2255
Python,https://github.com/hyperspy/hyperspy,2017-03-19,8266.0,rank-other,2259
Python,https://github.com/hyperspy/hyperspy,2017-03-20,8272.0,rank-other,2264
Python,https://github.com/hyperspy/hyperspy,2017-03-21,8275.0,rank-other,2264
Python,https://github.com/hyperspy/hyperspy,2017-03-22,8297.0,rank-other,2269
Python,https://github.com/hyperspy/hyperspy,2017-03-23,8316.0,rank-other,2270
Python,https://github.com/hyperspy/hyperspy,2017-03-24,8320.0,rank-other,2270
Python,https://github.com/hyperspy/hyperspy,2017-03-25,8321.0,rank-other,2271
Python,https://github.com/hyperspy/hyperspy,2017-03-27,8342.0,rank-other,2275
Python,https://github.com/hyperspy/hyperspy,2017-03-28,8350.0,rank-other,2276
Python,https://github.com/hyperspy/hyperspy,2017-03-31,8367.0,rank-other,2281
Python,https://github.com/hyperspy/hyperspy,2017-04-02,8387.0,rank-other,2281
Python,https://github.com/hyperspy/hyperspy,2017-04-03,8400.0,rank-other,2284
Python,https://github.com/hyperspy/hyperspy,2017-04-04,8410.0,rank-other,2286
Python,https://github.com/hyperspy/hyperspy,2017-04-05,8419.0,rank-other,2289
Python,https://github.com/hyperspy/hyperspy,2017-04-06,8432.0,rank-other,2290
Python,https://github.com/hyperspy/hyperspy,2017-04-07,8448.0,rank-other,2291
Python,https://github.com/hyperspy/hyperspy,2017-04-08,8480.0,rank-other,2292
Python,https://github.com/hyperspy/hyperspy,2017-04-09,8519.0,rank-other,2294
Python,https://github.com/hyperspy/hyperspy,2017-04-10,8533.0,rank-other,2296
Python,https://github.com/hyperspy/hyperspy,2017-04-11,8560.0,rank-other,2305
Python,https://github.com/hyperspy/hyperspy,2017-04-12,8577.0,rank-other,2312
Python,https://github.com/hyperspy/hyperspy,2017-04-13,8583.0,rank-other,2314
Python,https://github.com/hyperspy/hyperspy,2017-04-14,8597.0,rank-other,2314
Python,https://github.com/hyperspy/hyperspy,2017-04-15,8601.0,rank-other,2314
Python,https://github.com/hyperspy/hyperspy,2017-04-16,8602.0,rank-other,2315
Python,https://github.com/hyperspy/hyperspy,2017-04-18,8603.0,rank-other,2316
Python,https://github.com/hyperspy/hyperspy,2017-04-20,8604.0,rank-other,2316
Python,https://github.com/hyperspy/hyperspy,2017-04-21,8605.0,rank-other,2316
Python,https://github.com/hyperspy/hyperspy,2017-04-24,8610.0,rank-other,2316
Python,https://github.com/hyperspy/hyperspy,2017-04-25,8614.0,rank-other,2320
Python,https://github.com/hyperspy/hyperspy,2017-04-26,8615.0,rank-other,2321
Python,https://github.com/hyperspy/hyperspy,2017-04-27,8616.0,rank-other,2322
Python,https://github.com/hyperspy/hyperspy,2017-04-28,8626.0,rank-other,2332
Python,https://github.com/hyperspy/hyperspy,2017-04-29,8628.0,rank-other,2332
Python,https://github.com/hyperspy/hyperspy,2017-04-30,8632.0,rank-other,2332
Python,https://github.com/hyperspy/hyperspy,2017-05-01,8634.0,rank-other,2332
Python,https://github.com/hyperspy/hyperspy,2017-05-02,8637.0,rank-other,2332
Python,https://github.com/hyperspy/hyperspy,2017-05-03,8640.0,rank-other,2335
Python,https://github.com/hyperspy/hyperspy,2017-05-04,8644.0,rank-other,2338
Python,https://github.com/hyperspy/hyperspy,2017-05-07,8645.0,rank-other,2339
Python,https://github.com/hyperspy/hyperspy,2017-05-08,8648.0,rank-other,2341
Python,https://github.com/hyperspy/hyperspy,2017-05-09,8653.0,rank-other,2341
Python,https://github.com/hyperspy/hyperspy,2017-05-10,8659.0,rank-other,2342
Python,https://github.com/hyperspy/hyperspy,2017-05-11,8673.0,rank-other,2345
Python,https://github.com/hyperspy/hyperspy,2017-05-12,8691.0,rank-other,2347
Python,https://github.com/hyperspy/hyperspy,2017-05-15,8692.0,rank-other,2348
Python,https://github.com/hyperspy/hyperspy,2017-05-16,8711.0,rank-other,2348
Python,https://github.com/hyperspy/hyperspy,2017-05-17,8720.0,rank-other,2348
Python,https://github.com/hyperspy/hyperspy,2017-05-18,8721.0,rank-other,2348
Python,https://github.com/hyperspy/hyperspy,2017-05-22,8729.0,rank-other,2349
Python,https://github.com/hyperspy/hyperspy,2017-05-23,8755.0,rank-other,2349
Python,https://github.com/hyperspy/hyperspy,2017-05-24,8813.0,rank-other,2363
Python,https://github.com/hyperspy/hyperspy,2017-05-25,8851.0,rank-other,2369
Python,https://github.com/hyperspy/hyperspy,2017-05-26,8882.0,rank-other,2369
Python,https://github.com/hyperspy/hyperspy,2017-05-27,8914.0,rank-other,2369
Python,https://github.com/hyperspy/hyperspy,2017-05-28,8918.0,rank-other,2370
Python,https://github.com/hyperspy/hyperspy,2017-05-30,8922.0,rank-other,2374
Python,https://github.com/hyperspy/hyperspy,2017-05-31,8923.0,rank-other,2375
Python,https://github.com/hyperspy/hyperspy,2017-06-02,8924.0,rank-other,2375
Python,https://github.com/hyperspy/hyperspy,2017-06-03,8925.0,rank-other,2375
Python,https://github.com/hyperspy/hyperspy,2017-06-05,8929.0,rank-other,2375
Python,https://github.com/hyperspy/hyperspy,2017-06-06,8934.0,rank-other,2375
Python,https://github.com/hyperspy/hyperspy,2017-06-14,8938.0,rank-other,2379
Python,https://github.com/hyperspy/hyperspy,2017-06-15,8939.0,rank-other,2380
Python,https://github.com/hyperspy/hyperspy,2017-06-16,8940.0,rank-other,2380
Python,https://github.com/hyperspy/hyperspy,2017-06-17,8942.0,rank-other,2380
Python,https://github.com/hyperspy/hyperspy,2017-06-21,8945.0,rank-other,2381
Python,https://github.com/hyperspy/hyperspy,2017-06-22,8948.0,rank-other,2383
Python,https://github.com/hyperspy/hyperspy,2017-06-23,8952.0,rank-other,2383
Python,https://github.com/hyperspy/hyperspy,2017-06-24,8954.0,rank-other,2383
Python,https://github.com/hyperspy/hyperspy,2017-06-30,8955.0,rank-other,2384
Python,https://github.com/hyperspy/hyperspy,2017-07-06,8956.0,rank-other,2384
Python,https://github.com/hyperspy/hyperspy,2017-07-07,8957.0,rank-other,2384
Python,https://github.com/hyperspy/hyperspy,2017-07-09,8958.0,rank-other,2384
Python,https://github.com/hyperspy/hyperspy,2017-07-10,8959.0,rank-other,2384
Python,https://github.com/hyperspy/hyperspy,2017-07-12,8966.0,rank-other,2388
Python,https://github.com/hyperspy/hyperspy,2017-07-13,8968.0,rank-other,2389
Python,https://github.com/hyperspy/hyperspy,2017-07-18,8969.0,rank-other,2390
Python,https://github.com/hyperspy/hyperspy,2017-07-19,8971.0,rank-other,2392
Python,https://github.com/hyperspy/hyperspy,2017-07-20,8973.0,rank-other,2393
Python,https://github.com/hyperspy/hyperspy,2017-07-21,8978.0,rank-other,2395
Python,https://github.com/hyperspy/hyperspy,2017-07-22,8979.0,rank-other,2395
Python,https://github.com/hyperspy/hyperspy,2017-07-24,8982.0,rank-other,2395
Python,https://github.com/hyperspy/hyperspy,2017-07-25,8985.0,rank-other,2395
Python,https://github.com/hyperspy/hyperspy,2017-07-26,8988.0,rank-other,2398
Python,https://github.com/hyperspy/hyperspy,2017-07-27,8989.0,rank-other,2399
Python,https://github.com/hyperspy/hyperspy,2017-08-02,8992.0,rank-other,2399
Python,https://github.com/hyperspy/hyperspy,2017-08-04,8993.0,rank-other,2400
Python,https://github.com/hyperspy/hyperspy,2017-08-05,8995.0,rank-other,2400
Python,https://github.com/hyperspy/hyperspy,2017-08-06,8996.0,rank-other,2400
Python,https://github.com/hyperspy/hyperspy,2017-08-07,8998.0,rank-other,2400
Python,https://github.com/hyperspy/hyperspy,2017-08-08,9000.0,rank-other,2400
Python,https://github.com/hyperspy/hyperspy,2017-08-11,9002.0,rank-other,2400
Python,https://github.com/hyperspy/hyperspy,2017-08-13,9003.0,rank-other,2400
Python,https://github.com/hyperspy/hyperspy,2017-08-15,9013.0,rank-other,2406
Python,https://github.com/hyperspy/hyperspy,2017-08-16,9017.0,rank-other,2410
Python,https://github.com/hyperspy/hyperspy,2017-08-17,9018.0,rank-other,2410
Python,https://github.com/hyperspy/hyperspy,2017-08-18,9019.0,rank-other,2411
Python,https://github.com/hyperspy/hyperspy,2017-08-19,9023.0,rank-other,2415
Python,https://github.com/hyperspy/hyperspy,2017-08-20,9026.0,rank-other,2418
Python,https://github.com/hyperspy/hyperspy,2017-08-21,9027.0,rank-other,2418
Python,https://github.com/hyperspy/hyperspy,2017-08-23,9031.0,rank-other,2420
Python,https://github.com/hyperspy/hyperspy,2017-08-24,9033.0,rank-other,2420
Python,https://github.com/hyperspy/hyperspy,2017-08-25,9035.0,rank-other,2420
Python,https://github.com/hyperspy/hyperspy,2017-08-27,9036.0,rank-other,2420
Python,https://github.com/hyperspy/hyperspy,2017-08-28,9038.0,rank-other,2420
Python,https://github.com/hyperspy/hyperspy,2017-08-29,9041.0,rank-other,2422
Python,https://github.com/hyperspy/hyperspy,2017-08-31,9044.0,rank-other,2425
Python,https://github.com/hyperspy/hyperspy,2017-09-01,9048.0,rank-other,2429
Python,https://github.com/hyperspy/hyperspy,2017-09-03,9049.0,rank-other,2429
Python,https://github.com/hyperspy/hyperspy,2017-09-04,9050.0,rank-other,2429
Python,https://github.com/hyperspy/hyperspy,2017-09-05,9052.0,rank-other,2430
Python,https://github.com/hyperspy/hyperspy,2017-09-07,9054.0,rank-other,2432
Python,https://github.com/hyperspy/hyperspy,2017-09-08,9055.0,rank-other,2432
Python,https://github.com/hyperspy/hyperspy,2017-09-09,9058.0,rank-other,2432
Python,https://github.com/hyperspy/hyperspy,2017-09-10,9059.0,rank-other,2432
Python,https://github.com/hyperspy/hyperspy,2017-09-11,9060.0,rank-other,2432
Python,https://github.com/hyperspy/hyperspy,2017-09-13,9065.0,rank-other,2433
Python,https://github.com/hyperspy/hyperspy,2017-09-14,9067.0,rank-other,2435
Python,https://github.com/hyperspy/hyperspy,2017-09-15,9068.0,rank-other,2435
Python,https://github.com/hyperspy/hyperspy,2017-09-17,9070.0,rank-other,2435
Python,https://github.com/hyperspy/hyperspy,2017-09-18,9071.0,rank-other,2435
Python,https://github.com/hyperspy/hyperspy,2017-09-19,9076.0,rank-other,2435
Python,https://github.com/hyperspy/hyperspy,2017-09-20,9082.0,rank-other,2436
Python,https://github.com/hyperspy/hyperspy,2017-09-25,9083.0,rank-other,2436
Python,https://github.com/hyperspy/hyperspy,2017-09-26,9088.0,rank-other,2440
Python,https://github.com/hyperspy/hyperspy,2017-09-27,9089.0,rank-other,2441
Python,https://github.com/hyperspy/hyperspy,2017-09-28,9095.0,rank-other,2447
Python,https://github.com/hyperspy/hyperspy,2017-09-29,9099.0,rank-other,2447
Python,https://github.com/hyperspy/hyperspy,2017-09-30,9103.0,rank-other,2447
Python,https://github.com/hyperspy/hyperspy,2017-10-02,9104.0,rank-other,2447
Python,https://github.com/hyperspy/hyperspy,2017-10-03,9106.0,rank-other,2449
Python,https://github.com/hyperspy/hyperspy,2017-10-04,9111.0,rank-other,2454
Python,https://github.com/hyperspy/hyperspy,2017-10-05,9125.0,rank-other,2468
Python,https://github.com/hyperspy/hyperspy,2017-10-06,9130.0,rank-other,2473
Python,https://github.com/hyperspy/hyperspy,2017-10-08,9131.0,rank-other,2474
Python,https://github.com/hyperspy/hyperspy,2017-10-09,9134.0,rank-other,2475
Python,https://github.com/hyperspy/hyperspy,2017-10-10,9139.0,rank-other,2477
Python,https://github.com/hyperspy/hyperspy,2017-10-11,9144.0,rank-other,2481
Python,https://github.com/hyperspy/hyperspy,2017-10-12,9148.0,rank-other,2481
Python,https://github.com/hyperspy/hyperspy,2017-10-13,9152.0,rank-other,2482
Python,https://github.com/hyperspy/hyperspy,2017-10-14,9155.0,rank-other,2483
Python,https://github.com/hyperspy/hyperspy,2017-10-15,9157.0,rank-other,2484
Python,https://github.com/hyperspy/hyperspy,2017-10-16,9158.0,rank-other,2485
Python,https://github.com/hyperspy/hyperspy,2017-10-17,9159.0,rank-other,2485
Python,https://github.com/hyperspy/hyperspy,2017-10-20,9161.0,rank-other,2487
Python,https://github.com/hyperspy/hyperspy,2017-10-24,9162.0,rank-other,2488
Python,https://github.com/hyperspy/hyperspy,2017-10-25,9163.0,rank-other,2488
Python,https://github.com/hyperspy/hyperspy,2017-10-26,9164.0,rank-other,2488
Python,https://github.com/hyperspy/hyperspy,2017-10-29,9165.0,rank-other,2489
Python,https://github.com/hyperspy/hyperspy,2017-11-11,9166.0,rank-other,2489
Python,https://github.com/hyperspy/hyperspy,2017-11-16,9167.0,rank-other,2490
Python,https://github.com/hyperspy/hyperspy,2017-11-22,9170.0,rank-other,2491
Python,https://github.com/hyperspy/hyperspy,2017-11-28,9174.0,rank-other,2492
Python,https://github.com/hyperspy/hyperspy,2017-11-30,9175.0,rank-other,2493
Python,https://github.com/hyperspy/hyperspy,2017-12-05,9178.0,rank-other,2496
Python,https://github.com/hyperspy/hyperspy,2017-12-10,9180.0,rank-other,2496
Python,https://github.com/hyperspy/hyperspy,2017-12-11,9181.0,rank-other,2497
Python,https://github.com/hyperspy/hyperspy,2017-12-14,9185.0,rank-other,2500
Python,https://github.com/hyperspy/hyperspy,2017-12-15,9186.0,rank-other,2500
Python,https://github.com/hyperspy/hyperspy,2017-12-16,9188.0,rank-other,2502
Python,https://github.com/hyperspy/hyperspy,2017-12-17,9190.0,rank-other,2504
Python,https://github.com/hyperspy/hyperspy,2017-12-20,9191.0,rank-other,2504
Python,https://github.com/hyperspy/hyperspy,2018-01-05,9197.0,rank-other,2506
Python,https://github.com/hyperspy/hyperspy,2018-01-09,9200.0,rank-other,2509
Python,https://github.com/hyperspy/hyperspy,2018-01-11,9205.0,rank-other,2513
Python,https://github.com/hyperspy/hyperspy,2018-01-12,9211.0,rank-other,2515
Python,https://github.com/hyperspy/hyperspy,2018-01-13,9212.0,rank-other,2515
Python,https://github.com/hyperspy/hyperspy,2018-01-14,9215.0,rank-other,2518
Python,https://github.com/hyperspy/hyperspy,2018-01-15,9217.0,rank-other,2520
Python,https://github.com/hyperspy/hyperspy,2018-01-17,9219.0,rank-other,2520
Python,https://github.com/hyperspy/hyperspy,2018-01-18,9225.0,rank-other,2520
Python,https://github.com/hyperspy/hyperspy,2018-01-19,9228.0,rank-other,2521
Python,https://github.com/hyperspy/hyperspy,2018-01-20,9231.0,rank-other,2522
Python,https://github.com/hyperspy/hyperspy,2018-01-21,9236.0,rank-other,2525
Python,https://github.com/hyperspy/hyperspy,2018-01-22,9255.0,rank-other,2525
Python,https://github.com/hyperspy/hyperspy,2018-01-23,9278.0,rank-other,2527
Python,https://github.com/hyperspy/hyperspy,2018-01-24,9279.0,rank-other,2528
Python,https://github.com/hyperspy/hyperspy,2018-01-25,9281.0,rank-other,2530
Python,https://github.com/hyperspy/hyperspy,2018-01-26,9284.0,rank-other,2530
Python,https://github.com/hyperspy/hyperspy,2018-01-27,9291.0,rank-other,2530
Python,https://github.com/hyperspy/hyperspy,2018-01-28,9293.0,rank-other,2530
Python,https://github.com/hyperspy/hyperspy,2018-01-29,9294.0,rank-other,2530
Python,https://github.com/hyperspy/hyperspy,2018-01-30,9297.0,rank-other,2530
Python,https://github.com/hyperspy/hyperspy,2018-01-31,9303.0,rank-other,2530
Python,https://github.com/hyperspy/hyperspy,2018-02-02,9307.0,rank-other,2530
Python,https://github.com/hyperspy/hyperspy,2018-02-03,9308.0,rank-other,2530
Python,https://github.com/hyperspy/hyperspy,2018-02-04,9309.0,rank-other,2531
Python,https://github.com/hyperspy/hyperspy,2018-02-05,9320.0,rank-other,2540
Python,https://github.com/hyperspy/hyperspy,2018-02-06,9335.0,rank-other,2547
Python,https://github.com/hyperspy/hyperspy,2018-02-07,9340.0,rank-other,2551
Python,https://github.com/hyperspy/hyperspy,2018-02-08,9346.0,rank-other,2552
Python,https://github.com/hyperspy/hyperspy,2018-02-09,9350.0,rank-other,2553
Python,https://github.com/hyperspy/hyperspy,2018-02-10,9354.0,rank-other,2553
Python,https://github.com/hyperspy/hyperspy,2018-02-12,9357.0,rank-other,2553
Python,https://github.com/hyperspy/hyperspy,2018-02-13,9362.0,rank-other,2555
Python,https://github.com/hyperspy/hyperspy,2018-02-14,9366.0,rank-other,2556
Python,https://github.com/hyperspy/hyperspy,2018-02-16,9367.0,rank-other,2556
Python,https://github.com/hyperspy/hyperspy,2018-02-17,9368.0,rank-other,2557
Python,https://github.com/hyperspy/hyperspy,2018-02-18,9370.0,rank-other,2558
Python,https://github.com/hyperspy/hyperspy,2018-02-19,9374.0,rank-other,2558
Python,https://github.com/hyperspy/hyperspy,2018-02-20,9378.0,rank-other,2559
Python,https://github.com/hyperspy/hyperspy,2018-02-21,9379.0,rank-other,2559
Python,https://github.com/hyperspy/hyperspy,2018-02-22,9380.0,rank-other,2559
Python,https://github.com/hyperspy/hyperspy,2018-02-23,9381.0,rank-other,2559
Python,https://github.com/hyperspy/hyperspy,2018-02-25,9382.0,rank-other,2559
Python,https://github.com/hyperspy/hyperspy,2018-02-26,9392.0,rank-other,2559
Python,https://github.com/hyperspy/hyperspy,2018-02-27,9401.0,rank-other,2559
Python,https://github.com/hyperspy/hyperspy,2018-02-28,9405.0,rank-other,2559
Python,https://github.com/hyperspy/hyperspy,2018-03-01,9422.0,rank-other,2559
Python,https://github.com/hyperspy/hyperspy,2018-03-02,9436.0,rank-other,2559
Python,https://github.com/hyperspy/hyperspy,2018-03-03,9437.0,rank-other,2559
Python,https://github.com/hyperspy/hyperspy,2018-03-04,9444.0,rank-other,2561
Python,https://github.com/hyperspy/hyperspy,2018-03-05,9456.0,rank-other,2568
Python,https://github.com/hyperspy/hyperspy,2018-03-06,9458.0,rank-other,2570
Python,https://github.com/hyperspy/hyperspy,2018-03-07,9461.0,rank-other,2573
Python,https://github.com/hyperspy/hyperspy,2018-03-08,9465.0,rank-other,2575
Python,https://github.com/hyperspy/hyperspy,2018-03-09,9467.0,rank-other,2577
Python,https://github.com/hyperspy/hyperspy,2018-03-11,9468.0,rank-other,2577
Python,https://github.com/hyperspy/hyperspy,2018-03-13,9469.0,rank-other,2578
Python,https://github.com/hyperspy/hyperspy,2018-03-14,9471.0,rank-other,2580
Python,https://github.com/hyperspy/hyperspy,2018-03-15,9492.0,rank-other,2581
Python,https://github.com/hyperspy/hyperspy,2018-03-16,9501.0,rank-other,2587
Python,https://github.com/hyperspy/hyperspy,2018-03-17,9502.0,rank-other,2587
Python,https://github.com/hyperspy/hyperspy,2018-03-18,9504.0,rank-other,2588
Python,https://github.com/hyperspy/hyperspy,2018-03-19,9507.0,rank-other,2591
Python,https://github.com/hyperspy/hyperspy,2018-03-20,9520.0,rank-other,2599
Python,https://github.com/hyperspy/hyperspy,2018-03-21,9530.0,rank-other,2601
Python,https://github.com/hyperspy/hyperspy,2018-03-22,9538.0,rank-other,2602
Python,https://github.com/hyperspy/hyperspy,2018-03-23,9539.0,rank-other,2602
Python,https://github.com/hyperspy/hyperspy,2018-03-26,9540.0,rank-other,2603
Python,https://github.com/hyperspy/hyperspy,2018-03-28,9542.0,rank-other,2605
Python,https://github.com/hyperspy/hyperspy,2018-03-29,9543.0,rank-other,2606
Python,https://github.com/hyperspy/hyperspy,2018-03-31,9544.0,rank-other,2606
Python,https://github.com/hyperspy/hyperspy,2018-04-01,9546.0,rank-other,2606
Python,https://github.com/hyperspy/hyperspy,2018-04-03,9549.0,rank-other,2606
Python,https://github.com/hyperspy/hyperspy,2018-04-04,9555.0,rank-other,2607
Python,https://github.com/hyperspy/hyperspy,2018-04-05,9568.0,rank-other,2609
Python,https://github.com/hyperspy/hyperspy,2018-04-06,9586.0,rank-other,2611
Python,https://github.com/hyperspy/hyperspy,2018-04-07,9590.0,rank-other,2611
Python,https://github.com/hyperspy/hyperspy,2018-04-08,9593.0,rank-other,2611
Python,https://github.com/hyperspy/hyperspy,2018-04-09,9604.0,rank-other,2612
Python,https://github.com/hyperspy/hyperspy,2018-04-10,9616.0,rank-other,2614
Python,https://github.com/hyperspy/hyperspy,2018-04-11,9631.0,rank-other,2619
Python,https://github.com/hyperspy/hyperspy,2018-04-12,9647.0,rank-other,2620
Python,https://github.com/hyperspy/hyperspy,2018-04-13,9657.0,rank-other,2622
Python,https://github.com/hyperspy/hyperspy,2018-04-14,9659.0,rank-other,2622
Python,https://github.com/hyperspy/hyperspy,2018-04-15,9661.0,rank-other,2623
Python,https://github.com/hyperspy/hyperspy,2018-04-16,9669.0,rank-other,2623
Python,https://github.com/hyperspy/hyperspy,2018-04-17,9681.0,rank-other,2625
Python,https://github.com/hyperspy/hyperspy,2018-04-18,9684.0,rank-other,2625
Python,https://github.com/hyperspy/hyperspy,2018-04-19,9714.0,rank-other,2629
Python,https://github.com/hyperspy/hyperspy,2018-04-20,9715.0,rank-other,2629
Python,https://github.com/hyperspy/hyperspy,2018-04-21,9716.0,rank-other,2630
Python,https://github.com/hyperspy/hyperspy,2018-04-22,9717.0,rank-other,2631
Python,https://github.com/hyperspy/hyperspy,2018-04-23,9718.0,rank-other,2631
Python,https://github.com/hyperspy/hyperspy,2018-04-24,9721.0,rank-other,2631
Python,https://github.com/hyperspy/hyperspy,2018-04-25,9725.0,rank-other,2631
Python,https://github.com/hyperspy/hyperspy,2018-04-26,9728.0,rank-other,2632
Python,https://github.com/hyperspy/hyperspy,2018-04-27,9732.0,rank-other,2635
Python,https://github.com/hyperspy/hyperspy,2018-04-28,9736.0,rank-other,2636
Python,https://github.com/hyperspy/hyperspy,2018-04-29,9741.0,rank-other,2638
Python,https://github.com/hyperspy/hyperspy,2018-05-01,9742.0,rank-other,2638
Python,https://github.com/hyperspy/hyperspy,2018-05-02,9744.0,rank-other,2639
Python,https://github.com/hyperspy/hyperspy,2018-05-03,9747.0,rank-other,2641
Python,https://github.com/hyperspy/hyperspy,2018-05-08,9752.0,rank-other,2642
Python,https://github.com/hyperspy/hyperspy,2018-05-09,9755.0,rank-other,2642
Python,https://github.com/hyperspy/hyperspy,2018-05-12,9757.0,rank-other,2643
Python,https://github.com/hyperspy/hyperspy,2018-05-13,9759.0,rank-other,2645
Python,https://github.com/hyperspy/hyperspy,2018-05-14,9763.0,rank-other,2647
Python,https://github.com/hyperspy/hyperspy,2018-05-15,9767.0,rank-other,2648
Python,https://github.com/hyperspy/hyperspy,2018-05-16,9771.0,rank-other,2649
Python,https://github.com/hyperspy/hyperspy,2018-05-17,9773.0,rank-other,2651
Python,https://github.com/hyperspy/hyperspy,2018-05-20,9774.0,rank-other,2651
Python,https://github.com/hyperspy/hyperspy,2018-05-21,9776.0,rank-other,2651
Python,https://github.com/hyperspy/hyperspy,2018-05-23,9784.0,rank-other,2659
Python,https://github.com/hyperspy/hyperspy,2018-05-24,9786.0,rank-other,2661
Python,https://github.com/hyperspy/hyperspy,2018-05-25,9789.0,rank-other,2664
Python,https://github.com/hyperspy/hyperspy,2018-05-26,9791.0,rank-other,2666
Python,https://github.com/hyperspy/hyperspy,2018-05-27,9792.0,rank-other,2666
Python,https://github.com/hyperspy/hyperspy,2018-05-29,9794.0,rank-other,2667
Python,https://github.com/hyperspy/hyperspy,2018-05-30,9798.0,rank-other,2671
Python,https://github.com/hyperspy/hyperspy,2018-05-31,9805.0,rank-other,2672
Python,https://github.com/hyperspy/hyperspy,2018-06-01,9808.0,rank-other,2675
Python,https://github.com/hyperspy/hyperspy,2018-06-04,9809.0,rank-other,2676
Python,https://github.com/hyperspy/hyperspy,2018-06-05,9812.0,rank-other,2679
Python,https://github.com/hyperspy/hyperspy,2018-06-07,9816.0,rank-other,2680
Python,https://github.com/hyperspy/hyperspy,2018-06-11,9820.0,rank-other,2684
Python,https://github.com/hyperspy/hyperspy,2018-06-12,9824.0,rank-other,2688
Python,https://github.com/hyperspy/hyperspy,2018-06-13,9825.0,rank-other,2689
Python,https://github.com/hyperspy/hyperspy,2018-06-18,9829.0,rank-other,2692
Python,https://github.com/hyperspy/hyperspy,2018-06-20,9831.0,rank-other,2694
Python,https://github.com/hyperspy/hyperspy,2018-06-21,9833.0,rank-other,2696
Python,https://github.com/hyperspy/hyperspy,2018-06-25,9835.0,rank-other,2697
Python,https://github.com/hyperspy/hyperspy,2018-06-27,9842.0,rank-other,2699
Python,https://github.com/hyperspy/hyperspy,2018-06-29,9844.0,rank-other,2700
Python,https://github.com/hyperspy/hyperspy,2018-06-30,9849.0,rank-other,2705
Python,https://github.com/hyperspy/hyperspy,2018-07-02,9882.0,rank-other,2714
Python,https://github.com/hyperspy/hyperspy,2018-07-03,9918.0,rank-other,2719
Python,https://github.com/hyperspy/hyperspy,2018-07-04,9920.0,rank-other,2721
Python,https://github.com/hyperspy/hyperspy,2018-07-06,9923.0,rank-other,2724
Python,https://github.com/hyperspy/hyperspy,2018-07-10,9927.0,rank-other,2725
Python,https://github.com/hyperspy/hyperspy,2018-07-11,9932.0,rank-other,2726
Python,https://github.com/hyperspy/hyperspy,2018-07-12,9935.0,rank-other,2726
Python,https://github.com/hyperspy/hyperspy,2018-07-13,9937.0,rank-other,2727
Python,https://github.com/hyperspy/hyperspy,2018-07-16,9940.0,rank-other,2727
Python,https://github.com/hyperspy/hyperspy,2018-07-17,9944.0,rank-other,2729
Python,https://github.com/hyperspy/hyperspy,2018-07-18,9961.0,rank-other,2734
Python,https://github.com/hyperspy/hyperspy,2018-07-19,9967.0,rank-other,2736
Python,https://github.com/hyperspy/hyperspy,2018-07-20,9972.0,rank-other,2738
Python,https://github.com/hyperspy/hyperspy,2018-07-25,9975.0,rank-other,2738
Python,https://github.com/hyperspy/hyperspy,2018-07-26,9991.0,rank-other,2749
Python,https://github.com/hyperspy/hyperspy,2018-07-27,9995.0,rank-other,2753
Python,https://github.com/hyperspy/hyperspy,2018-07-30,9996.0,rank-other,2753
Python,https://github.com/hyperspy/hyperspy,2018-07-31,9999.0,rank-other,2753
Python,https://github.com/hyperspy/hyperspy,2018-08-01,10000.0,rank-other,2753
Python,https://github.com/hyperspy/hyperspy,2018-08-02,10001.0,rank-other,2753
Python,https://github.com/hyperspy/hyperspy,2018-08-07,10002.0,rank-other,2754
Python,https://github.com/hyperspy/hyperspy,2018-08-08,10009.0,rank-other,2761
Python,https://github.com/hyperspy/hyperspy,2018-08-09,10010.0,rank-other,2761
Python,https://github.com/hyperspy/hyperspy,2018-08-13,10014.0,rank-other,2761
Python,https://github.com/hyperspy/hyperspy,2018-08-15,10016.0,rank-other,2762
Python,https://github.com/hyperspy/hyperspy,2018-08-16,10018.0,rank-other,2762
Python,https://github.com/hyperspy/hyperspy,2018-08-17,10019.0,rank-other,2762
Python,https://github.com/hyperspy/hyperspy,2018-08-18,10024.0,rank-other,2767
Python,https://github.com/hyperspy/hyperspy,2018-08-19,10027.0,rank-other,2770
Python,https://github.com/hyperspy/hyperspy,2018-08-20,10028.0,rank-other,2770
Python,https://github.com/hyperspy/hyperspy,2018-08-22,10035.0,rank-other,2770
Python,https://github.com/hyperspy/hyperspy,2018-08-23,10054.0,rank-other,2773
Python,https://github.com/hyperspy/hyperspy,2018-08-24,10071.0,rank-other,2777
Python,https://github.com/hyperspy/hyperspy,2018-08-27,10076.0,rank-other,2777
Python,https://github.com/hyperspy/hyperspy,2018-08-28,10102.0,rank-other,2784
Python,https://github.com/hyperspy/hyperspy,2018-08-29,10116.0,rank-other,2785
Python,https://github.com/hyperspy/hyperspy,2018-08-30,10128.0,rank-other,2788
Python,https://github.com/hyperspy/hyperspy,2018-08-31,10148.0,rank-other,2794
Python,https://github.com/hyperspy/hyperspy,2018-09-01,10153.0,rank-other,2794
Python,https://github.com/hyperspy/hyperspy,2018-09-03,10166.0,rank-other,2797
Python,https://github.com/hyperspy/hyperspy,2018-09-04,10171.0,rank-other,2799
Python,https://github.com/hyperspy/hyperspy,2018-09-10,10172.0,rank-other,2799
Python,https://github.com/hyperspy/hyperspy,2018-09-14,10177.0,rank-other,2804
Python,https://github.com/hyperspy/hyperspy,2018-09-18,10180.0,rank-other,2807
Python,https://github.com/hyperspy/hyperspy,2018-09-21,10181.0,rank-other,2808
Python,https://github.com/hyperspy/hyperspy,2018-09-23,10185.0,rank-other,2810
Python,https://github.com/hyperspy/hyperspy,2018-09-24,10186.0,rank-other,2810
Python,https://github.com/hyperspy/hyperspy,2018-09-25,10191.0,rank-other,2815
Python,https://github.com/hyperspy/hyperspy,2018-09-26,10194.0,rank-other,2818
Python,https://github.com/hyperspy/hyperspy,2018-09-27,10195.0,rank-other,2819
Python,https://github.com/hyperspy/hyperspy,2018-09-28,10198.0,rank-other,2822
Python,https://github.com/hyperspy/hyperspy,2018-09-29,10202.0,rank-other,2822
Python,https://github.com/hyperspy/hyperspy,2018-10-01,10205.0,rank-other,2825
Python,https://github.com/hyperspy/hyperspy,2018-10-04,10208.0,rank-other,2827
Python,https://github.com/hyperspy/hyperspy,2018-10-15,10212.0,rank-other,2827
Python,https://github.com/hyperspy/hyperspy,2018-10-17,10214.0,rank-other,2827
Python,https://github.com/hyperspy/hyperspy,2018-10-18,10219.0,rank-other,2827
Python,https://github.com/hyperspy/hyperspy,2018-10-19,10224.0,rank-other,2830
Python,https://github.com/hyperspy/hyperspy,2018-10-20,10236.0,rank-other,2839
Python,https://github.com/hyperspy/hyperspy,2018-10-22,10239.0,rank-other,2841
Python,https://github.com/hyperspy/hyperspy,2018-10-23,10246.0,rank-other,2848
Python,https://github.com/hyperspy/hyperspy,2018-10-29,10247.0,rank-other,2849
Python,https://github.com/hyperspy/hyperspy,2018-10-30,10248.0,rank-other,2849
Python,https://github.com/hyperspy/hyperspy,2018-11-03,10250.0,rank-other,2849
Python,https://github.com/hyperspy/hyperspy,2018-11-06,10251.0,rank-other,2849
Python,https://github.com/hyperspy/hyperspy,2018-11-11,10253.0,rank-other,2850
Python,https://github.com/hyperspy/hyperspy,2018-11-15,10259.0,rank-other,2852
Python,https://github.com/hyperspy/hyperspy,2018-11-16,10264.0,rank-other,2857
Python,https://github.com/hyperspy/hyperspy,2018-11-19,10268.0,rank-other,2861
Python,https://github.com/hyperspy/hyperspy,2018-11-20,10269.0,rank-other,2862
Python,https://github.com/hyperspy/hyperspy,2018-11-23,10271.0,rank-other,2864
Python,https://github.com/hyperspy/hyperspy,2018-11-26,10273.0,rank-other,2866
Python,https://github.com/hyperspy/hyperspy,2018-11-27,10275.0,rank-other,2866
Python,https://github.com/hyperspy/hyperspy,2018-11-28,10277.0,rank-other,2868
Python,https://github.com/hyperspy/hyperspy,2018-11-29,10278.0,rank-other,2869
Python,https://github.com/hyperspy/hyperspy,2018-11-30,10280.0,rank-other,2871
Python,https://github.com/hyperspy/hyperspy,2018-12-01,10288.0,rank-other,2872
Python,https://github.com/hyperspy/hyperspy,2018-12-02,10291.0,rank-other,2872
Python,https://github.com/hyperspy/hyperspy,2018-12-05,10296.0,rank-other,2874
Python,https://github.com/hyperspy/hyperspy,2018-12-06,10303.0,rank-other,2876
Python,https://github.com/hyperspy/hyperspy,2018-12-07,10308.0,rank-other,2881
Python,https://github.com/hyperspy/hyperspy,2018-12-09,10309.0,rank-other,2882
Python,https://github.com/hyperspy/hyperspy,2018-12-14,10312.0,rank-other,2882
Python,https://github.com/hyperspy/hyperspy,2018-12-15,10315.0,rank-other,2885
Python,https://github.com/hyperspy/hyperspy,2019-01-10,10320.0,rank-other,2890
Python,https://github.com/hyperspy/hyperspy,2019-01-13,10323.0,rank-other,2891
Python,https://github.com/hyperspy/hyperspy,2019-01-14,10324.0,rank-other,2891
Python,https://github.com/hyperspy/hyperspy,2019-01-24,10333.0,rank-other,2893
Python,https://github.com/hyperspy/hyperspy,2019-01-25,10335.0,rank-other,2894
Python,https://github.com/hyperspy/hyperspy,2019-01-29,10336.0,rank-other,2895
Python,https://github.com/hyperspy/hyperspy,2019-02-03,10341.0,rank-other,2895
Python,https://github.com/hyperspy/hyperspy,2019-02-05,10345.0,rank-other,2895
Python,https://github.com/hyperspy/hyperspy,2019-02-06,10346.0,rank-other,2895
Python,https://github.com/hyperspy/hyperspy,2019-02-12,10347.0,rank-other,2895
Python,https://github.com/hyperspy/hyperspy,2019-02-28,10348.0,rank-other,2896
Python,https://github.com/hyperspy/hyperspy,2019-03-05,10351.0,rank-other,2899
Python,https://github.com/hyperspy/hyperspy,2019-03-06,10358.0,rank-other,2906
Python,https://github.com/hyperspy/hyperspy,2019-03-16,10360.0,rank-other,2908
Python,https://github.com/hyperspy/hyperspy,2019-03-21,10363.0,rank-other,2909
Python,https://github.com/hyperspy/hyperspy,2019-03-23,10367.0,rank-other,2909
Python,https://github.com/hyperspy/hyperspy,2019-03-25,10371.0,rank-other,2909
Python,https://github.com/hyperspy/hyperspy,2019-03-26,10377.0,rank-other,2912
Python,https://github.com/hyperspy/hyperspy,2019-03-27,10406.0,rank-other,2939
Python,https://github.com/hyperspy/hyperspy,2019-03-28,10408.0,rank-other,2939
Python,https://github.com/hyperspy/hyperspy,2019-03-29,10414.0,rank-other,2939
Python,https://github.com/hyperspy/hyperspy,2019-04-01,10416.0,rank-other,2941
Python,https://github.com/hyperspy/hyperspy,2019-04-02,10421.0,rank-other,2941
Python,https://github.com/hyperspy/hyperspy,2019-04-03,10426.0,rank-other,2946
Python,https://github.com/hyperspy/hyperspy,2019-04-04,10428.0,rank-other,2948
Python,https://github.com/hyperspy/hyperspy,2019-04-08,10429.0,rank-other,2948
Python,https://github.com/hyperspy/hyperspy,2019-04-12,10430.0,rank-other,2949
Python,https://github.com/hyperspy/hyperspy,2019-04-15,10434.0,rank-other,2952
Python,https://github.com/hyperspy/hyperspy,2019-04-16,10447.0,rank-other,2965
Python,https://github.com/hyperspy/hyperspy,2019-04-17,10468.0,rank-other,2982
Python,https://github.com/hyperspy/hyperspy,2019-04-18,10492.0,rank-other,3002
Python,https://github.com/hyperspy/hyperspy,2019-04-19,10508.0,rank-other,3018
Python,https://github.com/hyperspy/hyperspy,2019-04-20,10519.0,rank-other,3026
Python,https://github.com/hyperspy/hyperspy,2019-04-21,10527.0,rank-other,3034
Python,https://github.com/hyperspy/hyperspy,2019-04-24,10534.0,rank-other,3038
Python,https://github.com/hyperspy/hyperspy,2019-04-25,10536.0,rank-other,3040
Python,https://github.com/hyperspy/hyperspy,2019-04-26,10540.0,rank-other,3040
Python,https://github.com/hyperspy/hyperspy,2019-04-28,10541.0,rank-other,3040
Python,https://github.com/hyperspy/hyperspy,2019-04-29,10548.0,rank-other,3045
Python,https://github.com/hyperspy/hyperspy,2019-04-30,10549.0,rank-other,3045
Python,https://github.com/hyperspy/hyperspy,2019-05-01,10559.0,rank-other,3055
Python,https://github.com/hyperspy/hyperspy,2019-05-03,10571.0,rank-other,3064
Python,https://github.com/hyperspy/hyperspy,2019-05-07,10573.0,rank-other,3064
Python,https://github.com/hyperspy/hyperspy,2019-05-09,10581.0,rank-other,3072
Python,https://github.com/hyperspy/hyperspy,2019-05-10,10582.0,rank-other,3072
Python,https://github.com/hyperspy/hyperspy,2019-05-13,10593.0,rank-other,3081
Python,https://github.com/hyperspy/hyperspy,2019-05-14,10609.0,rank-other,3095
Python,https://github.com/hyperspy/hyperspy,2019-05-15,10617.0,rank-other,3097
Python,https://github.com/hyperspy/hyperspy,2019-05-16,10632.0,rank-other,3102
Python,https://github.com/hyperspy/hyperspy,2019-05-17,10650.0,rank-other,3103
Python,https://github.com/hyperspy/hyperspy,2019-05-18,10654.0,rank-other,3107
Python,https://github.com/hyperspy/hyperspy,2019-05-20,10672.0,rank-other,3125
Python,https://github.com/hyperspy/hyperspy,2019-05-21,10681.0,rank-other,3131
Python,https://github.com/hyperspy/hyperspy,2019-05-22,10689.0,rank-other,3136
Python,https://github.com/hyperspy/hyperspy,2019-05-23,10701.0,rank-other,3148
Python,https://github.com/hyperspy/hyperspy,2019-05-24,10710.0,rank-other,3151
Python,https://github.com/hyperspy/hyperspy,2019-05-27,10714.0,rank-other,3154
Python,https://github.com/hyperspy/hyperspy,2019-05-28,10715.0,rank-other,3155
Python,https://github.com/hyperspy/hyperspy,2019-05-31,10720.0,rank-other,3155
Python,https://github.com/hyperspy/hyperspy,2019-06-02,10722.0,rank-other,3155
Python,https://github.com/hyperspy/hyperspy,2019-06-03,10731.0,rank-other,3155
Python,https://github.com/hyperspy/hyperspy,2019-06-05,10747.0,rank-other,3166
Python,https://github.com/hyperspy/hyperspy,2019-06-14,10751.0,rank-other,3166
Python,https://github.com/hyperspy/hyperspy,2019-06-17,10766.0,rank-other,3170
Python,https://github.com/hyperspy/hyperspy,2019-06-18,10781.0,rank-other,3182
Python,https://github.com/hyperspy/hyperspy,2019-06-19,10786.0,rank-other,3187
Python,https://github.com/hyperspy/hyperspy,2019-06-20,10789.0,rank-other,3187
Python,https://github.com/hyperspy/hyperspy,2019-06-21,10799.0,rank-other,3193
Python,https://github.com/hyperspy/hyperspy,2019-06-22,10804.0,rank-other,3198
Python,https://github.com/hyperspy/hyperspy,2019-06-24,10805.0,rank-other,3198
Python,https://github.com/hyperspy/hyperspy,2019-06-25,10810.0,rank-other,3201
Python,https://github.com/hyperspy/hyperspy,2019-06-26,10815.0,rank-other,3204
Python,https://github.com/hyperspy/hyperspy,2019-06-27,10818.0,rank-other,3204
Python,https://github.com/hyperspy/hyperspy,2019-06-28,10819.0,rank-other,3205
Python,https://github.com/hyperspy/hyperspy,2019-07-01,10824.0,rank-other,3210
Python,https://github.com/hyperspy/hyperspy,2019-07-02,10828.0,rank-other,3212
Python,https://github.com/hyperspy/hyperspy,2019-07-04,10834.0,rank-other,3212
Python,https://github.com/hyperspy/hyperspy,2019-07-05,10837.0,rank-other,3212
Python,https://github.com/hyperspy/hyperspy,2019-07-09,10839.0,rank-other,3212
Python,https://github.com/hyperspy/hyperspy,2019-07-10,10840.0,rank-other,3212
Python,https://github.com/hyperspy/hyperspy,2019-07-11,10852.0,rank-other,3218
Python,https://github.com/hyperspy/hyperspy,2019-07-12,10860.0,rank-other,3222
Python,https://github.com/hyperspy/hyperspy,2019-07-15,10878.0,rank-other,3237
Python,https://github.com/hyperspy/hyperspy,2019-07-16,10900.0,rank-other,3253
Python,https://github.com/hyperspy/hyperspy,2019-07-17,10902.0,rank-other,3253
Python,https://github.com/hyperspy/hyperspy,2019-07-18,10916.0,rank-other,3259
Python,https://github.com/hyperspy/hyperspy,2019-07-19,10937.0,rank-other,3274
Python,https://github.com/hyperspy/hyperspy,2019-07-22,10942.0,rank-other,3276
Python,https://github.com/hyperspy/hyperspy,2019-07-24,10945.0,rank-other,3278
Python,https://github.com/hyperspy/hyperspy,2019-07-25,10970.0,rank-other,3294
Python,https://github.com/hyperspy/hyperspy,2019-07-26,10983.0,rank-other,3294
Python,https://github.com/hyperspy/hyperspy,2019-07-27,10999.0,rank-other,3294
Python,https://github.com/hyperspy/hyperspy,2019-07-28,11008.0,rank-other,3294
Python,https://github.com/hyperspy/hyperspy,2019-07-29,11009.0,rank-other,3295
Python,https://github.com/hyperspy/hyperspy,2019-08-02,11011.0,rank-other,3297
Python,https://github.com/hyperspy/hyperspy,2019-08-06,11015.0,rank-other,3301
Python,https://github.com/hyperspy/hyperspy,2019-08-09,11016.0,rank-other,3302
Python,https://github.com/hyperspy/hyperspy,2019-08-30,11017.0,rank-other,3303
Python,https://github.com/hyperspy/hyperspy,2019-09-02,11028.0,rank-other,3303
Python,https://github.com/hyperspy/hyperspy,2019-09-03,11036.0,rank-other,3304
Python,https://github.com/hyperspy/hyperspy,2019-09-04,11041.0,rank-other,3307
Python,https://github.com/hyperspy/hyperspy,2019-09-05,11049.0,rank-other,3309
Python,https://github.com/hyperspy/hyperspy,2019-09-06,11056.0,rank-other,3314
Python,https://github.com/hyperspy/hyperspy,2019-09-07,11060.0,rank-other,3315
Python,https://github.com/hyperspy/hyperspy,2019-09-08,11062.0,rank-other,3315
Python,https://github.com/hyperspy/hyperspy,2019-09-10,11066.0,rank-other,3316
Python,https://github.com/hyperspy/hyperspy,2019-09-11,11068.0,rank-other,3317
Python,https://github.com/hyperspy/hyperspy,2019-09-14,11069.0,rank-other,3318
Python,https://github.com/hyperspy/hyperspy,2019-09-16,11073.0,rank-other,3322
Python,https://github.com/hyperspy/hyperspy,2019-09-23,11078.0,rank-other,3327
Python,https://github.com/hyperspy/hyperspy,2019-09-24,11079.0,rank-other,3328
Python,https://github.com/hyperspy/hyperspy,2019-09-27,11083.0,rank-other,3329
Python,https://github.com/hyperspy/hyperspy,2019-09-28,11085.0,rank-other,3329
Python,https://github.com/hyperspy/hyperspy,2019-10-01,11088.0,rank-other,3329
Python,https://github.com/hyperspy/hyperspy,2019-10-02,11089.0,rank-other,3329
Python,https://github.com/hyperspy/hyperspy,2019-10-07,11091.0,rank-other,3331
Python,https://github.com/hyperspy/hyperspy,2019-10-08,11095.0,rank-other,3335
Python,https://github.com/hyperspy/hyperspy,2019-10-11,11098.0,rank-other,3338
Python,https://github.com/hyperspy/hyperspy,2019-10-14,11099.0,rank-other,3338
Python,https://github.com/hyperspy/hyperspy,2019-10-17,11105.0,rank-other,3338
Python,https://github.com/hyperspy/hyperspy,2019-10-18,11109.0,rank-other,3341
Python,https://github.com/hyperspy/hyperspy,2019-10-21,11111.0,rank-other,3343
Python,https://github.com/hyperspy/hyperspy,2019-10-22,11112.0,rank-other,3344
Python,https://github.com/hyperspy/hyperspy,2019-10-24,11113.0,rank-other,3345
Python,https://github.com/hyperspy/hyperspy,2019-10-28,11119.0,rank-other,3350
Python,https://github.com/hyperspy/hyperspy,2019-10-30,11120.0,rank-other,3351
Python,https://github.com/hyperspy/hyperspy,2019-10-31,11122.0,rank-other,3353
Python,https://github.com/hyperspy/hyperspy,2019-11-02,11124.0,rank-other,3355
Python,https://github.com/hyperspy/hyperspy,2019-11-05,11128.0,rank-other,3356
Python,https://github.com/hyperspy/hyperspy,2019-11-08,11130.0,rank-other,3358
Python,https://github.com/hyperspy/hyperspy,2019-11-10,11131.0,rank-other,3359
Python,https://github.com/hyperspy/hyperspy,2019-11-11,11134.0,rank-other,3362
Python,https://github.com/hyperspy/hyperspy,2019-11-12,11140.0,rank-other,3368
Python,https://github.com/hyperspy/hyperspy,2019-11-13,11154.0,rank-other,3378
Python,https://github.com/hyperspy/hyperspy,2019-11-14,11157.0,rank-other,3379
Python,https://github.com/hyperspy/hyperspy,2019-11-15,11166.0,rank-other,3385
Python,https://github.com/hyperspy/hyperspy,2019-11-17,11168.0,rank-other,3387
Python,https://github.com/hyperspy/hyperspy,2019-11-18,11169.0,rank-other,3388
Python,https://github.com/hyperspy/hyperspy,2019-11-20,11171.0,rank-other,3388
Python,https://github.com/hyperspy/hyperspy,2019-11-21,11172.0,rank-other,3388
Python,https://github.com/hyperspy/hyperspy,2019-11-22,11173.0,rank-other,3388
Python,https://github.com/hyperspy/hyperspy,2019-11-23,11174.0,rank-other,3388
Python,https://github.com/hyperspy/hyperspy,2019-11-25,11176.0,rank-other,3388
Python,https://github.com/hyperspy/hyperspy,2019-11-26,11180.0,rank-other,3388
Python,https://github.com/hyperspy/hyperspy,2019-11-27,11184.0,rank-other,3390
Python,https://github.com/hyperspy/hyperspy,2019-11-28,11185.0,rank-other,3391
Python,https://github.com/hyperspy/hyperspy,2019-11-29,11191.0,rank-other,3396
Python,https://github.com/hyperspy/hyperspy,2019-11-30,11192.0,rank-other,3397
Python,https://github.com/hyperspy/hyperspy,2019-12-01,11193.0,rank-other,3398
Python,https://github.com/hyperspy/hyperspy,2019-12-02,11194.0,rank-other,3399
Python,https://github.com/hyperspy/hyperspy,2019-12-04,11200.0,rank-other,3405
Python,https://github.com/hyperspy/hyperspy,2019-12-06,11209.0,rank-other,3412
Python,https://github.com/hyperspy/hyperspy,2019-12-07,11210.0,rank-other,3412
Python,https://github.com/hyperspy/hyperspy,2019-12-08,11211.0,rank-other,3413
Python,https://github.com/hyperspy/hyperspy,2019-12-09,11218.0,rank-other,3414
Python,https://github.com/hyperspy/hyperspy,2019-12-10,11220.0,rank-other,3416
Python,https://github.com/hyperspy/hyperspy,2019-12-12,11230.0,rank-other,3426
Python,https://github.com/hyperspy/hyperspy,2019-12-13,11233.0,rank-other,3429
Python,https://github.com/hyperspy/hyperspy,2019-12-15,11234.0,rank-other,3429
Python,https://github.com/hyperspy/hyperspy,2019-12-18,11237.0,rank-other,3430
Python,https://github.com/hyperspy/hyperspy,2019-12-19,11239.0,rank-other,3432
Python,https://github.com/hyperspy/hyperspy,2019-12-20,11241.0,rank-other,3432
Python,https://github.com/hyperspy/hyperspy,2019-12-21,11243.0,rank-other,3432
Python,https://github.com/hyperspy/hyperspy,2020-01-02,11255.0,rank-other,3432
Python,https://github.com/hyperspy/hyperspy,2020-01-03,11265.0,rank-other,3440
Python,https://github.com/hyperspy/hyperspy,2020-01-04,11266.0,rank-other,3441
Python,https://github.com/hyperspy/hyperspy,2020-01-05,11268.0,rank-other,3441
Python,https://github.com/hyperspy/hyperspy,2020-01-06,11273.0,rank-other,3446
Python,https://github.com/hyperspy/hyperspy,2020-01-07,11282.0,rank-other,3451
Python,https://github.com/hyperspy/hyperspy,2020-01-08,11297.0,rank-other,3461
Python,https://github.com/hyperspy/hyperspy,2020-01-09,11306.0,rank-other,3461
Python,https://github.com/hyperspy/hyperspy,2020-01-11,11307.0,rank-other,3462
Python,https://github.com/hyperspy/hyperspy,2020-01-12,11309.0,rank-other,3462
Python,https://github.com/hyperspy/hyperspy,2020-01-13,11314.0,rank-other,3463
Python,https://github.com/hyperspy/hyperspy,2020-01-14,11317.0,rank-other,3463
Python,https://github.com/hyperspy/hyperspy,2020-01-15,11323.0,rank-other,3465
Python,https://github.com/hyperspy/hyperspy,2020-01-16,11343.0,rank-other,3473
Python,https://github.com/hyperspy/hyperspy,2020-01-17,11348.0,rank-other,3476
Python,https://github.com/hyperspy/hyperspy,2020-01-18,11349.0,rank-other,3477
Python,https://github.com/hyperspy/hyperspy,2020-01-19,11361.0,rank-other,3489
Python,https://github.com/hyperspy/hyperspy,2020-01-20,11367.0,rank-other,3495
Python,https://github.com/hyperspy/hyperspy,2020-01-21,11370.0,rank-other,3498
Python,https://github.com/hyperspy/hyperspy,2020-01-23,11374.0,rank-other,3502
Python,https://github.com/hyperspy/hyperspy,2020-01-24,11378.0,rank-other,3504
Python,https://github.com/hyperspy/hyperspy,2020-01-25,11389.0,rank-other,3514
Python,https://github.com/hyperspy/hyperspy,2020-01-27,11398.0,rank-other,3518
Python,https://github.com/hyperspy/hyperspy,2020-01-28,11401.0,rank-other,3518
Python,https://github.com/hyperspy/hyperspy,2020-01-29,11407.0,rank-other,3522
Python,https://github.com/hyperspy/hyperspy,2020-02-01,11408.0,rank-other,3522
Python,https://github.com/hyperspy/hyperspy,2020-02-02,11415.0,rank-other,3529
Python,https://github.com/hyperspy/hyperspy,2020-02-03,11419.0,rank-other,3532
Python,https://github.com/hyperspy/hyperspy,2020-02-04,11425.0,rank-other,3538
Python,https://github.com/hyperspy/hyperspy,2020-02-05,11431.0,rank-other,3544
Python,https://github.com/hyperspy/hyperspy,2020-02-06,11436.0,rank-other,3549
Python,https://github.com/hyperspy/hyperspy,2020-02-08,11438.0,rank-other,3551
Python,https://github.com/hyperspy/hyperspy,2020-02-13,11440.0,rank-other,3553
Python,https://github.com/hyperspy/hyperspy,2020-02-14,11441.0,rank-other,3554
Python,https://github.com/hyperspy/hyperspy,2020-02-17,11442.0,rank-other,3555
Python,https://github.com/hyperspy/hyperspy,2020-02-21,11444.0,rank-other,3557
Python,https://github.com/hyperspy/hyperspy,2020-02-22,11446.0,rank-other,3557
Python,https://github.com/hyperspy/hyperspy,2020-02-23,11449.0,rank-other,3557
Python,https://github.com/hyperspy/hyperspy,2020-02-25,11453.0,rank-other,3557
Python,https://github.com/hyperspy/hyperspy,2020-02-26,11455.0,rank-other,3558
Python,https://github.com/hyperspy/hyperspy,2020-02-27,11462.0,rank-other,3561
Python,https://github.com/hyperspy/hyperspy,2020-02-29,11465.0,rank-other,3563
Python,https://github.com/hyperspy/hyperspy,2020-03-02,11468.0,rank-other,3563
Python,https://github.com/hyperspy/hyperspy,2020-03-03,11471.0,rank-other,3566
Python,https://github.com/hyperspy/hyperspy,2020-03-04,11477.0,rank-other,3569
Python,https://github.com/hyperspy/hyperspy,2020-03-05,11479.0,rank-other,3569
Python,https://github.com/hyperspy/hyperspy,2020-03-07,11480.0,rank-other,3569
Python,https://github.com/hyperspy/hyperspy,2020-03-09,11481.0,rank-other,3570
Python,https://github.com/hyperspy/hyperspy,2020-03-12,11484.0,rank-other,3570
Python,https://github.com/hyperspy/hyperspy,2020-03-13,11485.0,rank-other,3571
Python,https://github.com/hyperspy/hyperspy,2020-03-16,11487.0,rank-other,3573
Python,https://github.com/hyperspy/hyperspy,2020-03-17,11488.0,rank-other,3573
Python,https://github.com/hyperspy/hyperspy,2020-03-18,11492.0,rank-other,3577
Python,https://github.com/hyperspy/hyperspy,2020-03-20,11493.0,rank-other,3577
Python,https://github.com/hyperspy/hyperspy,2020-03-22,11495.0,rank-other,3578
Python,https://github.com/hyperspy/hyperspy,2020-03-23,11497.0,rank-other,3580
Python,https://github.com/hyperspy/hyperspy,2020-03-24,11499.0,rank-other,3582
Python,https://github.com/hyperspy/hyperspy,2020-03-31,11504.0,rank-other,3587
Python,https://github.com/hyperspy/hyperspy,2020-04-01,11523.0,rank-other,3603
Python,https://github.com/hyperspy/hyperspy,2020-04-02,11544.0,rank-other,3614
Python,https://github.com/hyperspy/hyperspy,2020-04-03,11558.0,rank-other,3617
Python,https://github.com/hyperspy/hyperspy,2020-04-04,11561.0,rank-other,3620
Python,https://github.com/hyperspy/hyperspy,2020-04-05,11564.0,rank-other,3622
Python,https://github.com/hyperspy/hyperspy,2020-04-06,11574.0,rank-other,3630
Python,https://github.com/hyperspy/hyperspy,2020-04-07,11579.0,rank-other,3630
Python,https://github.com/hyperspy/hyperspy,2020-04-08,11593.0,rank-other,3637
Python,https://github.com/hyperspy/hyperspy,2020-04-09,11603.0,rank-other,3644
Python,https://github.com/hyperspy/hyperspy,2020-04-10,11604.0,rank-other,3645
Python,https://github.com/hyperspy/hyperspy,2020-04-13,11611.0,rank-other,3651
Python,https://github.com/hyperspy/hyperspy,2020-04-14,11619.0,rank-other,3659
Python,https://github.com/hyperspy/hyperspy,2020-04-15,11638.0,rank-other,3676
Python,https://github.com/hyperspy/hyperspy,2020-04-16,11645.0,rank-other,3678
Python,https://github.com/hyperspy/hyperspy,2020-04-18,11650.0,rank-other,3678
Python,https://github.com/hyperspy/hyperspy,2020-04-19,11653.0,rank-other,3681
Python,https://github.com/hyperspy/hyperspy,2020-04-20,11678.0,rank-other,3696
Python,https://github.com/hyperspy/hyperspy,2020-04-21,11694.0,rank-other,3707
Python,https://github.com/hyperspy/hyperspy,2020-04-22,11699.0,rank-other,3709
Python,https://github.com/hyperspy/hyperspy,2020-04-23,11703.0,rank-other,3710
Python,https://github.com/hyperspy/hyperspy,2020-04-24,11734.0,rank-other,3735
Python,https://github.com/hyperspy/hyperspy,2020-04-25,11736.0,rank-other,3736
Python,https://github.com/hyperspy/hyperspy,2020-04-26,11745.0,rank-other,3743
Python,https://github.com/hyperspy/hyperspy,2020-04-27,11757.0,rank-other,3754
Python,https://github.com/hyperspy/hyperspy,2020-04-28,11766.0,rank-other,3763
Python,https://github.com/hyperspy/hyperspy,2020-04-29,11772.0,rank-other,3769
Python,https://github.com/hyperspy/hyperspy,2020-04-30,11783.0,rank-other,3779
Python,https://github.com/hyperspy/hyperspy,2020-05-01,11786.0,rank-other,3782
Python,https://github.com/hyperspy/hyperspy,2020-05-02,11787.0,rank-other,3783
Python,https://github.com/hyperspy/hyperspy,2020-05-04,11788.0,rank-other,3784
Python,https://github.com/hyperspy/hyperspy,2020-05-05,11799.0,rank-other,3792
Python,https://github.com/hyperspy/hyperspy,2020-05-06,11814.0,rank-other,3802
Python,https://github.com/hyperspy/hyperspy,2020-05-07,11816.0,rank-other,3804
Python,https://github.com/hyperspy/hyperspy,2020-05-08,11823.0,rank-other,3808
Python,https://github.com/hyperspy/hyperspy,2020-05-09,11825.0,rank-other,3809
Python,https://github.com/hyperspy/hyperspy,2020-05-11,11828.0,rank-other,3810
Python,https://github.com/hyperspy/hyperspy,2020-05-12,11841.0,rank-other,3822
Python,https://github.com/hyperspy/hyperspy,2020-05-13,11846.0,rank-other,3825
Python,https://github.com/hyperspy/hyperspy,2020-05-14,11856.0,rank-other,3825
Python,https://github.com/hyperspy/hyperspy,2020-05-15,11866.0,rank-other,3832
Python,https://github.com/hyperspy/hyperspy,2020-05-16,11872.0,rank-other,3834
Python,https://github.com/hyperspy/hyperspy,2020-05-17,11881.0,rank-other,3840
Python,https://github.com/hyperspy/hyperspy,2020-05-18,11891.0,rank-other,3848
Python,https://github.com/hyperspy/hyperspy,2020-05-19,11898.0,rank-other,3852
Python,https://github.com/hyperspy/hyperspy,2020-05-20,11900.0,rank-other,3852
Python,https://github.com/hyperspy/hyperspy,2020-05-21,11901.0,rank-other,3853
Python,https://github.com/hyperspy/hyperspy,2020-05-22,11902.0,rank-other,3854
Python,https://github.com/hyperspy/hyperspy,2020-05-24,11911.0,rank-other,3863
Python,https://github.com/hyperspy/hyperspy,2020-05-25,11921.0,rank-other,3873
Python,https://github.com/hyperspy/hyperspy,2020-05-26,11928.0,rank-other,3875
Python,https://github.com/hyperspy/hyperspy,2020-05-27,11939.0,rank-other,3884
Python,https://github.com/hyperspy/hyperspy,2020-05-28,11952.0,rank-other,3896
Python,https://github.com/hyperspy/hyperspy,2020-05-29,11960.0,rank-other,3904
Python,https://github.com/hyperspy/hyperspy,2020-05-30,11961.0,rank-other,3905
Python,https://github.com/hyperspy/hyperspy,2020-05-31,11975.0,rank-other,3918
Python,https://github.com/hyperspy/hyperspy,2020-06-01,11978.0,rank-other,3921
Python,https://github.com/hyperspy/hyperspy,2020-06-02,11984.0,rank-other,3927
Python,https://github.com/hyperspy/hyperspy,2020-06-03,11987.0,rank-other,3930
Python,https://github.com/hyperspy/hyperspy,2020-06-04,11990.0,rank-other,3933
Python,https://github.com/hyperspy/hyperspy,2020-06-05,12002.0,rank-other,3945
Python,https://github.com/hyperspy/hyperspy,2020-06-06,12007.0,rank-other,3948
Python,https://github.com/hyperspy/hyperspy,2020-06-07,12013.0,rank-other,3954
Python,https://github.com/hyperspy/hyperspy,2020-06-08,12025.0,rank-other,3958
Python,https://github.com/hyperspy/hyperspy,2020-06-09,12031.0,rank-other,3961
Python,https://github.com/hyperspy/hyperspy,2020-06-10,12037.0,rank-other,3965
Python,https://github.com/hyperspy/hyperspy,2020-06-11,12045.0,rank-other,3971
Python,https://github.com/hyperspy/hyperspy,2020-06-12,12049.0,rank-other,3973
Python,https://github.com/hyperspy/hyperspy,2020-06-13,12052.0,rank-other,3976
Python,https://github.com/hyperspy/hyperspy,2020-06-14,12054.0,rank-other,3978
Python,https://github.com/hyperspy/hyperspy,2020-06-15,12057.0,rank-other,3980
Python,https://github.com/hyperspy/hyperspy,2020-06-16,12060.0,rank-other,3982
Python,https://github.com/hyperspy/hyperspy,2020-06-17,12062.0,rank-other,3984
Python,https://github.com/hyperspy/hyperspy,2020-06-18,12067.0,rank-other,3987
Python,https://github.com/hyperspy/hyperspy,2020-06-19,12074.0,rank-other,3993
Python,https://github.com/hyperspy/hyperspy,2020-06-20,12075.0,rank-other,3994
Python,https://github.com/hyperspy/hyperspy,2020-06-22,12083.0,rank-other,3996
Python,https://github.com/hyperspy/hyperspy,2020-06-23,12090.0,rank-other,4002
Python,https://github.com/hyperspy/hyperspy,2020-06-24,12092.0,rank-other,4004
Python,https://github.com/hyperspy/hyperspy,2020-06-25,12101.0,rank-other,4013
Python,https://github.com/hyperspy/hyperspy,2020-06-26,12102.0,rank-other,4014
Python,https://github.com/hyperspy/hyperspy,2020-06-29,12108.0,rank-other,4020
Python,https://github.com/hyperspy/hyperspy,2020-06-30,12109.0,rank-other,4020
Python,https://github.com/hyperspy/hyperspy,2020-07-01,12117.0,rank-other,4020
Python,https://github.com/hyperspy/hyperspy,2020-07-02,12120.0,rank-other,4022
Python,https://github.com/hyperspy/hyperspy,2020-07-05,12127.0,rank-other,4022
Python,https://github.com/hyperspy/hyperspy,2020-07-06,12131.0,rank-other,4023
Python,https://github.com/hyperspy/hyperspy,2020-07-07,12132.0,rank-other,4023
Python,https://github.com/hyperspy/hyperspy,2020-07-10,12145.0,rank-other,4032
Python,https://github.com/hyperspy/hyperspy,2020-07-11,12148.0,rank-other,4035
Python,https://github.com/hyperspy/hyperspy,2020-07-13,12152.0,rank-other,4039
Python,https://github.com/hyperspy/hyperspy,2020-07-15,12155.0,rank-other,4039
Python,https://github.com/hyperspy/hyperspy,2020-07-16,12156.0,rank-other,4039
Python,https://github.com/hyperspy/hyperspy,2020-07-17,12157.0,rank-other,4040
Python,https://github.com/hyperspy/hyperspy,2020-07-18,12165.0,rank-other,4044
Python,https://github.com/hyperspy/hyperspy,2020-07-19,12167.0,rank-other,4044
Python,https://github.com/hyperspy/hyperspy,2020-07-21,12180.0,rank-other,4053
Python,https://github.com/hyperspy/hyperspy,2020-07-22,12186.0,rank-other,4059
Python,https://github.com/hyperspy/hyperspy,2020-07-23,12192.0,rank-other,4064
Python,https://github.com/hyperspy/hyperspy,2020-07-24,12193.0,rank-other,4065
Python,https://github.com/hyperspy/hyperspy,2020-07-25,12196.0,rank-other,4066
Python,https://github.com/hyperspy/hyperspy,2020-07-26,12197.0,rank-other,4067
Python,https://github.com/hyperspy/hyperspy,2020-07-27,12213.0,rank-other,4079
Python,https://github.com/hyperspy/hyperspy,2020-07-28,12229.0,rank-other,4091
Python,https://github.com/hyperspy/hyperspy,2020-07-29,12237.0,rank-other,4095
Python,https://github.com/hyperspy/hyperspy,2020-07-30,12266.0,rank-other,4123
Python,https://github.com/hyperspy/hyperspy,2020-07-31,12292.0,rank-other,4145
Python,https://github.com/hyperspy/hyperspy,2020-08-01,12298.0,rank-other,4145
Python,https://github.com/hyperspy/hyperspy,2020-08-02,12309.0,rank-other,4149
Python,https://github.com/hyperspy/hyperspy,2020-08-03,12345.0,rank-other,4170
Python,https://github.com/hyperspy/hyperspy,2020-08-04,12400.0,rank-other,4215
Python,https://github.com/hyperspy/hyperspy,2020-08-05,12427.0,rank-other,4227
Python,https://github.com/hyperspy/hyperspy,2020-08-06,12444.0,rank-other,4234
Python,https://github.com/hyperspy/hyperspy,2020-08-10,12447.0,rank-other,4237
Python,https://github.com/hyperspy/hyperspy,2020-08-11,12448.0,rank-other,4238
Python,https://github.com/hyperspy/hyperspy,2020-08-13,12451.0,rank-other,4241
Python,https://github.com/hyperspy/hyperspy,2020-08-14,12452.0,rank-other,4241
Python,https://github.com/hyperspy/hyperspy,2020-08-15,12455.0,rank-other,4241
Python,https://github.com/hyperspy/hyperspy,2020-08-16,12459.0,rank-other,4242
Python,https://github.com/hyperspy/hyperspy,2020-08-18,12461.0,rank-other,4244
Python,https://github.com/hyperspy/hyperspy,2020-08-19,12465.0,rank-other,4248
Python,https://github.com/hyperspy/hyperspy,2020-08-21,12472.0,rank-other,4252
Python,https://github.com/hyperspy/hyperspy,2020-08-22,12476.0,rank-other,4254
Python,https://github.com/hyperspy/hyperspy,2020-08-23,12481.0,rank-other,4255
Python,https://github.com/hyperspy/hyperspy,2020-08-24,12495.0,rank-other,4264
Python,https://github.com/hyperspy/hyperspy,2020-08-25,12510.0,rank-other,4275
Python,https://github.com/hyperspy/hyperspy,2020-08-26,12525.0,rank-other,4287
Python,https://github.com/hyperspy/hyperspy,2020-08-27,12528.0,rank-other,4290
Python,https://github.com/hyperspy/hyperspy,2020-08-29,12531.0,rank-other,4290
Python,https://github.com/hyperspy/hyperspy,2020-08-30,12542.0,rank-other,4294
Python,https://github.com/hyperspy/hyperspy,2020-08-31,12562.0,rank-other,4309
Python,https://github.com/hyperspy/hyperspy,2020-09-01,12581.0,rank-other,4318
Python,https://github.com/hyperspy/hyperspy,2020-09-02,12599.0,rank-other,4333
Python,https://github.com/hyperspy/hyperspy,2020-09-03,12604.0,rank-other,4335
Python,https://github.com/hyperspy/hyperspy,2020-09-04,12607.0,rank-other,4337
Python,https://github.com/hyperspy/hyperspy,2020-09-07,12610.0,rank-other,4338
Python,https://github.com/hyperspy/hyperspy,2020-09-08,12636.0,rank-other,4353
Python,https://github.com/hyperspy/hyperspy,2020-09-09,12650.0,rank-other,4359
Python,https://github.com/hyperspy/hyperspy,2020-09-10,12660.0,rank-other,4363
Python,https://github.com/hyperspy/hyperspy,2020-09-11,12667.0,rank-other,4367
Python,https://github.com/hyperspy/hyperspy,2020-09-12,12669.0,rank-other,4369
Python,https://github.com/hyperspy/hyperspy,2020-09-13,12671.0,rank-other,4371
Python,https://github.com/hyperspy/hyperspy,2020-09-19,12674.0,rank-other,4371
Python,https://github.com/hyperspy/hyperspy,2020-09-20,12680.0,rank-other,4374
Python,https://github.com/hyperspy/hyperspy,2020-09-22,12682.0,rank-other,4376
Python,https://github.com/hyperspy/hyperspy,2020-09-23,12683.0,rank-other,4376
Python,https://github.com/hyperspy/hyperspy,2020-09-24,12687.0,rank-other,4377
Python,https://github.com/hyperspy/hyperspy,2020-09-26,12688.0,rank-other,4377
Python,https://github.com/hyperspy/hyperspy,2020-09-27,12690.0,rank-other,4379
Python,https://github.com/hyperspy/hyperspy,2020-09-28,12691.0,rank-other,4380
Python,https://github.com/hyperspy/hyperspy,2020-09-30,12693.0,rank-other,4381
Python,https://github.com/hyperspy/hyperspy,2020-10-01,12695.0,rank-other,4382
Python,https://github.com/hyperspy/hyperspy,2020-10-02,12696.0,rank-other,4383
Python,https://github.com/hyperspy/hyperspy,2020-10-04,12699.0,rank-other,4386
Python,https://github.com/hyperspy/hyperspy,2020-10-14,12703.0,rank-other,4389
Python,https://github.com/hyperspy/hyperspy,2020-10-15,12705.0,rank-other,4391
Python,https://github.com/hyperspy/hyperspy,2020-10-16,12710.0,rank-other,4391
Python,https://github.com/hyperspy/hyperspy,2020-10-17,12713.0,rank-other,4391
Python,https://github.com/hyperspy/hyperspy,2020-10-18,12718.0,rank-other,4391
Python,https://github.com/hyperspy/hyperspy,2020-10-19,12722.0,rank-other,4394
Python,https://github.com/hyperspy/hyperspy,2020-10-23,12723.0,rank-other,4394
Python,https://github.com/hyperspy/hyperspy,2020-10-24,12724.0,rank-other,4395
Python,https://github.com/hyperspy/hyperspy,2020-10-25,12728.0,rank-other,4397
Python,https://github.com/hyperspy/hyperspy,2020-10-26,12730.0,rank-other,4398
Python,https://github.com/hyperspy/hyperspy,2020-10-27,12732.0,rank-other,4400
Python,https://github.com/hyperspy/hyperspy,2020-10-29,12735.0,rank-other,4403
Python,https://github.com/hyperspy/hyperspy,2020-10-30,12738.0,rank-other,4405
Python,https://github.com/hyperspy/hyperspy,2020-10-31,12746.0,rank-other,4406
Python,https://github.com/hyperspy/hyperspy,2020-11-01,12748.0,rank-other,4408
Python,https://github.com/hyperspy/hyperspy,2020-11-02,12752.0,rank-other,4411
Python,https://github.com/hyperspy/hyperspy,2020-11-03,12758.0,rank-other,4416
Python,https://github.com/hyperspy/hyperspy,2020-11-04,12761.0,rank-other,4419
Python,https://github.com/hyperspy/hyperspy,2020-11-05,12771.0,rank-other,4428
Python,https://github.com/hyperspy/hyperspy,2020-11-06,12774.0,rank-other,4430
Python,https://github.com/hyperspy/hyperspy,2020-11-07,12780.0,rank-other,4431
Python,https://github.com/hyperspy/hyperspy,2020-11-08,12787.0,rank-other,4432
Python,https://github.com/hyperspy/hyperspy,2020-11-09,12791.0,rank-other,4433
Python,https://github.com/hyperspy/hyperspy,2020-11-11,12794.0,rank-other,4435
Python,https://github.com/hyperspy/hyperspy,2020-11-12,12796.0,rank-other,4436
Python,https://github.com/hyperspy/hyperspy,2020-11-13,12800.0,rank-other,4437
Python,https://github.com/hyperspy/hyperspy,2020-11-14,12802.0,rank-other,4437
Python,https://github.com/hyperspy/hyperspy,2020-11-16,12807.0,rank-other,4442
Python,https://github.com/hyperspy/hyperspy,2020-11-19,12808.0,rank-other,4443
Python,https://github.com/hyperspy/hyperspy,2020-11-20,12817.0,rank-other,4447
Python,https://github.com/hyperspy/hyperspy,2020-11-22,12818.0,rank-other,4447
Python,https://github.com/hyperspy/hyperspy,2020-11-23,12820.0,rank-other,4449
Python,https://github.com/hyperspy/hyperspy,2020-11-24,12829.0,rank-other,4450
Python,https://github.com/hyperspy/hyperspy,2020-11-25,12836.0,rank-other,4451
Python,https://github.com/hyperspy/hyperspy,2020-11-26,12838.0,rank-other,4451
Python,https://github.com/hyperspy/hyperspy,2020-11-27,12841.0,rank-other,4452
Python,https://github.com/hyperspy/hyperspy,2020-11-28,12861.0,rank-other,4452
Python,https://github.com/hyperspy/hyperspy,2020-11-29,12862.0,rank-other,4452
Python,https://github.com/hyperspy/hyperspy,2020-11-30,12870.0,rank-other,4452
Python,https://github.com/hyperspy/hyperspy,2020-12-01,12877.0,rank-other,4454
Python,https://github.com/hyperspy/hyperspy,2020-12-02,12879.0,rank-other,4455
Python,https://github.com/hyperspy/hyperspy,2020-12-03,12884.0,rank-other,4457
Python,https://github.com/hyperspy/hyperspy,2020-12-04,12885.0,rank-other,4458
Python,https://github.com/hyperspy/hyperspy,2020-12-06,12888.0,rank-other,4458
Python,https://github.com/hyperspy/hyperspy,2020-12-14,12889.0,rank-other,4459
Python,https://github.com/hyperspy/hyperspy,2020-12-15,12894.0,rank-other,4461
Python,https://github.com/hyperspy/hyperspy,2020-12-16,12897.0,rank-other,4464
Python,https://github.com/hyperspy/hyperspy,2020-12-17,12904.0,rank-other,4470
Python,https://github.com/hyperspy/hyperspy,2020-12-18,12906.0,rank-other,4472
Python,https://github.com/hyperspy/hyperspy,2020-12-19,12907.0,rank-other,4472
Python,https://github.com/hyperspy/hyperspy,2020-12-21,12912.0,rank-other,4473
Python,https://github.com/hyperspy/hyperspy,2020-12-22,12913.0,rank-other,4473
Python,https://github.com/hyperspy/hyperspy,2020-12-23,12918.0,rank-other,4473
Python,https://github.com/hyperspy/hyperspy,2020-12-24,12921.0,rank-other,4473
Python,https://github.com/hyperspy/hyperspy,2020-12-26,12924.0,rank-other,4473
Python,https://github.com/hyperspy/hyperspy,2020-12-27,12933.0,rank-other,4474
Python,https://github.com/hyperspy/hyperspy,2020-12-28,12938.0,rank-other,4475
Python,https://github.com/hyperspy/hyperspy,2020-12-30,12939.0,rank-other,4475
Python,https://github.com/hyperspy/hyperspy,2020-12-31,12940.0,rank-other,4476
Python,https://github.com/hyperspy/hyperspy,2021-01-03,12941.0,rank-other,4476
Python,https://github.com/hyperspy/hyperspy,2021-01-04,12944.0,rank-other,4476
Python,https://github.com/hyperspy/hyperspy,2021-01-05,12947.0,rank-other,4476
Python,https://github.com/hyperspy/hyperspy,2021-01-06,12950.0,rank-other,4476
Python,https://github.com/hyperspy/hyperspy,2021-01-09,12952.0,rank-other,4478
Python,https://github.com/hyperspy/hyperspy,2021-01-11,12953.0,rank-other,4478
Python,https://github.com/hyperspy/hyperspy,2021-01-12,12955.0,rank-other,4479
Python,https://github.com/hyperspy/hyperspy,2021-01-13,12956.0,rank-other,4480
Python,https://github.com/hyperspy/hyperspy,2021-01-14,12964.0,rank-other,4486
Python,https://github.com/hyperspy/hyperspy,2021-01-15,12974.0,rank-other,4490
Python,https://github.com/hyperspy/hyperspy,2021-01-16,12975.0,rank-other,4491
Python,https://github.com/hyperspy/hyperspy,2021-01-17,12977.0,rank-other,4491
Python,https://github.com/hyperspy/hyperspy,2021-01-18,12981.0,rank-other,4491
Python,https://github.com/hyperspy/hyperspy,2021-01-19,12986.0,rank-other,4491
Python,https://github.com/hyperspy/hyperspy,2021-01-20,12987.0,rank-other,4491
Python,https://github.com/hyperspy/hyperspy,2021-01-21,12988.0,rank-other,4492
Python,https://github.com/hyperspy/hyperspy,2021-01-22,12990.0,rank-other,4494
Python,https://github.com/hyperspy/hyperspy,2021-01-24,12998.0,rank-other,4498
Python,https://github.com/hyperspy/hyperspy,2021-01-25,12999.0,rank-other,4498
Python,https://github.com/hyperspy/hyperspy,2021-01-26,13004.0,rank-other,4502
Python,https://github.com/hyperspy/hyperspy,2021-01-27,13010.0,rank-other,4503
Python,https://github.com/hyperspy/hyperspy,2021-01-28,13013.0,rank-other,4503
Python,https://github.com/hyperspy/hyperspy,2021-01-29,13029.0,rank-other,4516
Python,https://github.com/hyperspy/hyperspy,2021-01-30,13041.0,rank-other,4523
Python,https://github.com/hyperspy/hyperspy,2021-01-31,13061.0,rank-other,4534
Python,https://github.com/hyperspy/hyperspy,2021-02-01,13071.0,rank-other,4539
Python,https://github.com/hyperspy/hyperspy,2021-02-02,13084.0,rank-other,4542
Python,https://github.com/hyperspy/hyperspy,2021-02-03,13087.0,rank-other,4544
Python,https://github.com/hyperspy/hyperspy,2021-02-04,13089.0,rank-other,4544
Python,https://github.com/hyperspy/hyperspy,2021-02-05,13092.0,rank-other,4544
Python,https://github.com/hyperspy/hyperspy,2021-02-09,13098.0,rank-other,4544
Python,https://github.com/hyperspy/hyperspy,2021-02-10,13100.0,rank-other,4544
Python,https://github.com/hyperspy/hyperspy,2021-02-11,13104.0,rank-other,4544
Python,https://github.com/hyperspy/hyperspy,2021-02-12,13105.0,rank-other,4544
Python,https://github.com/hyperspy/hyperspy,2021-02-13,13112.0,rank-other,4545
Python,https://github.com/hyperspy/hyperspy,2021-02-14,13119.0,rank-other,4547
Python,https://github.com/hyperspy/hyperspy,2021-02-15,13120.0,rank-other,4547
Python,https://github.com/hyperspy/hyperspy,2021-02-16,13128.0,rank-other,4550
Python,https://github.com/hyperspy/hyperspy,2021-02-17,13132.0,rank-other,4553
Python,https://github.com/hyperspy/hyperspy,2021-02-21,13133.0,rank-other,4554
Python,https://github.com/hyperspy/hyperspy,2021-02-25,13136.0,rank-other,4557
Python,https://github.com/hyperspy/hyperspy,2021-02-27,13144.0,rank-other,4558
Python,https://github.com/hyperspy/hyperspy,2021-02-28,13145.0,rank-other,4559
Python,https://github.com/hyperspy/hyperspy,2021-03-01,13150.0,rank-other,4563
Python,https://github.com/hyperspy/hyperspy,2021-03-02,13155.0,rank-other,4566
Python,https://github.com/hyperspy/hyperspy,2021-03-03,13164.0,rank-other,4575
Python,https://github.com/hyperspy/hyperspy,2021-03-04,13172.0,rank-other,4575
Python,https://github.com/hyperspy/hyperspy,2021-03-05,13175.0,rank-other,4575
Python,https://github.com/hyperspy/hyperspy,2021-03-06,13178.0,rank-other,4575
Python,https://github.com/hyperspy/hyperspy,2021-03-07,13190.0,rank-other,4575
Python,https://github.com/hyperspy/hyperspy,2021-03-08,13198.0,rank-other,4576
Python,https://github.com/hyperspy/hyperspy,2021-03-09,13225.0,rank-other,4586
Python,https://github.com/hyperspy/hyperspy,2021-03-10,13233.0,rank-other,4591
Python,https://github.com/hyperspy/hyperspy,2021-03-11,13237.0,rank-other,4594
Python,https://github.com/hyperspy/hyperspy,2021-03-12,13243.0,rank-other,4594
Python,https://github.com/hyperspy/hyperspy,2021-03-13,13252.0,rank-other,4595
Python,https://github.com/hyperspy/hyperspy,2021-03-14,13255.0,rank-other,4596
Python,https://github.com/hyperspy/hyperspy,2021-03-15,13264.0,rank-other,4605
Python,https://github.com/hyperspy/hyperspy,2021-03-16,13281.0,rank-other,4617
Python,https://github.com/hyperspy/hyperspy,2021-03-17,13295.0,rank-other,4625
Python,https://github.com/hyperspy/hyperspy,2021-03-18,13303.0,rank-other,4628
Python,https://github.com/hyperspy/hyperspy,2021-03-20,13307.0,rank-other,4628
Python,https://github.com/hyperspy/hyperspy,2021-03-22,13321.0,rank-other,4637
Python,https://github.com/hyperspy/hyperspy,2021-03-23,13322.0,rank-other,4638
Python,https://github.com/hyperspy/hyperspy,2021-03-24,13326.0,rank-other,4641
Python,https://github.com/hyperspy/hyperspy,2021-03-25,13328.0,rank-other,4642
Python,https://github.com/hyperspy/hyperspy,2021-03-26,13333.0,rank-other,4647
Python,https://github.com/hyperspy/hyperspy,2021-03-27,13337.0,rank-other,4649
Python,https://github.com/hyperspy/hyperspy,2021-03-28,13346.0,rank-other,4652
Python,https://github.com/hyperspy/hyperspy,2021-03-29,13351.0,rank-other,4654
Python,https://github.com/hyperspy/hyperspy,2021-03-30,13352.0,rank-other,4654
Python,https://github.com/hyperspy/hyperspy,2021-03-31,13354.0,rank-other,4654
Python,https://github.com/hyperspy/hyperspy,2021-04-01,13363.0,rank-other,4659
Python,https://github.com/hyperspy/hyperspy,2021-04-02,13365.0,rank-other,4660
Python,https://github.com/hyperspy/hyperspy,2021-04-05,13368.0,rank-other,4663
Python,https://github.com/hyperspy/hyperspy,2021-04-06,13370.0,rank-other,4665
Python,https://github.com/hyperspy/hyperspy,2021-04-07,13381.0,rank-other,4666
Python,https://github.com/hyperspy/hyperspy,2021-04-08,13388.0,rank-other,4667
Python,https://github.com/hyperspy/hyperspy,2021-04-09,13406.0,rank-other,4671
Python,https://github.com/hyperspy/hyperspy,2021-04-11,13411.0,rank-other,4671
Python,https://github.com/hyperspy/hyperspy,2021-04-12,13417.0,rank-other,4672
Python,https://github.com/hyperspy/hyperspy,2021-04-13,13426.0,rank-other,4672
Python,https://github.com/hyperspy/hyperspy,2021-04-14,13429.0,rank-other,4672
Python,https://github.com/hyperspy/hyperspy,2021-04-15,13433.0,rank-other,4673
Python,https://github.com/hyperspy/hyperspy,2021-04-20,13437.0,rank-other,4673
Python,https://github.com/hyperspy/hyperspy,2021-04-21,13445.0,rank-other,4673
Python,https://github.com/hyperspy/hyperspy,2021-04-23,13446.0,rank-other,4673
Python,https://github.com/hyperspy/hyperspy,2021-04-24,13448.0,rank-other,4675
Python,https://github.com/hyperspy/hyperspy,2021-04-26,13451.0,rank-other,4675
Python,https://github.com/hyperspy/hyperspy,2021-04-27,13465.0,rank-other,4686
Python,https://github.com/hyperspy/hyperspy,2021-04-28,13467.0,rank-other,4688
Python,https://github.com/hyperspy/hyperspy,2021-04-29,13471.0,rank-other,4692
Python,https://github.com/hyperspy/hyperspy,2021-04-30,13474.0,rank-other,4695
Python,https://github.com/hyperspy/hyperspy,2021-05-02,13480.0,rank-other,4701
Python,https://github.com/hyperspy/hyperspy,2021-05-03,13488.0,rank-other,4709
Python,https://github.com/hyperspy/hyperspy,2021-05-04,13494.0,rank-other,4712
Python,https://github.com/hyperspy/hyperspy,2021-05-05,13504.0,rank-other,4722
Python,https://github.com/hyperspy/hyperspy,2021-05-06,13508.0,rank-other,4725
Python,https://github.com/hyperspy/hyperspy,2021-05-07,13511.0,rank-other,4726
Python,https://github.com/hyperspy/hyperspy,2021-05-09,13514.0,rank-other,4728
Python,https://github.com/hyperspy/hyperspy,2021-05-10,13517.0,rank-other,4729
Python,https://github.com/hyperspy/hyperspy,2021-05-11,13521.0,rank-other,4732
Python,https://github.com/hyperspy/hyperspy,2021-05-12,13522.0,rank-other,4733
Python,https://github.com/hyperspy/hyperspy,2021-05-16,13529.0,rank-other,4737
Python,https://github.com/hyperspy/hyperspy,2021-05-17,13531.0,rank-other,4737
Python,https://github.com/hyperspy/hyperspy,2021-05-18,13536.0,rank-other,4739
Python,https://github.com/hyperspy/hyperspy,2021-05-19,13548.0,rank-other,4742
Python,https://github.com/hyperspy/hyperspy,2021-05-20,13557.0,rank-other,4742
Python,https://github.com/hyperspy/hyperspy,2021-05-21,13558.0,rank-other,4742
Python,https://github.com/hyperspy/hyperspy,2021-05-24,13559.0,rank-other,4743
Python,https://github.com/hyperspy/hyperspy,2021-05-25,13566.0,rank-other,4750
Python,https://github.com/hyperspy/hyperspy,2021-05-26,13569.0,rank-other,4751
Python,https://github.com/hyperspy/hyperspy,2021-05-27,13576.0,rank-other,4758
Python,https://github.com/hyperspy/hyperspy,2021-05-28,13577.0,rank-other,4758
Python,https://github.com/hyperspy/hyperspy,2021-05-31,13579.0,rank-other,4758
Python,https://github.com/hyperspy/hyperspy,2021-06-01,13588.0,rank-other,4759
Python,https://github.com/hyperspy/hyperspy,2021-06-02,13597.0,rank-other,4760
Python,https://github.com/hyperspy/hyperspy,2021-06-03,13621.0,rank-other,4773
Python,https://github.com/hyperspy/hyperspy,2021-06-04,13623.0,rank-other,4773
Python,https://github.com/hyperspy/hyperspy,2021-06-05,13624.0,rank-other,4773
Python,https://github.com/hyperspy/hyperspy,2021-06-06,13631.0,rank-other,4774
Python,https://github.com/hyperspy/hyperspy,2021-06-07,13633.0,rank-other,4774
Python,https://github.com/hyperspy/hyperspy,2021-06-08,13637.0,rank-other,4778
Python,https://github.com/hyperspy/hyperspy,2021-06-10,13648.0,rank-other,4782
Python,https://github.com/hyperspy/hyperspy,2021-06-11,13651.0,rank-other,4783
Python,https://github.com/hyperspy/hyperspy,2021-06-14,13653.0,rank-other,4785
Python,https://github.com/hyperspy/hyperspy,2021-06-15,13654.0,rank-other,4786
Python,https://github.com/hyperspy/hyperspy,2021-06-17,13656.0,rank-other,4786
Python,https://github.com/hyperspy/hyperspy,2021-06-18,13659.0,rank-other,4789
Python,https://github.com/hyperspy/hyperspy,2021-06-19,13660.0,rank-other,4790
Python,https://github.com/hyperspy/hyperspy,2021-06-22,13661.0,rank-other,4791
Python,https://github.com/hyperspy/hyperspy,2021-06-23,13663.0,rank-other,4793
Python,https://github.com/hyperspy/hyperspy,2021-06-24,13672.0,rank-other,4798
Python,https://github.com/hyperspy/hyperspy,2021-06-25,13677.0,rank-other,4803
Python,https://github.com/hyperspy/hyperspy,2021-06-26,13678.0,rank-other,4804
Python,https://github.com/hyperspy/hyperspy,2021-06-27,13679.0,rank-other,4804
Python,https://github.com/hyperspy/hyperspy,2021-06-28,13684.0,rank-other,4809
Python,https://github.com/hyperspy/hyperspy,2021-06-29,13689.0,rank-other,4811
Python,https://github.com/hyperspy/hyperspy,2021-06-30,13694.0,rank-other,4813
Python,https://github.com/hyperspy/hyperspy,2021-07-01,13699.0,rank-other,4815
Python,https://github.com/hyperspy/hyperspy,2021-07-05,13702.0,rank-other,4816
Python,https://github.com/hyperspy/hyperspy,2021-07-06,13707.0,rank-other,4820
Python,https://github.com/hyperspy/hyperspy,2021-07-07,13712.0,rank-other,4820
Python,https://github.com/hyperspy/hyperspy,2021-07-08,13728.0,rank-other,4822
Python,https://github.com/hyperspy/hyperspy,2021-07-09,13729.0,rank-other,4823
Python,https://github.com/hyperspy/hyperspy,2021-07-12,13733.0,rank-other,4823
Python,https://github.com/hyperspy/hyperspy,2021-07-26,13734.0,rank-other,4823
Python,https://github.com/hyperspy/hyperspy,2021-07-27,13741.0,rank-other,4828
Python,https://github.com/hyperspy/hyperspy,2021-07-28,13746.0,rank-other,4828
Python,https://github.com/hyperspy/hyperspy,2021-08-04,13747.0,rank-other,4828
Python,https://github.com/hyperspy/hyperspy,2021-08-05,13749.0,rank-other,4830
Python,https://github.com/hyperspy/hyperspy,2021-08-06,13755.0,rank-other,4835
Python,https://github.com/hyperspy/hyperspy,2021-08-09,13756.0,rank-other,4836
Python,https://github.com/hyperspy/hyperspy,2021-08-15,13759.0,rank-other,4836
Python,https://github.com/hyperspy/hyperspy,2021-08-19,13761.0,rank-other,4838
Python,https://github.com/hyperspy/hyperspy,2021-08-20,13762.0,rank-other,4838
Python,https://github.com/hyperspy/hyperspy,2021-08-22,13764.0,rank-other,4840
Python,https://github.com/hyperspy/hyperspy,2021-08-23,13767.0,rank-other,4840
Python,https://github.com/hyperspy/hyperspy,2021-08-24,13770.0,rank-other,4840
Python,https://github.com/hyperspy/hyperspy,2021-08-25,13776.0,rank-other,4843
Python,https://github.com/hyperspy/hyperspy,2021-08-26,13777.0,rank-other,4843
Python,https://github.com/hyperspy/hyperspy,2021-08-27,13778.0,rank-other,4843
Python,https://github.com/hyperspy/hyperspy,2021-08-31,13779.0,rank-other,4844
Python,https://github.com/hyperspy/hyperspy,2021-09-01,13781.0,rank-other,4845
Python,https://github.com/hyperspy/hyperspy,2021-09-03,13785.0,rank-other,4849
Python,https://github.com/hyperspy/hyperspy,2021-09-04,13789.0,rank-other,4849
Python,https://github.com/hyperspy/hyperspy,2021-09-05,13795.0,rank-other,4853
Python,https://github.com/hyperspy/hyperspy,2021-09-08,13800.0,rank-other,4855
Python,https://github.com/hyperspy/hyperspy,2021-09-09,13808.0,rank-other,4855
Python,https://github.com/hyperspy/hyperspy,2021-09-16,13817.0,rank-other,4864
Python,https://github.com/hyperspy/hyperspy,2021-09-20,13818.0,rank-other,4865
Python,https://github.com/hyperspy/hyperspy,2021-09-22,13821.0,rank-other,4867
Python,https://github.com/hyperspy/hyperspy,2021-09-27,13826.0,rank-other,4872
Python,https://github.com/hyperspy/hyperspy,2021-09-30,13827.0,rank-other,4873
Python,https://github.com/hyperspy/hyperspy,2021-10-04,13835.0,rank-other,4874
Python,https://github.com/hyperspy/hyperspy,2021-10-05,13845.0,rank-other,4884
Python,https://github.com/hyperspy/hyperspy,2021-10-06,13851.0,rank-other,4885
Python,https://github.com/hyperspy/hyperspy,2021-10-07,13865.0,rank-other,4895
Python,https://github.com/hyperspy/hyperspy,2021-10-08,13866.0,rank-other,4896
Python,https://github.com/hyperspy/hyperspy,2021-10-10,13869.0,rank-other,4898
Python,https://github.com/hyperspy/hyperspy,2021-10-11,13871.0,rank-other,4899
Python,https://github.com/hyperspy/hyperspy,2021-10-12,13873.0,rank-other,4901
Python,https://github.com/hyperspy/hyperspy,2021-10-13,13875.0,rank-other,4903
Python,https://github.com/hyperspy/hyperspy,2021-10-14,13877.0,rank-other,4904
Python,https://github.com/hyperspy/hyperspy,2021-10-17,13879.0,rank-other,4905
Python,https://github.com/hyperspy/hyperspy,2021-10-18,13880.0,rank-other,4906
Python,https://github.com/hyperspy/hyperspy,2021-10-19,13883.0,rank-other,4909
Python,https://github.com/hyperspy/hyperspy,2021-10-20,13895.0,rank-other,4911
Python,https://github.com/hyperspy/hyperspy,2021-10-21,13908.0,rank-other,4916
Python,https://github.com/hyperspy/hyperspy,2021-10-22,13912.0,rank-other,4917
Python,https://github.com/hyperspy/hyperspy,2021-10-23,13913.0,rank-other,4918
Python,https://github.com/hyperspy/hyperspy,2021-10-24,13923.0,rank-other,4920
Python,https://github.com/hyperspy/hyperspy,2021-10-25,13929.0,rank-other,4925
Python,https://github.com/hyperspy/hyperspy,2021-10-26,13930.0,rank-other,4925
Python,https://github.com/hyperspy/hyperspy,2021-10-27,13936.0,rank-other,4931
Python,https://github.com/hyperspy/hyperspy,2021-10-28,13942.0,rank-other,4933
Python,https://github.com/hyperspy/hyperspy,2021-10-29,13946.0,rank-other,4934
Python,https://github.com/hyperspy/hyperspy,2021-10-30,13953.0,rank-other,4934
Python,https://github.com/hyperspy/hyperspy,2021-10-31,13959.0,rank-other,4934
Python,https://github.com/hyperspy/hyperspy,2021-11-01,13963.0,rank-other,4934
Python,https://github.com/hyperspy/hyperspy,2021-11-02,13965.0,rank-other,4935
Python,https://github.com/hyperspy/hyperspy,2021-11-03,13968.0,rank-other,4935
Python,https://github.com/hyperspy/hyperspy,2021-11-04,13969.0,rank-other,4935
Python,https://github.com/hyperspy/hyperspy,2021-11-05,13970.0,rank-other,4936
Python,https://github.com/hyperspy/hyperspy,2021-11-07,13974.0,rank-other,4939
Python,https://github.com/hyperspy/hyperspy,2021-11-08,13977.0,rank-other,4939
Python,https://github.com/hyperspy/hyperspy,2021-11-09,13981.0,rank-other,4939
Python,https://github.com/hyperspy/hyperspy,2021-11-10,13986.0,rank-other,4941
Python,https://github.com/hyperspy/hyperspy,2021-11-11,13989.0,rank-other,4943
Python,https://github.com/hyperspy/hyperspy,2021-11-12,13992.0,rank-other,4943
Python,https://github.com/hyperspy/hyperspy,2021-11-14,13993.0,rank-other,4944
Python,https://github.com/hyperspy/hyperspy,2021-11-16,13995.0,rank-other,4945
Python,https://github.com/hyperspy/hyperspy,2021-11-17,13998.0,rank-other,4948
Python,https://github.com/hyperspy/hyperspy,2021-11-21,14003.0,rank-other,4951
Python,https://github.com/hyperspy/hyperspy,2021-11-22,14004.0,rank-other,4951
Python,https://github.com/hyperspy/hyperspy,2021-11-23,14006.0,rank-other,4953
Python,https://github.com/hyperspy/hyperspy,2021-11-24,14008.0,rank-other,4954
Python,https://github.com/hyperspy/hyperspy,2021-11-25,14009.0,rank-other,4954
Python,https://github.com/hyperspy/hyperspy,2021-11-26,14011.0,rank-other,4956
Python,https://github.com/hyperspy/hyperspy,2021-11-28,14020.0,rank-other,4965
Python,https://github.com/hyperspy/hyperspy,2021-12-07,14021.0,rank-other,4965
Python,https://github.com/hyperspy/hyperspy,2021-12-08,14023.0,rank-other,4965
Python,https://github.com/hyperspy/hyperspy,2021-12-09,14024.0,rank-other,4966
Python,https://github.com/hyperspy/hyperspy,2021-12-10,14026.0,rank-other,4968
Python,https://github.com/hyperspy/hyperspy,2021-12-13,14032.0,rank-other,4974
Python,https://github.com/hyperspy/hyperspy,2021-12-14,14033.0,rank-other,4975
Python,https://github.com/hyperspy/hyperspy,2021-12-15,14040.0,rank-other,4979
Python,https://github.com/hyperspy/hyperspy,2021-12-16,14043.0,rank-other,4982
Python,https://github.com/hyperspy/hyperspy,2021-12-17,14046.0,rank-other,4985
Python,https://github.com/hyperspy/hyperspy,2021-12-18,14047.0,rank-other,4985
Python,https://github.com/hyperspy/hyperspy,2021-12-20,14048.0,rank-other,4986
Python,https://github.com/hyperspy/hyperspy,2021-12-21,14051.0,rank-other,4988
Python,https://github.com/hyperspy/hyperspy,2021-12-22,14058.0,rank-other,4995
Python,https://github.com/hyperspy/hyperspy,2021-12-23,14059.0,rank-other,4995
Python,https://github.com/hyperspy/hyperspy,2021-12-24,14061.0,rank-other,4996
Python,https://github.com/hyperspy/hyperspy,2022-01-02,14064.0,rank-other,4996
Python,https://github.com/hyperspy/hyperspy,2022-01-03,14069.0,rank-other,4996
Python,https://github.com/hyperspy/hyperspy,2022-01-04,14072.0,rank-other,4999
Python,https://github.com/hyperspy/hyperspy,2022-01-05,14079.0,rank-other,5005
Python,https://github.com/hyperspy/hyperspy,2022-01-12,14080.0,rank-other,5005
Python,https://github.com/hyperspy/hyperspy,2022-01-15,14081.0,rank-other,5005
Python,https://github.com/hyperspy/hyperspy,2022-01-16,14083.0,rank-other,5005
Python,https://github.com/hyperspy/hyperspy,2022-01-17,14093.0,rank-other,5013
Python,https://github.com/hyperspy/hyperspy,2022-01-18,14100.0,rank-other,5018
Python,https://github.com/hyperspy/hyperspy,2022-01-19,14110.0,rank-other,5026
Python,https://github.com/hyperspy/hyperspy,2022-01-20,14112.0,rank-other,5027
Python,https://github.com/hyperspy/hyperspy,2022-01-21,14113.0,rank-other,5028
Python,https://github.com/hyperspy/hyperspy,2022-01-24,14120.0,rank-other,5030
Python,https://github.com/hyperspy/hyperspy,2022-01-25,14123.0,rank-other,5033
Python,https://github.com/hyperspy/hyperspy,2022-01-26,14127.0,rank-other,5037
Python,https://github.com/hyperspy/hyperspy,2022-01-27,14128.0,rank-other,5038
Python,https://github.com/hyperspy/hyperspy,2022-01-28,14130.0,rank-other,5040
Python,https://github.com/hyperspy/hyperspy,2022-02-07,14132.0,rank-other,5042
Python,https://github.com/hyperspy/hyperspy,2022-02-09,14133.0,rank-other,5043
Python,https://github.com/hyperspy/hyperspy,2022-02-10,14134.0,rank-other,5044
Python,https://github.com/hyperspy/hyperspy,2022-02-16,14146.0,rank-other,5049
Python,https://github.com/hyperspy/hyperspy,2022-02-17,14151.0,rank-other,5053
Python,https://github.com/hyperspy/hyperspy,2022-02-18,14156.0,rank-other,5055
Python,https://github.com/hyperspy/hyperspy,2022-02-21,14161.0,rank-other,5060
Python,https://github.com/hyperspy/hyperspy,2022-02-22,14166.0,rank-other,5064
Python,https://github.com/hyperspy/hyperspy,2022-02-23,14173.0,rank-other,5069
Python,https://github.com/hyperspy/hyperspy,2022-02-24,14176.0,rank-other,5071
Python,https://github.com/hyperspy/hyperspy,2022-02-26,14177.0,rank-other,5072
Python,https://github.com/hyperspy/hyperspy,2022-02-28,14179.0,rank-other,5074
Python,https://github.com/hyperspy/hyperspy,2022-03-01,14183.0,rank-other,5077
Python,https://github.com/hyperspy/hyperspy,2022-03-03,14190.0,rank-other,5084
Python,https://github.com/hyperspy/hyperspy,2022-03-06,14191.0,rank-other,5084
Python,https://github.com/hyperspy/hyperspy,2022-03-08,14195.0,rank-other,5087
Python,https://github.com/hyperspy/hyperspy,2022-03-09,14199.0,rank-other,5091
Python,https://github.com/hyperspy/hyperspy,2022-03-10,14201.0,rank-other,5093
Python,https://github.com/hyperspy/hyperspy,2022-03-12,14204.0,rank-other,5093
Python,https://github.com/hyperspy/hyperspy,2022-03-13,14210.0,rank-other,5095
Python,https://github.com/hyperspy/hyperspy,2022-03-14,14213.0,rank-other,5098
Python,https://github.com/hyperspy/hyperspy,2022-03-15,14217.0,rank-other,5101
Python,https://github.com/hyperspy/hyperspy,2022-03-16,14219.0,rank-other,5102
Python,https://github.com/hyperspy/hyperspy,2022-03-17,14226.0,rank-other,5109
Python,https://github.com/hyperspy/hyperspy,2022-03-18,14227.0,rank-other,5110
Python,https://github.com/hyperspy/hyperspy,2022-03-19,14228.0,rank-other,5110
Python,https://github.com/hyperspy/hyperspy,2022-03-20,14230.0,rank-other,5112
Python,https://github.com/hyperspy/hyperspy,2022-03-22,14235.0,rank-other,5117
Python,https://github.com/hyperspy/hyperspy,2022-03-23,14239.0,rank-other,5121
Python,https://github.com/hyperspy/hyperspy,2022-03-24,14245.0,rank-other,5127
Python,https://github.com/hyperspy/hyperspy,2022-03-25,14260.0,rank-other,5142
Python,https://github.com/hyperspy/hyperspy,2022-03-26,14264.0,rank-other,5142
Python,https://github.com/hyperspy/hyperspy,2022-03-27,14265.0,rank-other,5142
Python,https://github.com/hyperspy/hyperspy,2022-03-28,14266.0,rank-other,5142
Python,https://github.com/hyperspy/hyperspy,2022-03-29,14274.0,rank-other,5148
Python,https://github.com/hyperspy/hyperspy,2022-03-30,14288.0,rank-other,5153
Python,https://github.com/hyperspy/hyperspy,2022-03-31,14293.0,rank-other,5153
Python,https://github.com/hyperspy/hyperspy,2022-04-01,14295.0,rank-other,5155
Python,https://github.com/hyperspy/hyperspy,2022-04-02,14301.0,rank-other,5157
Python,https://github.com/hyperspy/hyperspy,2022-04-03,14308.0,rank-other,5163
Python,https://github.com/hyperspy/hyperspy,2022-04-05,14309.0,rank-other,5163
Python,https://github.com/hyperspy/hyperspy,2022-04-06,14312.0,rank-other,5166
Python,https://github.com/hyperspy/hyperspy,2022-04-07,14321.0,rank-other,5172
Python,https://github.com/hyperspy/hyperspy,2022-04-08,14324.0,rank-other,5174
Python,https://github.com/hyperspy/hyperspy,2022-04-09,14328.0,rank-other,5175
Python,https://github.com/hyperspy/hyperspy,2022-04-10,14330.0,rank-other,5175
Python,https://github.com/hyperspy/hyperspy,2022-04-12,14331.0,rank-other,5175
Python,https://github.com/hyperspy/hyperspy,2022-04-14,14345.0,rank-other,5178
Python,https://github.com/hyperspy/hyperspy,2022-04-15,14353.0,rank-other,5186
Python,https://github.com/hyperspy/hyperspy,2022-04-16,14354.0,rank-other,5187
Python,https://github.com/hyperspy/hyperspy,2022-04-18,14355.0,rank-other,5187
Python,https://github.com/hyperspy/hyperspy,2022-04-19,14358.0,rank-other,5187
Python,https://github.com/hyperspy/hyperspy,2022-04-20,14361.0,rank-other,5187
Python,https://github.com/hyperspy/hyperspy,2022-04-21,14364.0,rank-other,5190
Python,https://github.com/hyperspy/hyperspy,2022-04-24,14365.0,rank-other,5191
Python,https://github.com/hyperspy/hyperspy,2022-04-25,14376.0,rank-other,5191
Python,https://github.com/hyperspy/hyperspy,2022-04-26,14380.0,rank-other,5191
Python,https://github.com/hyperspy/hyperspy,2022-05-03,14385.0,rank-other,5191
Python,https://github.com/hyperspy/hyperspy,2022-05-12,14386.0,rank-other,5192
Python,https://github.com/hyperspy/hyperspy,2022-05-18,14388.0,rank-other,5194
Python,https://github.com/hyperspy/hyperspy,2022-05-19,14391.0,rank-other,5196
Python,https://github.com/hyperspy/hyperspy,2022-05-20,14396.0,rank-other,5201
Python,https://github.com/hyperspy/hyperspy,2022-05-23,14403.0,rank-other,5201
Python,https://github.com/hyperspy/hyperspy,2022-05-24,14406.0,rank-other,5204
Python,https://github.com/hyperspy/hyperspy,2022-05-26,14409.0,rank-other,5204
Python,https://github.com/hyperspy/hyperspy,2022-05-29,14410.0,rank-other,5205
Python,https://github.com/hyperspy/hyperspy,2022-06-02,14412.0,rank-other,5205
Python,https://github.com/hyperspy/hyperspy,2022-06-03,14414.0,rank-other,5205
Python,https://github.com/hyperspy/hyperspy,2022-06-04,14415.0,rank-other,5205
Python,https://github.com/hyperspy/hyperspy,2022-06-05,14416.0,rank-other,5205
Python,https://github.com/hyperspy/hyperspy,2022-06-08,14422.0,rank-other,5209
Python,https://github.com/hyperspy/hyperspy,2022-06-11,14425.0,rank-other,5211
Python,https://github.com/hyperspy/hyperspy,2022-06-15,14426.0,rank-other,5211
Python,https://github.com/hyperspy/hyperspy,2022-06-16,14431.0,rank-other,5212
Python,https://github.com/hyperspy/hyperspy,2022-06-17,14446.0,rank-other,5220
Python,https://github.com/hyperspy/hyperspy,2022-06-18,14452.0,rank-other,5220
Python,https://github.com/hyperspy/hyperspy,2022-07-18,14454.0,rank-other,5220
Python,https://github.com/hyperspy/hyperspy,2022-07-20,14474.0,rank-other,5239
Python,https://github.com/hyperspy/hyperspy,2022-07-21,14478.0,rank-other,5242
Python,https://github.com/hyperspy/hyperspy,2022-07-23,14480.0,rank-other,5242
Python,https://github.com/hyperspy/hyperspy,2022-07-24,14484.0,rank-other,5244
Python,https://github.com/hyperspy/hyperspy,2022-07-25,14488.0,rank-other,5245
Python,https://github.com/hyperspy/hyperspy,2022-07-26,14489.0,rank-other,5245
Python,https://github.com/hyperspy/hyperspy,2022-08-03,14495.0,rank-other,5245
Python,https://github.com/hyperspy/hyperspy,2022-08-14,14496.0,rank-other,5246
Python,https://github.com/hyperspy/hyperspy,2022-08-15,14497.0,rank-other,5246
Python,https://github.com/hyperspy/hyperspy,2022-08-24,14502.0,rank-other,5249
Python,https://github.com/hyperspy/hyperspy,2022-08-27,14506.0,rank-other,5253
Python,https://github.com/hyperspy/hyperspy,2022-08-28,14507.0,rank-other,5253
Python,https://github.com/hyperspy/hyperspy,2022-08-29,14512.0,rank-other,5253
Python,https://github.com/hyperspy/hyperspy,2022-08-30,14516.0,rank-other,5255
Python,https://github.com/hyperspy/hyperspy,2022-08-31,14519.0,rank-other,5255
Python,https://github.com/hyperspy/hyperspy,2022-09-02,14520.0,rank-other,5256
Python,https://github.com/hyperspy/hyperspy,2022-09-05,14522.0,rank-other,5256
Python,https://github.com/hyperspy/hyperspy,2022-09-16,14528.0,rank-other,5258
Python,https://github.com/hyperspy/hyperspy,2022-09-17,14532.0,rank-other,5259
Python,https://github.com/hyperspy/hyperspy,2022-09-18,14535.0,rank-other,5259
Python,https://github.com/hyperspy/hyperspy,2022-09-19,14545.0,rank-other,5262
Python,https://github.com/hyperspy/hyperspy,2022-09-20,14548.0,rank-other,5262
Python,https://github.com/hyperspy/hyperspy,2022-09-24,14554.0,rank-other,5264
Python,https://github.com/hyperspy/hyperspy,2022-09-26,14558.0,rank-other,5265
Python,https://github.com/hyperspy/hyperspy,2022-09-27,14562.0,rank-other,5265
Python,https://github.com/hyperspy/hyperspy,2022-10-01,14563.0,rank-other,5266
Python,https://github.com/hyperspy/hyperspy,2022-10-02,14564.0,rank-other,5267
Python,https://github.com/hyperspy/hyperspy,2022-10-03,14566.0,rank-other,5268
Python,https://github.com/hyperspy/hyperspy,2022-10-09,14568.0,rank-other,5268
Python,https://github.com/hyperspy/hyperspy,2022-10-10,14570.0,rank-other,5269
Python,https://github.com/hyperspy/hyperspy,2022-10-15,14572.0,rank-other,5269
Python,https://github.com/hyperspy/hyperspy,2022-10-17,14574.0,rank-other,5270
Python,https://github.com/hyperspy/hyperspy,2022-10-25,14575.0,rank-other,5271
Python,https://github.com/hyperspy/hyperspy,2022-10-28,14576.0,rank-other,5272
Python,https://github.com/hyperspy/hyperspy,2022-10-29,14583.0,rank-other,5272
Python,https://github.com/hyperspy/hyperspy,2022-11-03,14584.0,rank-other,5273
Python,https://github.com/hyperspy/hyperspy,2022-11-10,14585.0,rank-other,5274
Python,https://github.com/hyperspy/hyperspy,2022-11-12,14586.0,rank-other,5275
Python,https://github.com/hyperspy/hyperspy,2022-11-14,14587.0,rank-other,5276
Python,https://github.com/hyperspy/hyperspy,2022-11-15,14589.0,rank-other,5278
Python,https://github.com/hyperspy/hyperspy,2022-11-16,14590.0,rank-other,5278
Python,https://github.com/hyperspy/hyperspy,2022-11-17,14593.0,rank-other,5281
Python,https://github.com/hyperspy/hyperspy,2022-11-28,14595.0,rank-other,5282
Python,https://github.com/hyperspy/hyperspy,2022-11-29,14596.0,rank-other,5283
Python,https://github.com/hyperspy/hyperspy,2022-12-05,14598.0,rank-other,5285
Python,https://github.com/hyperspy/hyperspy,2022-12-06,14599.0,rank-other,5285
Python,https://github.com/hyperspy/hyperspy,2023-01-05,14603.0,rank-other,5285
Python,https://github.com/hyperspy/hyperspy,2023-01-06,14605.0,rank-other,5285
Python,https://github.com/hyperspy/hyperspy,2023-01-07,14607.0,rank-other,5285
Python,https://github.com/hyperspy/hyperspy,2023-01-13,14609.0,rank-other,5287
Python,https://github.com/hyperspy/hyperspy,2023-01-14,14610.0,rank-other,5287
Python,https://github.com/hyperspy/hyperspy,2023-01-18,14612.0,rank-other,5289
Python,https://github.com/hyperspy/hyperspy,2023-02-14,14613.0,rank-other,5289
Python,https://github.com/hyperspy/hyperspy,2023-02-17,14615.0,rank-other,5289
Python,https://github.com/hyperspy/hyperspy,2023-02-19,14623.0,rank-other,5289
Python,https://github.com/hyperspy/hyperspy,2023-02-20,14624.0,rank-other,5290
Python,https://github.com/hyperspy/hyperspy,2023-02-21,14625.0,rank-other,5290
Python,https://github.com/hyperspy/hyperspy,2023-02-25,14629.0,rank-other,5290
Python,https://github.com/hyperspy/hyperspy,2023-03-08,14631.0,rank-other,5291
Python,https://github.com/hyperspy/hyperspy,2023-03-11,14634.0,rank-other,5291
Python,https://github.com/hyperspy/hyperspy,2023-03-12,14638.0,rank-other,5291
Python,https://github.com/hyperspy/hyperspy,2023-03-13,14639.0,rank-other,5291
Python,https://github.com/hyperspy/hyperspy,2023-03-15,14640.0,rank-other,5292
Python,https://github.com/hyperspy/hyperspy,2023-03-16,14645.0,rank-other,5293
Python,https://github.com/hyperspy/hyperspy,2023-03-17,14648.0,rank-other,5293
Python,https://github.com/hyperspy/hyperspy,2023-03-20,14656.0,rank-other,5297
Python,https://github.com/hyperspy/hyperspy,2023-03-21,14658.0,rank-other,5298
Python,https://github.com/hyperspy/hyperspy,2023-03-22,14662.0,rank-other,5298
Python,https://github.com/hyperspy/hyperspy,2023-03-24,14664.0,rank-other,5298
Python,https://github.com/hyperspy/hyperspy,2023-03-25,14666.0,rank-other,5298
Python,https://github.com/hyperspy/hyperspy,2023-03-27,14667.0,rank-other,5299
Python,https://github.com/hyperspy/hyperspy,2023-04-09,14669.0,rank-other,5299
Python,https://github.com/hyperspy/hyperspy,2023-04-10,14670.0,rank-other,5299
Python,https://github.com/hyperspy/hyperspy,2023-04-11,14674.0,rank-other,5299
Python,https://github.com/hyperspy/hyperspy,2023-04-12,14675.0,rank-other,5300
Python,https://github.com/hyperspy/hyperspy,2023-04-14,14676.0,rank-other,5301
Python,https://github.com/hyperspy/hyperspy,2023-04-22,14677.0,rank-other,5301
Python,https://github.com/hyperspy/hyperspy,2023-04-23,14679.0,rank-other,5301
Python,https://github.com/hyperspy/hyperspy,2023-04-27,14685.0,rank-other,5303
Python,https://github.com/hyperspy/hyperspy,2023-04-29,14686.0,rank-other,5303
Python,https://github.com/hyperspy/hyperspy,2023-05-03,14688.0,rank-other,5303
Python,https://github.com/hyperspy/hyperspy,2023-05-04,14691.0,rank-other,5303
Python,https://github.com/hyperspy/hyperspy,2023-05-05,14693.0,rank-other,5303
Python,https://github.com/hyperspy/hyperspy,2023-05-06,14696.0,rank-other,5303
