language,html_url,date,all-commits,committer,commits
Python,https://github.com/ceph/ceph-deploy,2012-08-28,21.0,rank-0,0
Python,https://github.com/ceph/ceph-deploy,2012-08-29,22.0,rank-0,0
Python,https://github.com/ceph/ceph-deploy,2012-08-30,23.0,rank-0,0
Python,https://github.com/ceph/ceph-deploy,2012-09-11,24.0,rank-0,0
Python,https://github.com/ceph/ceph-deploy,2012-09-12,27.0,rank-0,0
Python,https://github.com/ceph/ceph-deploy,2012-09-13,29.0,rank-0,0
Python,https://github.com/ceph/ceph-deploy,2012-09-14,34.0,rank-0,0
Python,https://github.com/ceph/ceph-deploy,2012-09-17,35.0,rank-0,0
Python,https://github.com/ceph/ceph-deploy,2012-09-26,36.0,rank-0,0
Python,https://github.com/ceph/ceph-deploy,2012-10-15,37.0,rank-0,0
Python,https://github.com/ceph/ceph-deploy,2012-10-17,38.0,rank-0,0
Python,https://github.com/ceph/ceph-deploy,2012-10-18,39.0,rank-0,0
Python,https://github.com/ceph/ceph-deploy,2012-10-25,41.0,rank-0,0
Python,https://github.com/ceph/ceph-deploy,2012-10-29,52.0,rank-0,0
Python,https://github.com/ceph/ceph-deploy,2012-10-30,56.0,rank-0,0
Python,https://github.com/ceph/ceph-deploy,2012-11-15,57.0,rank-0,0
Python,https://github.com/ceph/ceph-deploy,2012-12-14,58.0,rank-0,0
Python,https://github.com/ceph/ceph-deploy,2013-01-26,60.0,rank-0,0
Python,https://github.com/ceph/ceph-deploy,2013-01-27,63.0,rank-0,0
Python,https://github.com/ceph/ceph-deploy,2013-01-31,75.0,rank-0,0
Python,https://github.com/ceph/ceph-deploy,2013-02-01,77.0,rank-0,0
Python,https://github.com/ceph/ceph-deploy,2013-02-05,78.0,rank-0,0
Python,https://github.com/ceph/ceph-deploy,2013-02-12,80.0,rank-0,0
Python,https://github.com/ceph/ceph-deploy,2013-02-13,90.0,rank-0,0
Python,https://github.com/ceph/ceph-deploy,2013-02-14,91.0,rank-0,0
Python,https://github.com/ceph/ceph-deploy,2013-02-22,92.0,rank-0,0
Python,https://github.com/ceph/ceph-deploy,2013-02-26,93.0,rank-0,0
Python,https://github.com/ceph/ceph-deploy,2013-02-27,94.0,rank-0,0
Python,https://github.com/ceph/ceph-deploy,2013-02-28,95.0,rank-0,0
Python,https://github.com/ceph/ceph-deploy,2013-03-01,96.0,rank-0,0
Python,https://github.com/ceph/ceph-deploy,2013-03-05,99.0,rank-0,0
Python,https://github.com/ceph/ceph-deploy,2013-03-06,101.0,rank-0,0
Python,https://github.com/ceph/ceph-deploy,2013-03-07,103.0,rank-0,0
Python,https://github.com/ceph/ceph-deploy,2013-03-08,105.0,rank-0,0
Python,https://github.com/ceph/ceph-deploy,2013-03-09,107.0,rank-0,0
Python,https://github.com/ceph/ceph-deploy,2013-03-11,114.0,rank-0,0
Python,https://github.com/ceph/ceph-deploy,2013-03-13,125.0,rank-0,0
Python,https://github.com/ceph/ceph-deploy,2013-03-14,126.0,rank-0,0
Python,https://github.com/ceph/ceph-deploy,2013-03-18,127.0,rank-0,0
Python,https://github.com/ceph/ceph-deploy,2013-03-21,156.0,rank-0,0
Python,https://github.com/ceph/ceph-deploy,2013-03-22,158.0,rank-0,0
Python,https://github.com/ceph/ceph-deploy,2013-03-26,160.0,rank-0,0
Python,https://github.com/ceph/ceph-deploy,2013-03-27,162.0,rank-0,0
Python,https://github.com/ceph/ceph-deploy,2013-03-29,164.0,rank-0,0
Python,https://github.com/ceph/ceph-deploy,2013-04-02,166.0,rank-0,0
Python,https://github.com/ceph/ceph-deploy,2013-04-03,167.0,rank-0,0
Python,https://github.com/ceph/ceph-deploy,2013-04-05,168.0,rank-0,0
Python,https://github.com/ceph/ceph-deploy,2013-04-09,169.0,rank-0,0
Python,https://github.com/ceph/ceph-deploy,2013-04-17,170.0,rank-0,0
Python,https://github.com/ceph/ceph-deploy,2013-04-19,171.0,rank-0,0
Python,https://github.com/ceph/ceph-deploy,2013-04-22,172.0,rank-0,0
Python,https://github.com/ceph/ceph-deploy,2013-04-23,173.0,rank-0,0
Python,https://github.com/ceph/ceph-deploy,2013-04-24,174.0,rank-0,0
Python,https://github.com/ceph/ceph-deploy,2013-04-26,181.0,rank-0,0
Python,https://github.com/ceph/ceph-deploy,2013-04-29,185.0,rank-0,0
Python,https://github.com/ceph/ceph-deploy,2013-04-30,188.0,rank-0,0
Python,https://github.com/ceph/ceph-deploy,2013-05-01,191.0,rank-0,0
Python,https://github.com/ceph/ceph-deploy,2013-05-02,194.0,rank-0,0
Python,https://github.com/ceph/ceph-deploy,2013-05-03,195.0,rank-0,0
Python,https://github.com/ceph/ceph-deploy,2013-05-06,196.0,rank-0,0
Python,https://github.com/ceph/ceph-deploy,2013-05-08,197.0,rank-0,0
Python,https://github.com/ceph/ceph-deploy,2013-05-11,200.0,rank-0,0
Python,https://github.com/ceph/ceph-deploy,2013-05-13,201.0,rank-0,0
Python,https://github.com/ceph/ceph-deploy,2013-05-14,205.0,rank-0,0
Python,https://github.com/ceph/ceph-deploy,2013-05-15,207.0,rank-0,0
Python,https://github.com/ceph/ceph-deploy,2013-05-16,209.0,rank-0,0
Python,https://github.com/ceph/ceph-deploy,2013-05-23,213.0,rank-0,0
Python,https://github.com/ceph/ceph-deploy,2013-05-24,216.0,rank-0,0
Python,https://github.com/ceph/ceph-deploy,2013-05-30,217.0,rank-0,0
Python,https://github.com/ceph/ceph-deploy,2013-06-06,219.0,rank-0,0
Python,https://github.com/ceph/ceph-deploy,2013-06-07,221.0,rank-0,0
Python,https://github.com/ceph/ceph-deploy,2013-06-10,223.0,rank-0,0
Python,https://github.com/ceph/ceph-deploy,2013-06-13,225.0,rank-0,0
Python,https://github.com/ceph/ceph-deploy,2013-06-14,228.0,rank-0,0
Python,https://github.com/ceph/ceph-deploy,2013-06-18,231.0,rank-0,0
Python,https://github.com/ceph/ceph-deploy,2013-06-25,232.0,rank-0,0
Python,https://github.com/ceph/ceph-deploy,2013-06-27,233.0,rank-0,0
Python,https://github.com/ceph/ceph-deploy,2013-07-01,238.0,rank-0,0
Python,https://github.com/ceph/ceph-deploy,2013-07-03,239.0,rank-0,0
Python,https://github.com/ceph/ceph-deploy,2013-07-17,253.0,rank-0,0
Python,https://github.com/ceph/ceph-deploy,2013-07-18,270.0,rank-0,0
Python,https://github.com/ceph/ceph-deploy,2013-07-19,276.0,rank-0,0
Python,https://github.com/ceph/ceph-deploy,2013-07-22,284.0,rank-0,0
Python,https://github.com/ceph/ceph-deploy,2013-07-23,288.0,rank-0,0
Python,https://github.com/ceph/ceph-deploy,2013-07-24,294.0,rank-0,0
Python,https://github.com/ceph/ceph-deploy,2013-07-25,310.0,rank-0,0
Python,https://github.com/ceph/ceph-deploy,2013-07-26,321.0,rank-0,0
Python,https://github.com/ceph/ceph-deploy,2013-07-29,338.0,rank-0,0
Python,https://github.com/ceph/ceph-deploy,2013-07-30,341.0,rank-0,0
Python,https://github.com/ceph/ceph-deploy,2013-07-31,348.0,rank-0,0
Python,https://github.com/ceph/ceph-deploy,2013-08-01,355.0,rank-0,0
Python,https://github.com/ceph/ceph-deploy,2013-08-02,364.0,rank-0,0
Python,https://github.com/ceph/ceph-deploy,2013-08-04,366.0,rank-0,0
Python,https://github.com/ceph/ceph-deploy,2013-08-05,371.0,rank-0,0
Python,https://github.com/ceph/ceph-deploy,2013-08-06,372.0,rank-0,0
Python,https://github.com/ceph/ceph-deploy,2013-08-09,386.0,rank-0,0
Python,https://github.com/ceph/ceph-deploy,2013-08-12,393.0,rank-0,0
Python,https://github.com/ceph/ceph-deploy,2013-08-13,397.0,rank-0,0
Python,https://github.com/ceph/ceph-deploy,2013-08-14,400.0,rank-0,0
Python,https://github.com/ceph/ceph-deploy,2013-08-15,409.0,rank-0,0
Python,https://github.com/ceph/ceph-deploy,2013-08-19,416.0,rank-0,7
Python,https://github.com/ceph/ceph-deploy,2013-08-20,420.0,rank-0,10
Python,https://github.com/ceph/ceph-deploy,2013-08-22,434.0,rank-0,19
Python,https://github.com/ceph/ceph-deploy,2013-08-26,443.0,rank-0,24
Python,https://github.com/ceph/ceph-deploy,2013-08-27,445.0,rank-0,24
Python,https://github.com/ceph/ceph-deploy,2013-08-28,446.0,rank-0,24
Python,https://github.com/ceph/ceph-deploy,2013-08-29,453.0,rank-0,28
Python,https://github.com/ceph/ceph-deploy,2013-08-31,454.0,rank-0,28
Python,https://github.com/ceph/ceph-deploy,2013-09-01,455.0,rank-0,28
Python,https://github.com/ceph/ceph-deploy,2013-09-03,464.0,rank-0,35
Python,https://github.com/ceph/ceph-deploy,2013-09-04,467.0,rank-0,37
Python,https://github.com/ceph/ceph-deploy,2013-09-05,473.0,rank-0,40
Python,https://github.com/ceph/ceph-deploy,2013-09-06,480.0,rank-0,44
Python,https://github.com/ceph/ceph-deploy,2013-09-09,486.0,rank-0,45
Python,https://github.com/ceph/ceph-deploy,2013-09-10,491.0,rank-0,48
Python,https://github.com/ceph/ceph-deploy,2013-09-11,500.0,rank-0,55
Python,https://github.com/ceph/ceph-deploy,2013-09-12,509.0,rank-0,61
Python,https://github.com/ceph/ceph-deploy,2013-09-16,521.0,rank-0,66
Python,https://github.com/ceph/ceph-deploy,2013-09-17,533.0,rank-0,73
Python,https://github.com/ceph/ceph-deploy,2013-09-18,541.0,rank-0,78
Python,https://github.com/ceph/ceph-deploy,2013-09-19,545.0,rank-0,79
Python,https://github.com/ceph/ceph-deploy,2013-09-20,547.0,rank-0,80
Python,https://github.com/ceph/ceph-deploy,2013-09-23,549.0,rank-0,81
Python,https://github.com/ceph/ceph-deploy,2013-09-24,556.0,rank-0,84
Python,https://github.com/ceph/ceph-deploy,2013-09-25,558.0,rank-0,84
Python,https://github.com/ceph/ceph-deploy,2013-09-27,560.0,rank-0,85
Python,https://github.com/ceph/ceph-deploy,2013-09-30,563.0,rank-0,87
Python,https://github.com/ceph/ceph-deploy,2013-10-01,568.0,rank-0,89
Python,https://github.com/ceph/ceph-deploy,2013-10-02,572.0,rank-0,89
Python,https://github.com/ceph/ceph-deploy,2013-10-04,578.0,rank-0,94
Python,https://github.com/ceph/ceph-deploy,2013-10-07,580.0,rank-0,94
Python,https://github.com/ceph/ceph-deploy,2013-10-08,591.0,rank-0,103
Python,https://github.com/ceph/ceph-deploy,2013-10-09,601.0,rank-0,112
Python,https://github.com/ceph/ceph-deploy,2013-10-10,618.0,rank-0,129
Python,https://github.com/ceph/ceph-deploy,2013-10-11,628.0,rank-0,138
Python,https://github.com/ceph/ceph-deploy,2013-10-14,645.0,rank-0,155
Python,https://github.com/ceph/ceph-deploy,2013-10-15,647.0,rank-0,155
Python,https://github.com/ceph/ceph-deploy,2013-10-16,653.0,rank-0,160
Python,https://github.com/ceph/ceph-deploy,2013-10-17,664.0,rank-0,168
Python,https://github.com/ceph/ceph-deploy,2013-10-18,665.0,rank-0,168
Python,https://github.com/ceph/ceph-deploy,2013-10-19,667.0,rank-0,169
Python,https://github.com/ceph/ceph-deploy,2013-10-21,676.0,rank-0,176
Python,https://github.com/ceph/ceph-deploy,2013-10-22,680.0,rank-0,178
Python,https://github.com/ceph/ceph-deploy,2013-10-28,686.0,rank-0,183
Python,https://github.com/ceph/ceph-deploy,2013-10-29,694.0,rank-0,187
Python,https://github.com/ceph/ceph-deploy,2013-10-30,699.0,rank-0,190
Python,https://github.com/ceph/ceph-deploy,2013-10-31,701.0,rank-0,191
Python,https://github.com/ceph/ceph-deploy,2013-11-01,703.0,rank-0,192
Python,https://github.com/ceph/ceph-deploy,2013-11-04,706.0,rank-0,194
Python,https://github.com/ceph/ceph-deploy,2013-11-05,711.0,rank-0,197
Python,https://github.com/ceph/ceph-deploy,2013-11-06,716.0,rank-0,198
Python,https://github.com/ceph/ceph-deploy,2013-11-07,720.0,rank-0,202
Python,https://github.com/ceph/ceph-deploy,2013-11-08,729.0,rank-0,208
Python,https://github.com/ceph/ceph-deploy,2013-11-12,739.0,rank-0,214
Python,https://github.com/ceph/ceph-deploy,2013-11-13,742.0,rank-0,215
Python,https://github.com/ceph/ceph-deploy,2013-11-14,748.0,rank-0,220
Python,https://github.com/ceph/ceph-deploy,2013-11-15,749.0,rank-0,221
Python,https://github.com/ceph/ceph-deploy,2013-11-18,756.0,rank-0,226
Python,https://github.com/ceph/ceph-deploy,2013-11-19,768.0,rank-0,235
Python,https://github.com/ceph/ceph-deploy,2013-11-20,770.0,rank-0,236
Python,https://github.com/ceph/ceph-deploy,2013-11-21,771.0,rank-0,237
Python,https://github.com/ceph/ceph-deploy,2013-11-22,772.0,rank-0,238
Python,https://github.com/ceph/ceph-deploy,2013-11-24,773.0,rank-0,238
Python,https://github.com/ceph/ceph-deploy,2013-11-25,781.0,rank-0,245
Python,https://github.com/ceph/ceph-deploy,2013-11-26,785.0,rank-0,248
Python,https://github.com/ceph/ceph-deploy,2013-12-02,791.0,rank-0,253
Python,https://github.com/ceph/ceph-deploy,2013-12-04,792.0,rank-0,253
Python,https://github.com/ceph/ceph-deploy,2013-12-05,797.0,rank-0,258
Python,https://github.com/ceph/ceph-deploy,2013-12-06,801.0,rank-0,261
Python,https://github.com/ceph/ceph-deploy,2013-12-09,804.0,rank-0,263
Python,https://github.com/ceph/ceph-deploy,2013-12-12,815.0,rank-0,274
Python,https://github.com/ceph/ceph-deploy,2013-12-13,816.0,rank-0,274
Python,https://github.com/ceph/ceph-deploy,2014-01-02,820.0,rank-0,276
Python,https://github.com/ceph/ceph-deploy,2014-01-06,824.0,rank-0,277
Python,https://github.com/ceph/ceph-deploy,2014-01-07,825.0,rank-0,277
Python,https://github.com/ceph/ceph-deploy,2014-01-08,827.0,rank-0,277
Python,https://github.com/ceph/ceph-deploy,2014-01-09,832.0,rank-0,277
Python,https://github.com/ceph/ceph-deploy,2014-01-10,834.0,rank-0,277
Python,https://github.com/ceph/ceph-deploy,2014-01-23,836.0,rank-0,278
Python,https://github.com/ceph/ceph-deploy,2014-01-27,838.0,rank-0,279
Python,https://github.com/ceph/ceph-deploy,2014-01-29,842.0,rank-0,282
Python,https://github.com/ceph/ceph-deploy,2014-01-30,845.0,rank-0,284
Python,https://github.com/ceph/ceph-deploy,2014-01-31,847.0,rank-0,285
Python,https://github.com/ceph/ceph-deploy,2014-02-03,848.0,rank-0,285
Python,https://github.com/ceph/ceph-deploy,2014-02-05,858.0,rank-0,291
Python,https://github.com/ceph/ceph-deploy,2014-02-14,861.0,rank-0,293
Python,https://github.com/ceph/ceph-deploy,2014-02-18,865.0,rank-0,297
Python,https://github.com/ceph/ceph-deploy,2014-02-20,879.0,rank-0,311
Python,https://github.com/ceph/ceph-deploy,2014-02-21,884.0,rank-0,313
Python,https://github.com/ceph/ceph-deploy,2014-02-25,885.0,rank-0,314
Python,https://github.com/ceph/ceph-deploy,2014-02-28,893.0,rank-0,322
Python,https://github.com/ceph/ceph-deploy,2014-03-03,897.0,rank-0,326
Python,https://github.com/ceph/ceph-deploy,2014-03-04,903.0,rank-0,332
Python,https://github.com/ceph/ceph-deploy,2014-03-05,904.0,rank-0,333
Python,https://github.com/ceph/ceph-deploy,2014-03-06,910.0,rank-0,337
Python,https://github.com/ceph/ceph-deploy,2014-03-07,913.0,rank-0,340
Python,https://github.com/ceph/ceph-deploy,2014-03-10,922.0,rank-0,349
Python,https://github.com/ceph/ceph-deploy,2014-03-11,927.0,rank-0,354
Python,https://github.com/ceph/ceph-deploy,2014-03-12,939.0,rank-0,366
Python,https://github.com/ceph/ceph-deploy,2014-03-13,941.0,rank-0,368
Python,https://github.com/ceph/ceph-deploy,2014-03-17,944.0,rank-0,369
Python,https://github.com/ceph/ceph-deploy,2014-03-18,947.0,rank-0,372
Python,https://github.com/ceph/ceph-deploy,2014-03-19,948.0,rank-0,373
Python,https://github.com/ceph/ceph-deploy,2014-03-20,950.0,rank-0,374
Python,https://github.com/ceph/ceph-deploy,2014-03-27,951.0,rank-0,374
Python,https://github.com/ceph/ceph-deploy,2014-04-01,963.0,rank-0,386
Python,https://github.com/ceph/ceph-deploy,2014-04-02,966.0,rank-0,388
Python,https://github.com/ceph/ceph-deploy,2014-04-07,974.0,rank-0,395
Python,https://github.com/ceph/ceph-deploy,2014-04-10,976.0,rank-0,396
Python,https://github.com/ceph/ceph-deploy,2014-04-13,978.0,rank-0,396
Python,https://github.com/ceph/ceph-deploy,2014-04-14,981.0,rank-0,397
Python,https://github.com/ceph/ceph-deploy,2014-04-15,984.0,rank-0,399
Python,https://github.com/ceph/ceph-deploy,2014-04-16,985.0,rank-0,399
Python,https://github.com/ceph/ceph-deploy,2014-04-17,991.0,rank-0,405
Python,https://github.com/ceph/ceph-deploy,2014-04-18,992.0,rank-0,405
Python,https://github.com/ceph/ceph-deploy,2014-04-23,997.0,rank-0,409
Python,https://github.com/ceph/ceph-deploy,2014-04-24,1001.0,rank-0,411
Python,https://github.com/ceph/ceph-deploy,2014-04-25,1010.0,rank-0,417
Python,https://github.com/ceph/ceph-deploy,2014-05-01,1016.0,rank-0,421
Python,https://github.com/ceph/ceph-deploy,2014-05-05,1018.0,rank-0,421
Python,https://github.com/ceph/ceph-deploy,2014-05-07,1023.0,rank-0,424
Python,https://github.com/ceph/ceph-deploy,2014-05-08,1024.0,rank-0,424
Python,https://github.com/ceph/ceph-deploy,2014-05-13,1028.0,rank-0,426
Python,https://github.com/ceph/ceph-deploy,2014-05-14,1031.0,rank-0,427
Python,https://github.com/ceph/ceph-deploy,2014-05-20,1033.0,rank-0,428
Python,https://github.com/ceph/ceph-deploy,2014-05-21,1035.0,rank-0,429
Python,https://github.com/ceph/ceph-deploy,2014-05-27,1036.0,rank-0,430
Python,https://github.com/ceph/ceph-deploy,2014-05-28,1039.0,rank-0,430
Python,https://github.com/ceph/ceph-deploy,2014-05-29,1045.0,rank-0,434
Python,https://github.com/ceph/ceph-deploy,2014-05-30,1051.0,rank-0,437
Python,https://github.com/ceph/ceph-deploy,2014-06-02,1052.0,rank-0,438
Python,https://github.com/ceph/ceph-deploy,2014-06-04,1057.0,rank-0,443
Python,https://github.com/ceph/ceph-deploy,2014-06-05,1061.0,rank-0,446
Python,https://github.com/ceph/ceph-deploy,2014-06-06,1067.0,rank-0,450
Python,https://github.com/ceph/ceph-deploy,2014-06-09,1069.0,rank-0,450
Python,https://github.com/ceph/ceph-deploy,2014-06-10,1072.0,rank-0,452
Python,https://github.com/ceph/ceph-deploy,2014-06-16,1074.0,rank-0,453
Python,https://github.com/ceph/ceph-deploy,2014-06-24,1080.0,rank-0,459
Python,https://github.com/ceph/ceph-deploy,2014-06-25,1083.0,rank-0,460
Python,https://github.com/ceph/ceph-deploy,2014-06-27,1088.0,rank-0,464
Python,https://github.com/ceph/ceph-deploy,2014-06-30,1094.0,rank-0,467
Python,https://github.com/ceph/ceph-deploy,2014-07-01,1100.0,rank-0,470
Python,https://github.com/ceph/ceph-deploy,2014-07-02,1113.0,rank-0,482
Python,https://github.com/ceph/ceph-deploy,2014-07-03,1116.0,rank-0,484
Python,https://github.com/ceph/ceph-deploy,2014-07-07,1117.0,rank-0,484
Python,https://github.com/ceph/ceph-deploy,2014-07-08,1124.0,rank-0,490
Python,https://github.com/ceph/ceph-deploy,2014-07-09,1128.0,rank-0,493
Python,https://github.com/ceph/ceph-deploy,2014-07-10,1130.0,rank-0,494
Python,https://github.com/ceph/ceph-deploy,2014-07-11,1139.0,rank-0,495
Python,https://github.com/ceph/ceph-deploy,2014-07-14,1146.0,rank-0,500
Python,https://github.com/ceph/ceph-deploy,2014-07-15,1148.0,rank-0,502
Python,https://github.com/ceph/ceph-deploy,2014-07-16,1155.0,rank-0,504
Python,https://github.com/ceph/ceph-deploy,2014-07-19,1156.0,rank-0,504
Python,https://github.com/ceph/ceph-deploy,2014-07-21,1157.0,rank-0,504
Python,https://github.com/ceph/ceph-deploy,2014-07-22,1160.0,rank-0,507
Python,https://github.com/ceph/ceph-deploy,2014-07-23,1163.0,rank-0,507
Python,https://github.com/ceph/ceph-deploy,2014-07-24,1168.0,rank-0,510
Python,https://github.com/ceph/ceph-deploy,2014-07-30,1169.0,rank-0,511
Python,https://github.com/ceph/ceph-deploy,2014-07-31,1174.0,rank-0,514
Python,https://github.com/ceph/ceph-deploy,2014-08-01,1177.0,rank-0,516
Python,https://github.com/ceph/ceph-deploy,2014-08-07,1182.0,rank-0,516
Python,https://github.com/ceph/ceph-deploy,2014-08-08,1189.0,rank-0,518
Python,https://github.com/ceph/ceph-deploy,2014-08-11,1190.0,rank-0,519
Python,https://github.com/ceph/ceph-deploy,2014-08-13,1193.0,rank-0,521
Python,https://github.com/ceph/ceph-deploy,2014-08-14,1195.0,rank-0,523
Python,https://github.com/ceph/ceph-deploy,2014-08-15,1199.0,rank-0,527
Python,https://github.com/ceph/ceph-deploy,2014-08-18,1203.0,rank-0,530
Python,https://github.com/ceph/ceph-deploy,2014-08-19,1208.0,rank-0,534
Python,https://github.com/ceph/ceph-deploy,2014-08-20,1213.0,rank-0,539
Python,https://github.com/ceph/ceph-deploy,2014-08-21,1218.0,rank-0,543
Python,https://github.com/ceph/ceph-deploy,2014-08-22,1221.0,rank-0,546
Python,https://github.com/ceph/ceph-deploy,2014-08-25,1228.0,rank-0,550
Python,https://github.com/ceph/ceph-deploy,2014-08-26,1231.0,rank-0,553
Python,https://github.com/ceph/ceph-deploy,2014-08-27,1240.0,rank-0,562
Python,https://github.com/ceph/ceph-deploy,2014-08-28,1246.0,rank-0,567
Python,https://github.com/ceph/ceph-deploy,2014-09-03,1249.0,rank-0,569
Python,https://github.com/ceph/ceph-deploy,2014-09-05,1250.0,rank-0,570
Python,https://github.com/ceph/ceph-deploy,2014-09-09,1254.0,rank-0,573
Python,https://github.com/ceph/ceph-deploy,2014-09-10,1259.0,rank-0,577
Python,https://github.com/ceph/ceph-deploy,2014-09-12,1264.0,rank-0,580
Python,https://github.com/ceph/ceph-deploy,2014-09-23,1273.0,rank-0,588
Python,https://github.com/ceph/ceph-deploy,2014-09-24,1277.0,rank-0,591
Python,https://github.com/ceph/ceph-deploy,2014-09-25,1280.0,rank-0,592
Python,https://github.com/ceph/ceph-deploy,2014-09-26,1283.0,rank-0,594
Python,https://github.com/ceph/ceph-deploy,2014-09-29,1286.0,rank-0,596
Python,https://github.com/ceph/ceph-deploy,2014-09-30,1289.0,rank-0,598
Python,https://github.com/ceph/ceph-deploy,2014-10-01,1292.0,rank-0,600
Python,https://github.com/ceph/ceph-deploy,2014-10-03,1294.0,rank-0,601
Python,https://github.com/ceph/ceph-deploy,2014-10-06,1297.0,rank-0,603
Python,https://github.com/ceph/ceph-deploy,2014-10-08,1299.0,rank-0,603
Python,https://github.com/ceph/ceph-deploy,2014-10-09,1307.0,rank-0,608
Python,https://github.com/ceph/ceph-deploy,2014-10-23,1308.0,rank-0,609
Python,https://github.com/ceph/ceph-deploy,2014-10-27,1310.0,rank-0,610
Python,https://github.com/ceph/ceph-deploy,2014-10-28,1312.0,rank-0,612
Python,https://github.com/ceph/ceph-deploy,2014-10-29,1314.0,rank-0,613
Python,https://github.com/ceph/ceph-deploy,2014-11-07,1315.0,rank-0,614
Python,https://github.com/ceph/ceph-deploy,2014-11-10,1318.0,rank-0,617
Python,https://github.com/ceph/ceph-deploy,2014-11-12,1319.0,rank-0,617
Python,https://github.com/ceph/ceph-deploy,2014-11-13,1321.0,rank-0,617
Python,https://github.com/ceph/ceph-deploy,2014-11-18,1324.0,rank-0,617
Python,https://github.com/ceph/ceph-deploy,2014-11-19,1329.0,rank-0,617
Python,https://github.com/ceph/ceph-deploy,2014-12-02,1330.0,rank-0,617
Python,https://github.com/ceph/ceph-deploy,2014-12-10,1333.0,rank-0,617
Python,https://github.com/ceph/ceph-deploy,2015-01-02,1337.0,rank-0,617
Python,https://github.com/ceph/ceph-deploy,2015-01-05,1338.0,rank-0,617
Python,https://github.com/ceph/ceph-deploy,2015-01-09,1341.0,rank-0,617
Python,https://github.com/ceph/ceph-deploy,2015-01-30,1343.0,rank-0,617
Python,https://github.com/ceph/ceph-deploy,2015-02-16,1344.0,rank-0,617
Python,https://github.com/ceph/ceph-deploy,2015-02-18,1345.0,rank-0,617
Python,https://github.com/ceph/ceph-deploy,2015-02-19,1349.0,rank-0,620
Python,https://github.com/ceph/ceph-deploy,2015-02-20,1356.0,rank-0,624
Python,https://github.com/ceph/ceph-deploy,2015-02-23,1358.0,rank-0,624
Python,https://github.com/ceph/ceph-deploy,2015-02-26,1359.0,rank-0,624
Python,https://github.com/ceph/ceph-deploy,2015-03-06,1364.0,rank-0,624
Python,https://github.com/ceph/ceph-deploy,2015-03-09,1367.0,rank-0,624
Python,https://github.com/ceph/ceph-deploy,2015-03-10,1370.0,rank-0,624
Python,https://github.com/ceph/ceph-deploy,2015-03-17,1375.0,rank-0,624
Python,https://github.com/ceph/ceph-deploy,2015-03-18,1376.0,rank-0,624
Python,https://github.com/ceph/ceph-deploy,2015-03-19,1391.0,rank-0,624
Python,https://github.com/ceph/ceph-deploy,2015-03-20,1395.0,rank-0,624
Python,https://github.com/ceph/ceph-deploy,2015-03-31,1399.0,rank-0,624
Python,https://github.com/ceph/ceph-deploy,2015-04-01,1400.0,rank-0,624
Python,https://github.com/ceph/ceph-deploy,2015-04-07,1406.0,rank-0,624
Python,https://github.com/ceph/ceph-deploy,2015-04-08,1407.0,rank-0,624
Python,https://github.com/ceph/ceph-deploy,2015-04-09,1409.0,rank-0,624
Python,https://github.com/ceph/ceph-deploy,2015-04-10,1412.0,rank-0,624
Python,https://github.com/ceph/ceph-deploy,2015-04-14,1413.0,rank-0,624
Python,https://github.com/ceph/ceph-deploy,2015-04-22,1416.0,rank-0,624
Python,https://github.com/ceph/ceph-deploy,2015-05-07,1428.0,rank-0,624
Python,https://github.com/ceph/ceph-deploy,2015-05-08,1435.0,rank-0,624
Python,https://github.com/ceph/ceph-deploy,2015-05-11,1444.0,rank-0,624
Python,https://github.com/ceph/ceph-deploy,2015-05-12,1458.0,rank-0,624
Python,https://github.com/ceph/ceph-deploy,2015-05-13,1465.0,rank-0,624
Python,https://github.com/ceph/ceph-deploy,2015-05-14,1469.0,rank-0,624
Python,https://github.com/ceph/ceph-deploy,2015-05-15,1474.0,rank-0,624
Python,https://github.com/ceph/ceph-deploy,2015-05-18,1482.0,rank-0,624
Python,https://github.com/ceph/ceph-deploy,2015-05-21,1489.0,rank-0,624
Python,https://github.com/ceph/ceph-deploy,2015-05-22,1495.0,rank-0,624
Python,https://github.com/ceph/ceph-deploy,2015-05-25,1503.0,rank-0,624
Python,https://github.com/ceph/ceph-deploy,2015-05-26,1507.0,rank-0,624
Python,https://github.com/ceph/ceph-deploy,2015-05-27,1517.0,rank-0,624
Python,https://github.com/ceph/ceph-deploy,2015-05-28,1525.0,rank-0,624
Python,https://github.com/ceph/ceph-deploy,2015-06-02,1527.0,rank-0,624
Python,https://github.com/ceph/ceph-deploy,2015-06-11,1529.0,rank-0,624
Python,https://github.com/ceph/ceph-deploy,2015-06-12,1534.0,rank-0,624
Python,https://github.com/ceph/ceph-deploy,2015-06-16,1537.0,rank-0,624
Python,https://github.com/ceph/ceph-deploy,2015-06-19,1540.0,rank-0,624
Python,https://github.com/ceph/ceph-deploy,2015-06-22,1543.0,rank-0,624
Python,https://github.com/ceph/ceph-deploy,2015-06-23,1553.0,rank-0,624
Python,https://github.com/ceph/ceph-deploy,2015-06-24,1567.0,rank-0,624
Python,https://github.com/ceph/ceph-deploy,2015-06-25,1573.0,rank-0,624
Python,https://github.com/ceph/ceph-deploy,2015-06-26,1574.0,rank-0,624
Python,https://github.com/ceph/ceph-deploy,2015-06-29,1583.0,rank-0,624
Python,https://github.com/ceph/ceph-deploy,2015-06-30,1588.0,rank-0,624
Python,https://github.com/ceph/ceph-deploy,2015-07-01,1598.0,rank-0,624
Python,https://github.com/ceph/ceph-deploy,2015-07-02,1599.0,rank-0,624
Python,https://github.com/ceph/ceph-deploy,2015-07-05,1600.0,rank-0,624
Python,https://github.com/ceph/ceph-deploy,2015-07-06,1601.0,rank-0,624
Python,https://github.com/ceph/ceph-deploy,2015-07-09,1606.0,rank-0,624
Python,https://github.com/ceph/ceph-deploy,2015-07-10,1610.0,rank-0,624
Python,https://github.com/ceph/ceph-deploy,2015-07-14,1613.0,rank-0,624
Python,https://github.com/ceph/ceph-deploy,2015-07-15,1618.0,rank-0,624
Python,https://github.com/ceph/ceph-deploy,2015-07-16,1623.0,rank-0,624
Python,https://github.com/ceph/ceph-deploy,2015-07-17,1624.0,rank-0,624
Python,https://github.com/ceph/ceph-deploy,2015-07-20,1627.0,rank-0,624
Python,https://github.com/ceph/ceph-deploy,2015-07-28,1628.0,rank-0,624
Python,https://github.com/ceph/ceph-deploy,2015-07-30,1629.0,rank-0,624
Python,https://github.com/ceph/ceph-deploy,2015-07-31,1644.0,rank-0,624
Python,https://github.com/ceph/ceph-deploy,2015-08-03,1660.0,rank-0,624
Python,https://github.com/ceph/ceph-deploy,2015-08-04,1673.0,rank-0,624
Python,https://github.com/ceph/ceph-deploy,2015-08-05,1685.0,rank-0,624
Python,https://github.com/ceph/ceph-deploy,2015-08-06,1689.0,rank-0,624
Python,https://github.com/ceph/ceph-deploy,2015-08-07,1695.0,rank-0,624
Python,https://github.com/ceph/ceph-deploy,2015-08-10,1697.0,rank-0,624
Python,https://github.com/ceph/ceph-deploy,2015-08-11,1704.0,rank-0,624
Python,https://github.com/ceph/ceph-deploy,2015-08-12,1708.0,rank-0,624
Python,https://github.com/ceph/ceph-deploy,2015-08-13,1711.0,rank-0,624
Python,https://github.com/ceph/ceph-deploy,2015-08-14,1714.0,rank-0,624
Python,https://github.com/ceph/ceph-deploy,2015-08-26,1717.0,rank-0,624
Python,https://github.com/ceph/ceph-deploy,2015-08-29,1719.0,rank-0,624
Python,https://github.com/ceph/ceph-deploy,2015-09-02,1721.0,rank-0,624
Python,https://github.com/ceph/ceph-deploy,2015-09-08,1724.0,rank-0,624
Python,https://github.com/ceph/ceph-deploy,2015-09-09,1725.0,rank-0,624
Python,https://github.com/ceph/ceph-deploy,2015-09-10,1727.0,rank-0,624
Python,https://github.com/ceph/ceph-deploy,2015-09-14,1728.0,rank-0,624
Python,https://github.com/ceph/ceph-deploy,2015-09-17,1730.0,rank-0,624
Python,https://github.com/ceph/ceph-deploy,2015-09-18,1732.0,rank-0,624
Python,https://github.com/ceph/ceph-deploy,2015-09-19,1733.0,rank-0,624
Python,https://github.com/ceph/ceph-deploy,2015-09-24,1736.0,rank-0,624
Python,https://github.com/ceph/ceph-deploy,2015-09-29,1737.0,rank-0,624
Python,https://github.com/ceph/ceph-deploy,2015-09-30,1743.0,rank-0,624
Python,https://github.com/ceph/ceph-deploy,2015-10-12,1744.0,rank-0,624
Python,https://github.com/ceph/ceph-deploy,2015-10-26,1746.0,rank-0,624
Python,https://github.com/ceph/ceph-deploy,2015-11-03,1748.0,rank-0,624
Python,https://github.com/ceph/ceph-deploy,2015-11-04,1749.0,rank-0,624
Python,https://github.com/ceph/ceph-deploy,2015-11-20,1751.0,rank-0,624
Python,https://github.com/ceph/ceph-deploy,2015-11-23,1752.0,rank-0,624
Python,https://github.com/ceph/ceph-deploy,2015-11-24,1755.0,rank-0,624
Python,https://github.com/ceph/ceph-deploy,2015-11-25,1756.0,rank-0,624
Python,https://github.com/ceph/ceph-deploy,2015-12-01,1758.0,rank-0,624
Python,https://github.com/ceph/ceph-deploy,2015-12-02,1762.0,rank-0,624
Python,https://github.com/ceph/ceph-deploy,2015-12-10,1763.0,rank-0,624
Python,https://github.com/ceph/ceph-deploy,2015-12-11,1769.0,rank-0,624
Python,https://github.com/ceph/ceph-deploy,2015-12-15,1770.0,rank-0,624
Python,https://github.com/ceph/ceph-deploy,2015-12-16,1771.0,rank-0,624
Python,https://github.com/ceph/ceph-deploy,2015-12-22,1773.0,rank-0,624
Python,https://github.com/ceph/ceph-deploy,2016-01-04,1777.0,rank-0,624
Python,https://github.com/ceph/ceph-deploy,2016-01-08,1783.0,rank-0,624
Python,https://github.com/ceph/ceph-deploy,2016-01-13,1785.0,rank-0,624
Python,https://github.com/ceph/ceph-deploy,2016-02-02,1791.0,rank-0,624
Python,https://github.com/ceph/ceph-deploy,2016-02-03,1792.0,rank-0,624
Python,https://github.com/ceph/ceph-deploy,2016-02-04,1794.0,rank-0,624
Python,https://github.com/ceph/ceph-deploy,2016-02-09,1795.0,rank-0,624
Python,https://github.com/ceph/ceph-deploy,2016-02-11,1797.0,rank-0,624
Python,https://github.com/ceph/ceph-deploy,2016-02-26,1798.0,rank-0,624
Python,https://github.com/ceph/ceph-deploy,2016-03-11,1800.0,rank-0,624
Python,https://github.com/ceph/ceph-deploy,2016-03-15,1802.0,rank-0,624
Python,https://github.com/ceph/ceph-deploy,2016-04-08,1805.0,rank-0,624
Python,https://github.com/ceph/ceph-deploy,2016-04-12,1809.0,rank-0,624
Python,https://github.com/ceph/ceph-deploy,2016-04-13,1818.0,rank-0,624
Python,https://github.com/ceph/ceph-deploy,2016-04-14,1819.0,rank-0,624
Python,https://github.com/ceph/ceph-deploy,2016-04-21,1821.0,rank-0,624
Python,https://github.com/ceph/ceph-deploy,2016-04-22,1835.0,rank-0,624
Python,https://github.com/ceph/ceph-deploy,2016-05-16,1837.0,rank-0,624
Python,https://github.com/ceph/ceph-deploy,2016-05-17,1838.0,rank-0,624
Python,https://github.com/ceph/ceph-deploy,2016-05-18,1839.0,rank-0,624
Python,https://github.com/ceph/ceph-deploy,2016-05-20,1843.0,rank-0,624
Python,https://github.com/ceph/ceph-deploy,2016-05-23,1854.0,rank-0,624
Python,https://github.com/ceph/ceph-deploy,2016-05-24,1856.0,rank-0,624
Python,https://github.com/ceph/ceph-deploy,2016-05-25,1857.0,rank-0,624
Python,https://github.com/ceph/ceph-deploy,2016-05-26,1859.0,rank-0,624
Python,https://github.com/ceph/ceph-deploy,2016-05-31,1860.0,rank-0,624
Python,https://github.com/ceph/ceph-deploy,2016-06-03,1864.0,rank-0,624
Python,https://github.com/ceph/ceph-deploy,2016-06-06,1866.0,rank-0,624
Python,https://github.com/ceph/ceph-deploy,2016-06-07,1870.0,rank-0,624
Python,https://github.com/ceph/ceph-deploy,2016-06-09,1873.0,rank-0,624
Python,https://github.com/ceph/ceph-deploy,2016-06-14,1875.0,rank-0,624
Python,https://github.com/ceph/ceph-deploy,2016-06-15,1876.0,rank-0,624
Python,https://github.com/ceph/ceph-deploy,2016-06-16,1877.0,rank-0,624
Python,https://github.com/ceph/ceph-deploy,2016-06-21,1878.0,rank-0,624
Python,https://github.com/ceph/ceph-deploy,2016-06-22,1879.0,rank-0,624
Python,https://github.com/ceph/ceph-deploy,2016-06-23,1883.0,rank-0,624
Python,https://github.com/ceph/ceph-deploy,2016-06-24,1884.0,rank-0,624
Python,https://github.com/ceph/ceph-deploy,2016-06-29,1888.0,rank-0,624
Python,https://github.com/ceph/ceph-deploy,2016-07-07,1889.0,rank-0,624
Python,https://github.com/ceph/ceph-deploy,2016-07-10,1890.0,rank-0,624
Python,https://github.com/ceph/ceph-deploy,2016-07-11,1891.0,rank-0,624
Python,https://github.com/ceph/ceph-deploy,2016-07-13,1892.0,rank-0,624
Python,https://github.com/ceph/ceph-deploy,2016-08-10,1894.0,rank-0,624
Python,https://github.com/ceph/ceph-deploy,2016-08-12,1895.0,rank-0,624
Python,https://github.com/ceph/ceph-deploy,2016-08-15,1899.0,rank-0,624
Python,https://github.com/ceph/ceph-deploy,2016-08-17,1900.0,rank-0,624
Python,https://github.com/ceph/ceph-deploy,2016-08-18,1901.0,rank-0,624
Python,https://github.com/ceph/ceph-deploy,2016-08-19,1903.0,rank-0,624
Python,https://github.com/ceph/ceph-deploy,2016-08-23,1906.0,rank-0,624
Python,https://github.com/ceph/ceph-deploy,2016-08-24,1908.0,rank-0,624
Python,https://github.com/ceph/ceph-deploy,2016-08-29,1911.0,rank-0,624
Python,https://github.com/ceph/ceph-deploy,2016-08-30,1912.0,rank-0,624
Python,https://github.com/ceph/ceph-deploy,2016-09-08,1913.0,rank-0,624
Python,https://github.com/ceph/ceph-deploy,2016-09-13,1914.0,rank-0,624
Python,https://github.com/ceph/ceph-deploy,2016-10-10,1915.0,rank-0,624
Python,https://github.com/ceph/ceph-deploy,2016-10-14,1916.0,rank-0,624
Python,https://github.com/ceph/ceph-deploy,2016-10-20,1917.0,rank-0,624
Python,https://github.com/ceph/ceph-deploy,2016-11-08,1919.0,rank-0,624
Python,https://github.com/ceph/ceph-deploy,2016-11-15,1920.0,rank-0,624
Python,https://github.com/ceph/ceph-deploy,2016-12-08,1928.0,rank-0,624
Python,https://github.com/ceph/ceph-deploy,2017-01-03,1934.0,rank-0,624
Python,https://github.com/ceph/ceph-deploy,2017-02-03,1935.0,rank-0,624
Python,https://github.com/ceph/ceph-deploy,2017-02-21,1936.0,rank-0,624
Python,https://github.com/ceph/ceph-deploy,2017-02-22,1937.0,rank-0,624
Python,https://github.com/ceph/ceph-deploy,2017-02-23,1938.0,rank-0,624
Python,https://github.com/ceph/ceph-deploy,2017-03-06,1940.0,rank-0,624
Python,https://github.com/ceph/ceph-deploy,2017-03-07,1941.0,rank-0,624
Python,https://github.com/ceph/ceph-deploy,2017-03-08,1942.0,rank-0,624
Python,https://github.com/ceph/ceph-deploy,2017-03-10,1943.0,rank-0,624
Python,https://github.com/ceph/ceph-deploy,2017-03-13,1947.0,rank-0,624
Python,https://github.com/ceph/ceph-deploy,2017-03-14,1948.0,rank-0,624
Python,https://github.com/ceph/ceph-deploy,2017-03-17,1949.0,rank-0,624
Python,https://github.com/ceph/ceph-deploy,2017-03-22,1952.0,rank-0,624
Python,https://github.com/ceph/ceph-deploy,2017-04-20,1954.0,rank-0,624
Python,https://github.com/ceph/ceph-deploy,2017-05-11,1955.0,rank-0,624
Python,https://github.com/ceph/ceph-deploy,2017-05-19,1959.0,rank-0,624
Python,https://github.com/ceph/ceph-deploy,2017-05-25,1960.0,rank-0,624
Python,https://github.com/ceph/ceph-deploy,2017-06-08,1963.0,rank-0,624
Python,https://github.com/ceph/ceph-deploy,2017-06-09,1965.0,rank-0,624
Python,https://github.com/ceph/ceph-deploy,2017-06-22,1968.0,rank-0,624
Python,https://github.com/ceph/ceph-deploy,2017-07-05,1971.0,rank-0,624
Python,https://github.com/ceph/ceph-deploy,2017-07-09,1972.0,rank-0,624
Python,https://github.com/ceph/ceph-deploy,2017-07-19,1974.0,rank-0,624
Python,https://github.com/ceph/ceph-deploy,2017-07-28,1975.0,rank-0,624
Python,https://github.com/ceph/ceph-deploy,2017-08-07,1976.0,rank-0,624
Python,https://github.com/ceph/ceph-deploy,2017-09-01,1980.0,rank-0,624
Python,https://github.com/ceph/ceph-deploy,2017-09-06,1981.0,rank-0,624
Python,https://github.com/ceph/ceph-deploy,2017-09-11,1982.0,rank-0,624
Python,https://github.com/ceph/ceph-deploy,2017-09-12,1983.0,rank-0,624
Python,https://github.com/ceph/ceph-deploy,2017-09-20,1984.0,rank-0,624
Python,https://github.com/ceph/ceph-deploy,2017-11-27,1986.0,rank-0,624
Python,https://github.com/ceph/ceph-deploy,2017-11-28,1992.0,rank-0,624
Python,https://github.com/ceph/ceph-deploy,2017-11-29,2002.0,rank-0,624
Python,https://github.com/ceph/ceph-deploy,2017-12-01,2003.0,rank-0,624
Python,https://github.com/ceph/ceph-deploy,2017-12-06,2006.0,rank-0,624
Python,https://github.com/ceph/ceph-deploy,2017-12-27,2007.0,rank-0,624
Python,https://github.com/ceph/ceph-deploy,2018-01-16,2011.0,rank-0,624
Python,https://github.com/ceph/ceph-deploy,2018-01-17,2013.0,rank-0,624
Python,https://github.com/ceph/ceph-deploy,2018-01-23,2015.0,rank-0,624
Python,https://github.com/ceph/ceph-deploy,2018-01-26,2017.0,rank-0,624
Python,https://github.com/ceph/ceph-deploy,2018-01-29,2018.0,rank-0,624
Python,https://github.com/ceph/ceph-deploy,2018-01-30,2019.0,rank-0,624
Python,https://github.com/ceph/ceph-deploy,2018-02-01,2021.0,rank-0,624
Python,https://github.com/ceph/ceph-deploy,2018-02-07,2022.0,rank-0,624
Python,https://github.com/ceph/ceph-deploy,2018-02-16,2025.0,rank-0,624
Python,https://github.com/ceph/ceph-deploy,2018-02-20,2027.0,rank-0,624
Python,https://github.com/ceph/ceph-deploy,2018-02-21,2029.0,rank-0,624
Python,https://github.com/ceph/ceph-deploy,2018-03-01,2031.0,rank-0,624
Python,https://github.com/ceph/ceph-deploy,2018-03-05,2033.0,rank-0,624
Python,https://github.com/ceph/ceph-deploy,2018-03-06,2034.0,rank-0,624
Python,https://github.com/ceph/ceph-deploy,2018-03-31,2035.0,rank-0,624
Python,https://github.com/ceph/ceph-deploy,2018-04-09,2036.0,rank-0,624
Python,https://github.com/ceph/ceph-deploy,2018-05-03,2037.0,rank-0,624
Python,https://github.com/ceph/ceph-deploy,2018-06-19,2043.0,rank-0,624
Python,https://github.com/ceph/ceph-deploy,2018-07-10,2046.0,rank-0,624
Python,https://github.com/ceph/ceph-deploy,2018-07-16,2049.0,rank-0,624
Python,https://github.com/ceph/ceph-deploy,2018-07-18,2050.0,rank-0,624
Python,https://github.com/ceph/ceph-deploy,2018-09-20,2052.0,rank-0,624
Python,https://github.com/ceph/ceph-deploy,2018-12-15,2053.0,rank-0,624
Python,https://github.com/ceph/ceph-deploy,2018-12-18,2054.0,rank-0,624
Python,https://github.com/ceph/ceph-deploy,2019-01-15,2058.0,rank-0,624
Python,https://github.com/ceph/ceph-deploy,2019-01-16,2059.0,rank-0,624
Python,https://github.com/ceph/ceph-deploy,2019-01-17,2060.0,rank-0,624
Python,https://github.com/ceph/ceph-deploy,2019-01-28,2061.0,rank-0,624
Python,https://github.com/ceph/ceph-deploy,2019-02-25,2063.0,rank-0,624
Python,https://github.com/ceph/ceph-deploy,2019-03-26,2064.0,rank-0,624
Python,https://github.com/ceph/ceph-deploy,2019-04-05,2066.0,rank-0,624
Python,https://github.com/ceph/ceph-deploy,2019-04-16,2071.0,rank-0,624
Python,https://github.com/ceph/ceph-deploy,2019-04-25,2073.0,rank-0,624
Python,https://github.com/ceph/ceph-deploy,2019-04-29,2076.0,rank-0,624
Python,https://github.com/ceph/ceph-deploy,2019-05-01,2082.0,rank-0,624
Python,https://github.com/ceph/ceph-deploy,2019-05-06,2084.0,rank-0,624
Python,https://github.com/ceph/ceph-deploy,2019-07-12,2085.0,rank-0,624
Python,https://github.com/ceph/ceph-deploy,2019-08-13,2087.0,rank-0,624
Python,https://github.com/ceph/ceph-deploy,2019-12-19,2088.0,rank-0,624
Python,https://github.com/ceph/ceph-deploy,2020-02-12,2089.0,rank-0,624
Python,https://github.com/ceph/ceph-deploy,2020-04-09,2090.0,rank-0,624
Python,https://github.com/ceph/ceph-deploy,2020-04-13,2091.0,rank-0,624
Python,https://github.com/ceph/ceph-deploy,2020-05-22,2092.0,rank-0,624
Python,https://github.com/ceph/ceph-deploy,2020-06-02,2093.0,rank-0,624
Python,https://github.com/ceph/ceph-deploy,2020-06-03,2098.0,rank-0,624
Python,https://github.com/ceph/ceph-deploy,2020-06-04,2100.0,rank-0,624
Python,https://github.com/ceph/ceph-deploy,2020-06-05,2102.0,rank-0,624
Python,https://github.com/ceph/ceph-deploy,2020-08-06,2103.0,rank-0,624
Python,https://github.com/ceph/ceph-deploy,2020-08-13,2105.0,rank-0,624
Python,https://github.com/ceph/ceph-deploy,2020-09-01,2112.0,rank-0,624
Python,https://github.com/ceph/ceph-deploy,2020-09-03,2114.0,rank-0,624
Python,https://github.com/ceph/ceph-deploy,2020-09-17,2115.0,rank-0,624
Python,https://github.com/ceph/ceph-deploy,2020-09-18,2117.0,rank-0,624
Python,https://github.com/ceph/ceph-deploy,2020-09-26,2119.0,rank-0,624
Python,https://github.com/ceph/ceph-deploy,2020-09-27,2120.0,rank-0,624
Python,https://github.com/ceph/ceph-deploy,2020-10-01,2127.0,rank-0,624
Python,https://github.com/ceph/ceph-deploy,2020-10-02,2129.0,rank-0,624
Python,https://github.com/ceph/ceph-deploy,2012-08-28,21.0,rank-1,0
Python,https://github.com/ceph/ceph-deploy,2012-08-29,22.0,rank-1,0
Python,https://github.com/ceph/ceph-deploy,2012-08-30,23.0,rank-1,0
Python,https://github.com/ceph/ceph-deploy,2012-09-11,24.0,rank-1,0
Python,https://github.com/ceph/ceph-deploy,2012-09-12,27.0,rank-1,0
Python,https://github.com/ceph/ceph-deploy,2012-09-13,29.0,rank-1,0
Python,https://github.com/ceph/ceph-deploy,2012-09-14,34.0,rank-1,0
Python,https://github.com/ceph/ceph-deploy,2012-09-17,35.0,rank-1,0
Python,https://github.com/ceph/ceph-deploy,2012-09-26,36.0,rank-1,0
Python,https://github.com/ceph/ceph-deploy,2012-10-15,37.0,rank-1,0
Python,https://github.com/ceph/ceph-deploy,2012-10-17,38.0,rank-1,0
Python,https://github.com/ceph/ceph-deploy,2012-10-18,39.0,rank-1,0
Python,https://github.com/ceph/ceph-deploy,2012-10-25,41.0,rank-1,0
Python,https://github.com/ceph/ceph-deploy,2012-10-29,52.0,rank-1,0
Python,https://github.com/ceph/ceph-deploy,2012-10-30,56.0,rank-1,0
Python,https://github.com/ceph/ceph-deploy,2012-11-15,57.0,rank-1,0
Python,https://github.com/ceph/ceph-deploy,2012-12-14,58.0,rank-1,0
Python,https://github.com/ceph/ceph-deploy,2013-01-26,60.0,rank-1,0
Python,https://github.com/ceph/ceph-deploy,2013-01-27,63.0,rank-1,0
Python,https://github.com/ceph/ceph-deploy,2013-01-31,75.0,rank-1,0
Python,https://github.com/ceph/ceph-deploy,2013-02-01,77.0,rank-1,0
Python,https://github.com/ceph/ceph-deploy,2013-02-05,78.0,rank-1,0
Python,https://github.com/ceph/ceph-deploy,2013-02-12,80.0,rank-1,0
Python,https://github.com/ceph/ceph-deploy,2013-02-13,90.0,rank-1,0
Python,https://github.com/ceph/ceph-deploy,2013-02-14,91.0,rank-1,0
Python,https://github.com/ceph/ceph-deploy,2013-02-22,92.0,rank-1,0
Python,https://github.com/ceph/ceph-deploy,2013-02-26,93.0,rank-1,0
Python,https://github.com/ceph/ceph-deploy,2013-02-27,94.0,rank-1,0
Python,https://github.com/ceph/ceph-deploy,2013-02-28,95.0,rank-1,0
Python,https://github.com/ceph/ceph-deploy,2013-03-01,96.0,rank-1,0
Python,https://github.com/ceph/ceph-deploy,2013-03-05,99.0,rank-1,0
Python,https://github.com/ceph/ceph-deploy,2013-03-06,101.0,rank-1,0
Python,https://github.com/ceph/ceph-deploy,2013-03-07,103.0,rank-1,0
Python,https://github.com/ceph/ceph-deploy,2013-03-08,105.0,rank-1,0
Python,https://github.com/ceph/ceph-deploy,2013-03-09,107.0,rank-1,0
Python,https://github.com/ceph/ceph-deploy,2013-03-11,114.0,rank-1,0
Python,https://github.com/ceph/ceph-deploy,2013-03-13,125.0,rank-1,0
Python,https://github.com/ceph/ceph-deploy,2013-03-14,126.0,rank-1,0
Python,https://github.com/ceph/ceph-deploy,2013-03-18,127.0,rank-1,0
Python,https://github.com/ceph/ceph-deploy,2013-03-21,156.0,rank-1,0
Python,https://github.com/ceph/ceph-deploy,2013-03-22,158.0,rank-1,0
Python,https://github.com/ceph/ceph-deploy,2013-03-26,160.0,rank-1,0
Python,https://github.com/ceph/ceph-deploy,2013-03-27,162.0,rank-1,0
Python,https://github.com/ceph/ceph-deploy,2013-03-29,164.0,rank-1,0
Python,https://github.com/ceph/ceph-deploy,2013-04-02,166.0,rank-1,0
Python,https://github.com/ceph/ceph-deploy,2013-04-03,167.0,rank-1,0
Python,https://github.com/ceph/ceph-deploy,2013-04-05,168.0,rank-1,0
Python,https://github.com/ceph/ceph-deploy,2013-04-09,169.0,rank-1,0
Python,https://github.com/ceph/ceph-deploy,2013-04-17,170.0,rank-1,0
Python,https://github.com/ceph/ceph-deploy,2013-04-19,171.0,rank-1,0
Python,https://github.com/ceph/ceph-deploy,2013-04-22,172.0,rank-1,0
Python,https://github.com/ceph/ceph-deploy,2013-04-23,173.0,rank-1,0
Python,https://github.com/ceph/ceph-deploy,2013-04-24,174.0,rank-1,0
Python,https://github.com/ceph/ceph-deploy,2013-04-26,181.0,rank-1,0
Python,https://github.com/ceph/ceph-deploy,2013-04-29,185.0,rank-1,0
Python,https://github.com/ceph/ceph-deploy,2013-04-30,188.0,rank-1,0
Python,https://github.com/ceph/ceph-deploy,2013-05-01,191.0,rank-1,0
Python,https://github.com/ceph/ceph-deploy,2013-05-02,194.0,rank-1,0
Python,https://github.com/ceph/ceph-deploy,2013-05-03,195.0,rank-1,0
Python,https://github.com/ceph/ceph-deploy,2013-05-06,196.0,rank-1,0
Python,https://github.com/ceph/ceph-deploy,2013-05-08,197.0,rank-1,0
Python,https://github.com/ceph/ceph-deploy,2013-05-11,200.0,rank-1,0
Python,https://github.com/ceph/ceph-deploy,2013-05-13,201.0,rank-1,0
Python,https://github.com/ceph/ceph-deploy,2013-05-14,205.0,rank-1,0
Python,https://github.com/ceph/ceph-deploy,2013-05-15,207.0,rank-1,0
Python,https://github.com/ceph/ceph-deploy,2013-05-16,209.0,rank-1,0
Python,https://github.com/ceph/ceph-deploy,2013-05-23,213.0,rank-1,0
Python,https://github.com/ceph/ceph-deploy,2013-05-24,216.0,rank-1,0
Python,https://github.com/ceph/ceph-deploy,2013-05-30,217.0,rank-1,0
Python,https://github.com/ceph/ceph-deploy,2013-06-06,219.0,rank-1,0
Python,https://github.com/ceph/ceph-deploy,2013-06-07,221.0,rank-1,0
Python,https://github.com/ceph/ceph-deploy,2013-06-10,223.0,rank-1,0
Python,https://github.com/ceph/ceph-deploy,2013-06-13,225.0,rank-1,0
Python,https://github.com/ceph/ceph-deploy,2013-06-14,228.0,rank-1,0
Python,https://github.com/ceph/ceph-deploy,2013-06-18,231.0,rank-1,0
Python,https://github.com/ceph/ceph-deploy,2013-06-25,232.0,rank-1,0
Python,https://github.com/ceph/ceph-deploy,2013-06-27,233.0,rank-1,0
Python,https://github.com/ceph/ceph-deploy,2013-07-01,238.0,rank-1,0
Python,https://github.com/ceph/ceph-deploy,2013-07-03,239.0,rank-1,0
Python,https://github.com/ceph/ceph-deploy,2013-07-17,253.0,rank-1,13
Python,https://github.com/ceph/ceph-deploy,2013-07-18,270.0,rank-1,30
Python,https://github.com/ceph/ceph-deploy,2013-07-19,276.0,rank-1,33
Python,https://github.com/ceph/ceph-deploy,2013-07-22,284.0,rank-1,39
Python,https://github.com/ceph/ceph-deploy,2013-07-23,288.0,rank-1,41
Python,https://github.com/ceph/ceph-deploy,2013-07-24,294.0,rank-1,46
Python,https://github.com/ceph/ceph-deploy,2013-07-25,310.0,rank-1,61
Python,https://github.com/ceph/ceph-deploy,2013-07-26,321.0,rank-1,68
Python,https://github.com/ceph/ceph-deploy,2013-07-29,338.0,rank-1,83
Python,https://github.com/ceph/ceph-deploy,2013-07-30,341.0,rank-1,85
Python,https://github.com/ceph/ceph-deploy,2013-07-31,348.0,rank-1,92
Python,https://github.com/ceph/ceph-deploy,2013-08-01,355.0,rank-1,97
Python,https://github.com/ceph/ceph-deploy,2013-08-02,364.0,rank-1,104
Python,https://github.com/ceph/ceph-deploy,2013-08-04,366.0,rank-1,106
Python,https://github.com/ceph/ceph-deploy,2013-08-05,371.0,rank-1,111
Python,https://github.com/ceph/ceph-deploy,2013-08-06,372.0,rank-1,112
Python,https://github.com/ceph/ceph-deploy,2013-08-09,386.0,rank-1,122
Python,https://github.com/ceph/ceph-deploy,2013-08-12,393.0,rank-1,127
Python,https://github.com/ceph/ceph-deploy,2013-08-13,397.0,rank-1,129
Python,https://github.com/ceph/ceph-deploy,2013-08-14,400.0,rank-1,131
Python,https://github.com/ceph/ceph-deploy,2013-08-15,409.0,rank-1,137
Python,https://github.com/ceph/ceph-deploy,2013-08-19,416.0,rank-1,137
Python,https://github.com/ceph/ceph-deploy,2013-08-20,420.0,rank-1,137
Python,https://github.com/ceph/ceph-deploy,2013-08-22,434.0,rank-1,137
Python,https://github.com/ceph/ceph-deploy,2013-08-26,443.0,rank-1,138
Python,https://github.com/ceph/ceph-deploy,2013-08-27,445.0,rank-1,138
Python,https://github.com/ceph/ceph-deploy,2013-08-28,446.0,rank-1,138
Python,https://github.com/ceph/ceph-deploy,2013-08-29,453.0,rank-1,139
Python,https://github.com/ceph/ceph-deploy,2013-08-31,454.0,rank-1,140
Python,https://github.com/ceph/ceph-deploy,2013-09-01,455.0,rank-1,140
Python,https://github.com/ceph/ceph-deploy,2013-09-03,464.0,rank-1,140
Python,https://github.com/ceph/ceph-deploy,2013-09-04,467.0,rank-1,140
Python,https://github.com/ceph/ceph-deploy,2013-09-05,473.0,rank-1,141
Python,https://github.com/ceph/ceph-deploy,2013-09-06,480.0,rank-1,142
Python,https://github.com/ceph/ceph-deploy,2013-09-09,486.0,rank-1,143
Python,https://github.com/ceph/ceph-deploy,2013-09-10,491.0,rank-1,143
Python,https://github.com/ceph/ceph-deploy,2013-09-11,500.0,rank-1,144
Python,https://github.com/ceph/ceph-deploy,2013-09-12,509.0,rank-1,145
Python,https://github.com/ceph/ceph-deploy,2013-09-16,521.0,rank-1,147
Python,https://github.com/ceph/ceph-deploy,2013-09-17,533.0,rank-1,147
Python,https://github.com/ceph/ceph-deploy,2013-09-18,541.0,rank-1,147
Python,https://github.com/ceph/ceph-deploy,2013-09-19,545.0,rank-1,148
Python,https://github.com/ceph/ceph-deploy,2013-09-20,547.0,rank-1,148
Python,https://github.com/ceph/ceph-deploy,2013-09-23,549.0,rank-1,148
Python,https://github.com/ceph/ceph-deploy,2013-09-24,556.0,rank-1,149
Python,https://github.com/ceph/ceph-deploy,2013-09-25,558.0,rank-1,150
Python,https://github.com/ceph/ceph-deploy,2013-09-27,560.0,rank-1,150
Python,https://github.com/ceph/ceph-deploy,2013-09-30,563.0,rank-1,150
Python,https://github.com/ceph/ceph-deploy,2013-10-01,568.0,rank-1,151
Python,https://github.com/ceph/ceph-deploy,2013-10-02,572.0,rank-1,153
Python,https://github.com/ceph/ceph-deploy,2013-10-04,578.0,rank-1,153
Python,https://github.com/ceph/ceph-deploy,2013-10-07,580.0,rank-1,153
Python,https://github.com/ceph/ceph-deploy,2013-10-08,591.0,rank-1,154
Python,https://github.com/ceph/ceph-deploy,2013-10-09,601.0,rank-1,155
Python,https://github.com/ceph/ceph-deploy,2013-10-10,618.0,rank-1,155
Python,https://github.com/ceph/ceph-deploy,2013-10-11,628.0,rank-1,155
Python,https://github.com/ceph/ceph-deploy,2013-10-14,645.0,rank-1,155
Python,https://github.com/ceph/ceph-deploy,2013-10-15,647.0,rank-1,156
Python,https://github.com/ceph/ceph-deploy,2013-10-16,653.0,rank-1,156
Python,https://github.com/ceph/ceph-deploy,2013-10-17,664.0,rank-1,156
Python,https://github.com/ceph/ceph-deploy,2013-10-18,665.0,rank-1,156
Python,https://github.com/ceph/ceph-deploy,2013-10-19,667.0,rank-1,157
Python,https://github.com/ceph/ceph-deploy,2013-10-21,676.0,rank-1,157
Python,https://github.com/ceph/ceph-deploy,2013-10-22,680.0,rank-1,157
Python,https://github.com/ceph/ceph-deploy,2013-10-28,686.0,rank-1,157
Python,https://github.com/ceph/ceph-deploy,2013-10-29,694.0,rank-1,158
Python,https://github.com/ceph/ceph-deploy,2013-10-30,699.0,rank-1,159
Python,https://github.com/ceph/ceph-deploy,2013-10-31,701.0,rank-1,160
Python,https://github.com/ceph/ceph-deploy,2013-11-01,703.0,rank-1,160
Python,https://github.com/ceph/ceph-deploy,2013-11-04,706.0,rank-1,160
Python,https://github.com/ceph/ceph-deploy,2013-11-05,711.0,rank-1,160
Python,https://github.com/ceph/ceph-deploy,2013-11-06,716.0,rank-1,162
Python,https://github.com/ceph/ceph-deploy,2013-11-07,720.0,rank-1,162
Python,https://github.com/ceph/ceph-deploy,2013-11-08,729.0,rank-1,163
Python,https://github.com/ceph/ceph-deploy,2013-11-12,739.0,rank-1,164
Python,https://github.com/ceph/ceph-deploy,2013-11-13,742.0,rank-1,164
Python,https://github.com/ceph/ceph-deploy,2013-11-14,748.0,rank-1,165
Python,https://github.com/ceph/ceph-deploy,2013-11-15,749.0,rank-1,165
Python,https://github.com/ceph/ceph-deploy,2013-11-18,756.0,rank-1,166
Python,https://github.com/ceph/ceph-deploy,2013-11-19,768.0,rank-1,166
Python,https://github.com/ceph/ceph-deploy,2013-11-20,770.0,rank-1,166
Python,https://github.com/ceph/ceph-deploy,2013-11-21,771.0,rank-1,166
Python,https://github.com/ceph/ceph-deploy,2013-11-22,772.0,rank-1,166
Python,https://github.com/ceph/ceph-deploy,2013-11-24,773.0,rank-1,167
Python,https://github.com/ceph/ceph-deploy,2013-11-25,781.0,rank-1,167
Python,https://github.com/ceph/ceph-deploy,2013-11-26,785.0,rank-1,167
Python,https://github.com/ceph/ceph-deploy,2013-12-02,791.0,rank-1,167
Python,https://github.com/ceph/ceph-deploy,2013-12-04,792.0,rank-1,167
Python,https://github.com/ceph/ceph-deploy,2013-12-05,797.0,rank-1,167
Python,https://github.com/ceph/ceph-deploy,2013-12-06,801.0,rank-1,167
Python,https://github.com/ceph/ceph-deploy,2013-12-09,804.0,rank-1,167
Python,https://github.com/ceph/ceph-deploy,2013-12-12,815.0,rank-1,167
Python,https://github.com/ceph/ceph-deploy,2013-12-13,816.0,rank-1,167
Python,https://github.com/ceph/ceph-deploy,2014-01-02,820.0,rank-1,168
Python,https://github.com/ceph/ceph-deploy,2014-01-06,824.0,rank-1,169
Python,https://github.com/ceph/ceph-deploy,2014-01-07,825.0,rank-1,169
Python,https://github.com/ceph/ceph-deploy,2014-01-08,827.0,rank-1,170
Python,https://github.com/ceph/ceph-deploy,2014-01-09,832.0,rank-1,172
Python,https://github.com/ceph/ceph-deploy,2014-01-10,834.0,rank-1,174
Python,https://github.com/ceph/ceph-deploy,2014-01-23,836.0,rank-1,174
Python,https://github.com/ceph/ceph-deploy,2014-01-27,838.0,rank-1,174
Python,https://github.com/ceph/ceph-deploy,2014-01-29,842.0,rank-1,174
Python,https://github.com/ceph/ceph-deploy,2014-01-30,845.0,rank-1,174
Python,https://github.com/ceph/ceph-deploy,2014-01-31,847.0,rank-1,174
Python,https://github.com/ceph/ceph-deploy,2014-02-03,848.0,rank-1,174
Python,https://github.com/ceph/ceph-deploy,2014-02-05,858.0,rank-1,175
Python,https://github.com/ceph/ceph-deploy,2014-02-14,861.0,rank-1,175
Python,https://github.com/ceph/ceph-deploy,2014-02-18,865.0,rank-1,175
Python,https://github.com/ceph/ceph-deploy,2014-02-20,879.0,rank-1,175
Python,https://github.com/ceph/ceph-deploy,2014-02-21,884.0,rank-1,176
Python,https://github.com/ceph/ceph-deploy,2014-02-25,885.0,rank-1,176
Python,https://github.com/ceph/ceph-deploy,2014-02-28,893.0,rank-1,176
Python,https://github.com/ceph/ceph-deploy,2014-03-03,897.0,rank-1,176
Python,https://github.com/ceph/ceph-deploy,2014-03-04,903.0,rank-1,176
Python,https://github.com/ceph/ceph-deploy,2014-03-05,904.0,rank-1,176
Python,https://github.com/ceph/ceph-deploy,2014-03-06,910.0,rank-1,176
Python,https://github.com/ceph/ceph-deploy,2014-03-07,913.0,rank-1,176
Python,https://github.com/ceph/ceph-deploy,2014-03-10,922.0,rank-1,176
Python,https://github.com/ceph/ceph-deploy,2014-03-11,927.0,rank-1,176
Python,https://github.com/ceph/ceph-deploy,2014-03-12,939.0,rank-1,176
Python,https://github.com/ceph/ceph-deploy,2014-03-13,941.0,rank-1,176
Python,https://github.com/ceph/ceph-deploy,2014-03-17,944.0,rank-1,176
Python,https://github.com/ceph/ceph-deploy,2014-03-18,947.0,rank-1,176
Python,https://github.com/ceph/ceph-deploy,2014-03-19,948.0,rank-1,176
Python,https://github.com/ceph/ceph-deploy,2014-03-20,950.0,rank-1,176
Python,https://github.com/ceph/ceph-deploy,2014-03-27,951.0,rank-1,176
Python,https://github.com/ceph/ceph-deploy,2014-04-01,963.0,rank-1,176
Python,https://github.com/ceph/ceph-deploy,2014-04-02,966.0,rank-1,176
Python,https://github.com/ceph/ceph-deploy,2014-04-07,974.0,rank-1,176
Python,https://github.com/ceph/ceph-deploy,2014-04-10,976.0,rank-1,176
Python,https://github.com/ceph/ceph-deploy,2014-04-13,978.0,rank-1,176
Python,https://github.com/ceph/ceph-deploy,2014-04-14,981.0,rank-1,176
Python,https://github.com/ceph/ceph-deploy,2014-04-15,984.0,rank-1,177
Python,https://github.com/ceph/ceph-deploy,2014-04-16,985.0,rank-1,177
Python,https://github.com/ceph/ceph-deploy,2014-04-17,991.0,rank-1,177
Python,https://github.com/ceph/ceph-deploy,2014-04-18,992.0,rank-1,177
Python,https://github.com/ceph/ceph-deploy,2014-04-23,997.0,rank-1,177
Python,https://github.com/ceph/ceph-deploy,2014-04-24,1001.0,rank-1,177
Python,https://github.com/ceph/ceph-deploy,2014-04-25,1010.0,rank-1,178
Python,https://github.com/ceph/ceph-deploy,2014-05-01,1016.0,rank-1,178
Python,https://github.com/ceph/ceph-deploy,2014-05-05,1018.0,rank-1,179
Python,https://github.com/ceph/ceph-deploy,2014-05-07,1023.0,rank-1,179
Python,https://github.com/ceph/ceph-deploy,2014-05-08,1024.0,rank-1,179
Python,https://github.com/ceph/ceph-deploy,2014-05-13,1028.0,rank-1,180
Python,https://github.com/ceph/ceph-deploy,2014-05-14,1031.0,rank-1,181
Python,https://github.com/ceph/ceph-deploy,2014-05-20,1033.0,rank-1,181
Python,https://github.com/ceph/ceph-deploy,2014-05-21,1035.0,rank-1,181
Python,https://github.com/ceph/ceph-deploy,2014-05-27,1036.0,rank-1,181
Python,https://github.com/ceph/ceph-deploy,2014-05-28,1039.0,rank-1,182
Python,https://github.com/ceph/ceph-deploy,2014-05-29,1045.0,rank-1,182
Python,https://github.com/ceph/ceph-deploy,2014-05-30,1051.0,rank-1,183
Python,https://github.com/ceph/ceph-deploy,2014-06-02,1052.0,rank-1,183
Python,https://github.com/ceph/ceph-deploy,2014-06-04,1057.0,rank-1,183
Python,https://github.com/ceph/ceph-deploy,2014-06-05,1061.0,rank-1,183
Python,https://github.com/ceph/ceph-deploy,2014-06-06,1067.0,rank-1,183
Python,https://github.com/ceph/ceph-deploy,2014-06-09,1069.0,rank-1,184
Python,https://github.com/ceph/ceph-deploy,2014-06-10,1072.0,rank-1,184
Python,https://github.com/ceph/ceph-deploy,2014-06-16,1074.0,rank-1,184
Python,https://github.com/ceph/ceph-deploy,2014-06-24,1080.0,rank-1,184
Python,https://github.com/ceph/ceph-deploy,2014-06-25,1083.0,rank-1,185
Python,https://github.com/ceph/ceph-deploy,2014-06-27,1088.0,rank-1,185
Python,https://github.com/ceph/ceph-deploy,2014-06-30,1094.0,rank-1,185
Python,https://github.com/ceph/ceph-deploy,2014-07-01,1100.0,rank-1,185
Python,https://github.com/ceph/ceph-deploy,2014-07-02,1113.0,rank-1,185
Python,https://github.com/ceph/ceph-deploy,2014-07-03,1116.0,rank-1,185
Python,https://github.com/ceph/ceph-deploy,2014-07-07,1117.0,rank-1,186
Python,https://github.com/ceph/ceph-deploy,2014-07-08,1124.0,rank-1,186
Python,https://github.com/ceph/ceph-deploy,2014-07-09,1128.0,rank-1,186
Python,https://github.com/ceph/ceph-deploy,2014-07-10,1130.0,rank-1,186
Python,https://github.com/ceph/ceph-deploy,2014-07-11,1139.0,rank-1,187
Python,https://github.com/ceph/ceph-deploy,2014-07-14,1146.0,rank-1,187
Python,https://github.com/ceph/ceph-deploy,2014-07-15,1148.0,rank-1,187
Python,https://github.com/ceph/ceph-deploy,2014-07-16,1155.0,rank-1,188
Python,https://github.com/ceph/ceph-deploy,2014-07-19,1156.0,rank-1,188
Python,https://github.com/ceph/ceph-deploy,2014-07-21,1157.0,rank-1,189
Python,https://github.com/ceph/ceph-deploy,2014-07-22,1160.0,rank-1,189
Python,https://github.com/ceph/ceph-deploy,2014-07-23,1163.0,rank-1,190
Python,https://github.com/ceph/ceph-deploy,2014-07-24,1168.0,rank-1,192
Python,https://github.com/ceph/ceph-deploy,2014-07-30,1169.0,rank-1,192
Python,https://github.com/ceph/ceph-deploy,2014-07-31,1174.0,rank-1,192
Python,https://github.com/ceph/ceph-deploy,2014-08-01,1177.0,rank-1,192
Python,https://github.com/ceph/ceph-deploy,2014-08-07,1182.0,rank-1,192
Python,https://github.com/ceph/ceph-deploy,2014-08-08,1189.0,rank-1,192
Python,https://github.com/ceph/ceph-deploy,2014-08-11,1190.0,rank-1,192
Python,https://github.com/ceph/ceph-deploy,2014-08-13,1193.0,rank-1,192
Python,https://github.com/ceph/ceph-deploy,2014-08-14,1195.0,rank-1,192
Python,https://github.com/ceph/ceph-deploy,2014-08-15,1199.0,rank-1,192
Python,https://github.com/ceph/ceph-deploy,2014-08-18,1203.0,rank-1,193
Python,https://github.com/ceph/ceph-deploy,2014-08-19,1208.0,rank-1,193
Python,https://github.com/ceph/ceph-deploy,2014-08-20,1213.0,rank-1,193
Python,https://github.com/ceph/ceph-deploy,2014-08-21,1218.0,rank-1,193
Python,https://github.com/ceph/ceph-deploy,2014-08-22,1221.0,rank-1,193
Python,https://github.com/ceph/ceph-deploy,2014-08-25,1228.0,rank-1,193
Python,https://github.com/ceph/ceph-deploy,2014-08-26,1231.0,rank-1,193
Python,https://github.com/ceph/ceph-deploy,2014-08-27,1240.0,rank-1,193
Python,https://github.com/ceph/ceph-deploy,2014-08-28,1246.0,rank-1,193
Python,https://github.com/ceph/ceph-deploy,2014-09-03,1249.0,rank-1,193
Python,https://github.com/ceph/ceph-deploy,2014-09-05,1250.0,rank-1,193
Python,https://github.com/ceph/ceph-deploy,2014-09-09,1254.0,rank-1,193
Python,https://github.com/ceph/ceph-deploy,2014-09-10,1259.0,rank-1,193
Python,https://github.com/ceph/ceph-deploy,2014-09-12,1264.0,rank-1,193
Python,https://github.com/ceph/ceph-deploy,2014-09-23,1273.0,rank-1,193
Python,https://github.com/ceph/ceph-deploy,2014-09-24,1277.0,rank-1,193
Python,https://github.com/ceph/ceph-deploy,2014-09-25,1280.0,rank-1,194
Python,https://github.com/ceph/ceph-deploy,2014-09-26,1283.0,rank-1,194
Python,https://github.com/ceph/ceph-deploy,2014-09-29,1286.0,rank-1,194
Python,https://github.com/ceph/ceph-deploy,2014-09-30,1289.0,rank-1,194
Python,https://github.com/ceph/ceph-deploy,2014-10-01,1292.0,rank-1,194
Python,https://github.com/ceph/ceph-deploy,2014-10-03,1294.0,rank-1,194
Python,https://github.com/ceph/ceph-deploy,2014-10-06,1297.0,rank-1,194
Python,https://github.com/ceph/ceph-deploy,2014-10-08,1299.0,rank-1,195
Python,https://github.com/ceph/ceph-deploy,2014-10-09,1307.0,rank-1,195
Python,https://github.com/ceph/ceph-deploy,2014-10-23,1308.0,rank-1,195
Python,https://github.com/ceph/ceph-deploy,2014-10-27,1310.0,rank-1,195
Python,https://github.com/ceph/ceph-deploy,2014-10-28,1312.0,rank-1,195
Python,https://github.com/ceph/ceph-deploy,2014-10-29,1314.0,rank-1,195
Python,https://github.com/ceph/ceph-deploy,2014-11-07,1315.0,rank-1,195
Python,https://github.com/ceph/ceph-deploy,2014-11-10,1318.0,rank-1,195
Python,https://github.com/ceph/ceph-deploy,2014-11-12,1319.0,rank-1,195
Python,https://github.com/ceph/ceph-deploy,2014-11-13,1321.0,rank-1,195
Python,https://github.com/ceph/ceph-deploy,2014-11-18,1324.0,rank-1,195
Python,https://github.com/ceph/ceph-deploy,2014-11-19,1329.0,rank-1,197
Python,https://github.com/ceph/ceph-deploy,2014-12-02,1330.0,rank-1,198
Python,https://github.com/ceph/ceph-deploy,2014-12-10,1333.0,rank-1,198
Python,https://github.com/ceph/ceph-deploy,2015-01-02,1337.0,rank-1,199
Python,https://github.com/ceph/ceph-deploy,2015-01-05,1338.0,rank-1,199
Python,https://github.com/ceph/ceph-deploy,2015-01-09,1341.0,rank-1,200
Python,https://github.com/ceph/ceph-deploy,2015-01-30,1343.0,rank-1,200
Python,https://github.com/ceph/ceph-deploy,2015-02-16,1344.0,rank-1,200
Python,https://github.com/ceph/ceph-deploy,2015-02-18,1345.0,rank-1,200
Python,https://github.com/ceph/ceph-deploy,2015-02-19,1349.0,rank-1,201
Python,https://github.com/ceph/ceph-deploy,2015-02-20,1356.0,rank-1,203
Python,https://github.com/ceph/ceph-deploy,2015-02-23,1358.0,rank-1,203
Python,https://github.com/ceph/ceph-deploy,2015-02-26,1359.0,rank-1,203
Python,https://github.com/ceph/ceph-deploy,2015-03-06,1364.0,rank-1,204
Python,https://github.com/ceph/ceph-deploy,2015-03-09,1367.0,rank-1,204
Python,https://github.com/ceph/ceph-deploy,2015-03-10,1370.0,rank-1,204
Python,https://github.com/ceph/ceph-deploy,2015-03-17,1375.0,rank-1,204
Python,https://github.com/ceph/ceph-deploy,2015-03-18,1376.0,rank-1,204
Python,https://github.com/ceph/ceph-deploy,2015-03-19,1391.0,rank-1,206
Python,https://github.com/ceph/ceph-deploy,2015-03-20,1395.0,rank-1,206
Python,https://github.com/ceph/ceph-deploy,2015-03-31,1399.0,rank-1,206
Python,https://github.com/ceph/ceph-deploy,2015-04-01,1400.0,rank-1,207
Python,https://github.com/ceph/ceph-deploy,2015-04-07,1406.0,rank-1,207
Python,https://github.com/ceph/ceph-deploy,2015-04-08,1407.0,rank-1,207
Python,https://github.com/ceph/ceph-deploy,2015-04-09,1409.0,rank-1,207
Python,https://github.com/ceph/ceph-deploy,2015-04-10,1412.0,rank-1,208
Python,https://github.com/ceph/ceph-deploy,2015-04-14,1413.0,rank-1,208
Python,https://github.com/ceph/ceph-deploy,2015-04-22,1416.0,rank-1,208
Python,https://github.com/ceph/ceph-deploy,2015-05-07,1428.0,rank-1,208
Python,https://github.com/ceph/ceph-deploy,2015-05-08,1435.0,rank-1,208
Python,https://github.com/ceph/ceph-deploy,2015-05-11,1444.0,rank-1,208
Python,https://github.com/ceph/ceph-deploy,2015-05-12,1458.0,rank-1,209
Python,https://github.com/ceph/ceph-deploy,2015-05-13,1465.0,rank-1,209
Python,https://github.com/ceph/ceph-deploy,2015-05-14,1469.0,rank-1,209
Python,https://github.com/ceph/ceph-deploy,2015-05-15,1474.0,rank-1,210
Python,https://github.com/ceph/ceph-deploy,2015-05-18,1482.0,rank-1,211
Python,https://github.com/ceph/ceph-deploy,2015-05-21,1489.0,rank-1,211
Python,https://github.com/ceph/ceph-deploy,2015-05-22,1495.0,rank-1,211
Python,https://github.com/ceph/ceph-deploy,2015-05-25,1503.0,rank-1,211
Python,https://github.com/ceph/ceph-deploy,2015-05-26,1507.0,rank-1,212
Python,https://github.com/ceph/ceph-deploy,2015-05-27,1517.0,rank-1,212
Python,https://github.com/ceph/ceph-deploy,2015-05-28,1525.0,rank-1,214
Python,https://github.com/ceph/ceph-deploy,2015-06-02,1527.0,rank-1,215
Python,https://github.com/ceph/ceph-deploy,2015-06-11,1529.0,rank-1,215
Python,https://github.com/ceph/ceph-deploy,2015-06-12,1534.0,rank-1,215
Python,https://github.com/ceph/ceph-deploy,2015-06-16,1537.0,rank-1,216
Python,https://github.com/ceph/ceph-deploy,2015-06-19,1540.0,rank-1,216
Python,https://github.com/ceph/ceph-deploy,2015-06-22,1543.0,rank-1,216
Python,https://github.com/ceph/ceph-deploy,2015-06-23,1553.0,rank-1,216
Python,https://github.com/ceph/ceph-deploy,2015-06-24,1567.0,rank-1,216
Python,https://github.com/ceph/ceph-deploy,2015-06-25,1573.0,rank-1,216
Python,https://github.com/ceph/ceph-deploy,2015-06-26,1574.0,rank-1,217
Python,https://github.com/ceph/ceph-deploy,2015-06-29,1583.0,rank-1,217
Python,https://github.com/ceph/ceph-deploy,2015-06-30,1588.0,rank-1,217
Python,https://github.com/ceph/ceph-deploy,2015-07-01,1598.0,rank-1,217
Python,https://github.com/ceph/ceph-deploy,2015-07-02,1599.0,rank-1,217
Python,https://github.com/ceph/ceph-deploy,2015-07-05,1600.0,rank-1,218
Python,https://github.com/ceph/ceph-deploy,2015-07-06,1601.0,rank-1,219
Python,https://github.com/ceph/ceph-deploy,2015-07-09,1606.0,rank-1,219
Python,https://github.com/ceph/ceph-deploy,2015-07-10,1610.0,rank-1,222
Python,https://github.com/ceph/ceph-deploy,2015-07-14,1613.0,rank-1,223
Python,https://github.com/ceph/ceph-deploy,2015-07-15,1618.0,rank-1,223
Python,https://github.com/ceph/ceph-deploy,2015-07-16,1623.0,rank-1,225
Python,https://github.com/ceph/ceph-deploy,2015-07-17,1624.0,rank-1,225
Python,https://github.com/ceph/ceph-deploy,2015-07-20,1627.0,rank-1,225
Python,https://github.com/ceph/ceph-deploy,2015-07-28,1628.0,rank-1,225
Python,https://github.com/ceph/ceph-deploy,2015-07-30,1629.0,rank-1,225
Python,https://github.com/ceph/ceph-deploy,2015-07-31,1644.0,rank-1,226
Python,https://github.com/ceph/ceph-deploy,2015-08-03,1660.0,rank-1,228
Python,https://github.com/ceph/ceph-deploy,2015-08-04,1673.0,rank-1,229
Python,https://github.com/ceph/ceph-deploy,2015-08-05,1685.0,rank-1,231
Python,https://github.com/ceph/ceph-deploy,2015-08-06,1689.0,rank-1,231
Python,https://github.com/ceph/ceph-deploy,2015-08-07,1695.0,rank-1,231
Python,https://github.com/ceph/ceph-deploy,2015-08-10,1697.0,rank-1,232
Python,https://github.com/ceph/ceph-deploy,2015-08-11,1704.0,rank-1,233
Python,https://github.com/ceph/ceph-deploy,2015-08-12,1708.0,rank-1,234
Python,https://github.com/ceph/ceph-deploy,2015-08-13,1711.0,rank-1,234
Python,https://github.com/ceph/ceph-deploy,2015-08-14,1714.0,rank-1,234
Python,https://github.com/ceph/ceph-deploy,2015-08-26,1717.0,rank-1,234
Python,https://github.com/ceph/ceph-deploy,2015-08-29,1719.0,rank-1,234
Python,https://github.com/ceph/ceph-deploy,2015-09-02,1721.0,rank-1,234
Python,https://github.com/ceph/ceph-deploy,2015-09-08,1724.0,rank-1,234
Python,https://github.com/ceph/ceph-deploy,2015-09-09,1725.0,rank-1,235
Python,https://github.com/ceph/ceph-deploy,2015-09-10,1727.0,rank-1,235
Python,https://github.com/ceph/ceph-deploy,2015-09-14,1728.0,rank-1,235
Python,https://github.com/ceph/ceph-deploy,2015-09-17,1730.0,rank-1,235
Python,https://github.com/ceph/ceph-deploy,2015-09-18,1732.0,rank-1,235
Python,https://github.com/ceph/ceph-deploy,2015-09-19,1733.0,rank-1,236
Python,https://github.com/ceph/ceph-deploy,2015-09-24,1736.0,rank-1,237
Python,https://github.com/ceph/ceph-deploy,2015-09-29,1737.0,rank-1,237
Python,https://github.com/ceph/ceph-deploy,2015-09-30,1743.0,rank-1,237
Python,https://github.com/ceph/ceph-deploy,2015-10-12,1744.0,rank-1,238
Python,https://github.com/ceph/ceph-deploy,2015-10-26,1746.0,rank-1,239
Python,https://github.com/ceph/ceph-deploy,2015-11-03,1748.0,rank-1,239
Python,https://github.com/ceph/ceph-deploy,2015-11-04,1749.0,rank-1,239
Python,https://github.com/ceph/ceph-deploy,2015-11-20,1751.0,rank-1,240
Python,https://github.com/ceph/ceph-deploy,2015-11-23,1752.0,rank-1,240
Python,https://github.com/ceph/ceph-deploy,2015-11-24,1755.0,rank-1,240
Python,https://github.com/ceph/ceph-deploy,2015-11-25,1756.0,rank-1,241
Python,https://github.com/ceph/ceph-deploy,2015-12-01,1758.0,rank-1,242
Python,https://github.com/ceph/ceph-deploy,2015-12-02,1762.0,rank-1,242
Python,https://github.com/ceph/ceph-deploy,2015-12-10,1763.0,rank-1,242
Python,https://github.com/ceph/ceph-deploy,2015-12-11,1769.0,rank-1,242
Python,https://github.com/ceph/ceph-deploy,2015-12-15,1770.0,rank-1,242
Python,https://github.com/ceph/ceph-deploy,2015-12-16,1771.0,rank-1,242
Python,https://github.com/ceph/ceph-deploy,2015-12-22,1773.0,rank-1,242
Python,https://github.com/ceph/ceph-deploy,2016-01-04,1777.0,rank-1,243
Python,https://github.com/ceph/ceph-deploy,2016-01-08,1783.0,rank-1,244
Python,https://github.com/ceph/ceph-deploy,2016-01-13,1785.0,rank-1,245
Python,https://github.com/ceph/ceph-deploy,2016-02-02,1791.0,rank-1,245
Python,https://github.com/ceph/ceph-deploy,2016-02-03,1792.0,rank-1,246
Python,https://github.com/ceph/ceph-deploy,2016-02-04,1794.0,rank-1,246
Python,https://github.com/ceph/ceph-deploy,2016-02-09,1795.0,rank-1,247
Python,https://github.com/ceph/ceph-deploy,2016-02-11,1797.0,rank-1,247
Python,https://github.com/ceph/ceph-deploy,2016-02-26,1798.0,rank-1,247
Python,https://github.com/ceph/ceph-deploy,2016-03-11,1800.0,rank-1,247
Python,https://github.com/ceph/ceph-deploy,2016-03-15,1802.0,rank-1,248
Python,https://github.com/ceph/ceph-deploy,2016-04-08,1805.0,rank-1,249
Python,https://github.com/ceph/ceph-deploy,2016-04-12,1809.0,rank-1,249
Python,https://github.com/ceph/ceph-deploy,2016-04-13,1818.0,rank-1,250
Python,https://github.com/ceph/ceph-deploy,2016-04-14,1819.0,rank-1,251
Python,https://github.com/ceph/ceph-deploy,2016-04-21,1821.0,rank-1,252
Python,https://github.com/ceph/ceph-deploy,2016-04-22,1835.0,rank-1,253
Python,https://github.com/ceph/ceph-deploy,2016-05-16,1837.0,rank-1,254
Python,https://github.com/ceph/ceph-deploy,2016-05-17,1838.0,rank-1,254
Python,https://github.com/ceph/ceph-deploy,2016-05-18,1839.0,rank-1,254
Python,https://github.com/ceph/ceph-deploy,2016-05-20,1843.0,rank-1,254
Python,https://github.com/ceph/ceph-deploy,2016-05-23,1854.0,rank-1,254
Python,https://github.com/ceph/ceph-deploy,2016-05-24,1856.0,rank-1,255
Python,https://github.com/ceph/ceph-deploy,2016-05-25,1857.0,rank-1,255
Python,https://github.com/ceph/ceph-deploy,2016-05-26,1859.0,rank-1,255
Python,https://github.com/ceph/ceph-deploy,2016-05-31,1860.0,rank-1,256
Python,https://github.com/ceph/ceph-deploy,2016-06-03,1864.0,rank-1,256
Python,https://github.com/ceph/ceph-deploy,2016-06-06,1866.0,rank-1,256
Python,https://github.com/ceph/ceph-deploy,2016-06-07,1870.0,rank-1,257
Python,https://github.com/ceph/ceph-deploy,2016-06-09,1873.0,rank-1,257
Python,https://github.com/ceph/ceph-deploy,2016-06-14,1875.0,rank-1,258
Python,https://github.com/ceph/ceph-deploy,2016-06-15,1876.0,rank-1,258
Python,https://github.com/ceph/ceph-deploy,2016-06-16,1877.0,rank-1,258
Python,https://github.com/ceph/ceph-deploy,2016-06-21,1878.0,rank-1,258
Python,https://github.com/ceph/ceph-deploy,2016-06-22,1879.0,rank-1,258
Python,https://github.com/ceph/ceph-deploy,2016-06-23,1883.0,rank-1,260
Python,https://github.com/ceph/ceph-deploy,2016-06-24,1884.0,rank-1,260
Python,https://github.com/ceph/ceph-deploy,2016-06-29,1888.0,rank-1,262
Python,https://github.com/ceph/ceph-deploy,2016-07-07,1889.0,rank-1,262
Python,https://github.com/ceph/ceph-deploy,2016-07-10,1890.0,rank-1,262
Python,https://github.com/ceph/ceph-deploy,2016-07-11,1891.0,rank-1,263
Python,https://github.com/ceph/ceph-deploy,2016-07-13,1892.0,rank-1,264
Python,https://github.com/ceph/ceph-deploy,2016-08-10,1894.0,rank-1,264
Python,https://github.com/ceph/ceph-deploy,2016-08-12,1895.0,rank-1,265
Python,https://github.com/ceph/ceph-deploy,2016-08-15,1899.0,rank-1,266
Python,https://github.com/ceph/ceph-deploy,2016-08-17,1900.0,rank-1,266
Python,https://github.com/ceph/ceph-deploy,2016-08-18,1901.0,rank-1,267
Python,https://github.com/ceph/ceph-deploy,2016-08-19,1903.0,rank-1,267
Python,https://github.com/ceph/ceph-deploy,2016-08-23,1906.0,rank-1,267
Python,https://github.com/ceph/ceph-deploy,2016-08-24,1908.0,rank-1,267
Python,https://github.com/ceph/ceph-deploy,2016-08-29,1911.0,rank-1,267
Python,https://github.com/ceph/ceph-deploy,2016-08-30,1912.0,rank-1,267
Python,https://github.com/ceph/ceph-deploy,2016-09-08,1913.0,rank-1,267
Python,https://github.com/ceph/ceph-deploy,2016-09-13,1914.0,rank-1,268
Python,https://github.com/ceph/ceph-deploy,2016-10-10,1915.0,rank-1,268
Python,https://github.com/ceph/ceph-deploy,2016-10-14,1916.0,rank-1,268
Python,https://github.com/ceph/ceph-deploy,2016-10-20,1917.0,rank-1,269
Python,https://github.com/ceph/ceph-deploy,2016-11-08,1919.0,rank-1,269
Python,https://github.com/ceph/ceph-deploy,2016-11-15,1920.0,rank-1,270
Python,https://github.com/ceph/ceph-deploy,2016-12-08,1928.0,rank-1,270
Python,https://github.com/ceph/ceph-deploy,2017-01-03,1934.0,rank-1,271
Python,https://github.com/ceph/ceph-deploy,2017-02-03,1935.0,rank-1,271
Python,https://github.com/ceph/ceph-deploy,2017-02-21,1936.0,rank-1,271
Python,https://github.com/ceph/ceph-deploy,2017-02-22,1937.0,rank-1,271
Python,https://github.com/ceph/ceph-deploy,2017-02-23,1938.0,rank-1,271
Python,https://github.com/ceph/ceph-deploy,2017-03-06,1940.0,rank-1,271
Python,https://github.com/ceph/ceph-deploy,2017-03-07,1941.0,rank-1,271
Python,https://github.com/ceph/ceph-deploy,2017-03-08,1942.0,rank-1,272
Python,https://github.com/ceph/ceph-deploy,2017-03-10,1943.0,rank-1,272
Python,https://github.com/ceph/ceph-deploy,2017-03-13,1947.0,rank-1,272
Python,https://github.com/ceph/ceph-deploy,2017-03-14,1948.0,rank-1,273
Python,https://github.com/ceph/ceph-deploy,2017-03-17,1949.0,rank-1,273
Python,https://github.com/ceph/ceph-deploy,2017-03-22,1952.0,rank-1,274
Python,https://github.com/ceph/ceph-deploy,2017-04-20,1954.0,rank-1,274
Python,https://github.com/ceph/ceph-deploy,2017-05-11,1955.0,rank-1,274
Python,https://github.com/ceph/ceph-deploy,2017-05-19,1959.0,rank-1,275
Python,https://github.com/ceph/ceph-deploy,2017-05-25,1960.0,rank-1,275
Python,https://github.com/ceph/ceph-deploy,2017-06-08,1963.0,rank-1,275
Python,https://github.com/ceph/ceph-deploy,2017-06-09,1965.0,rank-1,276
Python,https://github.com/ceph/ceph-deploy,2017-06-22,1968.0,rank-1,276
Python,https://github.com/ceph/ceph-deploy,2017-07-05,1971.0,rank-1,276
Python,https://github.com/ceph/ceph-deploy,2017-07-09,1972.0,rank-1,276
Python,https://github.com/ceph/ceph-deploy,2017-07-19,1974.0,rank-1,278
Python,https://github.com/ceph/ceph-deploy,2017-07-28,1975.0,rank-1,278
Python,https://github.com/ceph/ceph-deploy,2017-08-07,1976.0,rank-1,279
Python,https://github.com/ceph/ceph-deploy,2017-09-01,1980.0,rank-1,280
Python,https://github.com/ceph/ceph-deploy,2017-09-06,1981.0,rank-1,280
Python,https://github.com/ceph/ceph-deploy,2017-09-11,1982.0,rank-1,280
Python,https://github.com/ceph/ceph-deploy,2017-09-12,1983.0,rank-1,281
Python,https://github.com/ceph/ceph-deploy,2017-09-20,1984.0,rank-1,282
Python,https://github.com/ceph/ceph-deploy,2017-11-27,1986.0,rank-1,282
Python,https://github.com/ceph/ceph-deploy,2017-11-28,1992.0,rank-1,282
Python,https://github.com/ceph/ceph-deploy,2017-11-29,2002.0,rank-1,282
Python,https://github.com/ceph/ceph-deploy,2017-12-01,2003.0,rank-1,282
Python,https://github.com/ceph/ceph-deploy,2017-12-06,2006.0,rank-1,282
Python,https://github.com/ceph/ceph-deploy,2017-12-27,2007.0,rank-1,282
Python,https://github.com/ceph/ceph-deploy,2018-01-16,2011.0,rank-1,282
Python,https://github.com/ceph/ceph-deploy,2018-01-17,2013.0,rank-1,283
Python,https://github.com/ceph/ceph-deploy,2018-01-23,2015.0,rank-1,283
Python,https://github.com/ceph/ceph-deploy,2018-01-26,2017.0,rank-1,283
Python,https://github.com/ceph/ceph-deploy,2018-01-29,2018.0,rank-1,283
Python,https://github.com/ceph/ceph-deploy,2018-01-30,2019.0,rank-1,283
Python,https://github.com/ceph/ceph-deploy,2018-02-01,2021.0,rank-1,284
Python,https://github.com/ceph/ceph-deploy,2018-02-07,2022.0,rank-1,284
Python,https://github.com/ceph/ceph-deploy,2018-02-16,2025.0,rank-1,285
Python,https://github.com/ceph/ceph-deploy,2018-02-20,2027.0,rank-1,286
Python,https://github.com/ceph/ceph-deploy,2018-02-21,2029.0,rank-1,287
Python,https://github.com/ceph/ceph-deploy,2018-03-01,2031.0,rank-1,287
Python,https://github.com/ceph/ceph-deploy,2018-03-05,2033.0,rank-1,287
Python,https://github.com/ceph/ceph-deploy,2018-03-06,2034.0,rank-1,288
Python,https://github.com/ceph/ceph-deploy,2018-03-31,2035.0,rank-1,288
Python,https://github.com/ceph/ceph-deploy,2018-04-09,2036.0,rank-1,289
Python,https://github.com/ceph/ceph-deploy,2018-05-03,2037.0,rank-1,289
Python,https://github.com/ceph/ceph-deploy,2018-06-19,2043.0,rank-1,290
Python,https://github.com/ceph/ceph-deploy,2018-07-10,2046.0,rank-1,290
Python,https://github.com/ceph/ceph-deploy,2018-07-16,2049.0,rank-1,290
Python,https://github.com/ceph/ceph-deploy,2018-07-18,2050.0,rank-1,290
Python,https://github.com/ceph/ceph-deploy,2018-09-20,2052.0,rank-1,291
Python,https://github.com/ceph/ceph-deploy,2018-12-15,2053.0,rank-1,292
Python,https://github.com/ceph/ceph-deploy,2018-12-18,2054.0,rank-1,292
Python,https://github.com/ceph/ceph-deploy,2019-01-15,2058.0,rank-1,293
Python,https://github.com/ceph/ceph-deploy,2019-01-16,2059.0,rank-1,293
Python,https://github.com/ceph/ceph-deploy,2019-01-17,2060.0,rank-1,294
Python,https://github.com/ceph/ceph-deploy,2019-01-28,2061.0,rank-1,295
Python,https://github.com/ceph/ceph-deploy,2019-02-25,2063.0,rank-1,296
Python,https://github.com/ceph/ceph-deploy,2019-03-26,2064.0,rank-1,296
Python,https://github.com/ceph/ceph-deploy,2019-04-05,2066.0,rank-1,297
Python,https://github.com/ceph/ceph-deploy,2019-04-16,2071.0,rank-1,298
Python,https://github.com/ceph/ceph-deploy,2019-04-25,2073.0,rank-1,298
Python,https://github.com/ceph/ceph-deploy,2019-04-29,2076.0,rank-1,298
Python,https://github.com/ceph/ceph-deploy,2019-05-01,2082.0,rank-1,298
Python,https://github.com/ceph/ceph-deploy,2019-05-06,2084.0,rank-1,298
Python,https://github.com/ceph/ceph-deploy,2019-07-12,2085.0,rank-1,298
Python,https://github.com/ceph/ceph-deploy,2019-08-13,2087.0,rank-1,298
Python,https://github.com/ceph/ceph-deploy,2019-12-19,2088.0,rank-1,298
Python,https://github.com/ceph/ceph-deploy,2020-02-12,2089.0,rank-1,298
Python,https://github.com/ceph/ceph-deploy,2020-04-09,2090.0,rank-1,298
Python,https://github.com/ceph/ceph-deploy,2020-04-13,2091.0,rank-1,298
Python,https://github.com/ceph/ceph-deploy,2020-05-22,2092.0,rank-1,298
Python,https://github.com/ceph/ceph-deploy,2020-06-02,2093.0,rank-1,298
Python,https://github.com/ceph/ceph-deploy,2020-06-03,2098.0,rank-1,298
Python,https://github.com/ceph/ceph-deploy,2020-06-04,2100.0,rank-1,298
Python,https://github.com/ceph/ceph-deploy,2020-06-05,2102.0,rank-1,298
Python,https://github.com/ceph/ceph-deploy,2020-08-06,2103.0,rank-1,298
Python,https://github.com/ceph/ceph-deploy,2020-08-13,2105.0,rank-1,298
Python,https://github.com/ceph/ceph-deploy,2020-09-01,2112.0,rank-1,298
Python,https://github.com/ceph/ceph-deploy,2020-09-03,2114.0,rank-1,298
Python,https://github.com/ceph/ceph-deploy,2020-09-17,2115.0,rank-1,298
Python,https://github.com/ceph/ceph-deploy,2020-09-18,2117.0,rank-1,298
Python,https://github.com/ceph/ceph-deploy,2020-09-26,2119.0,rank-1,298
Python,https://github.com/ceph/ceph-deploy,2020-09-27,2120.0,rank-1,298
Python,https://github.com/ceph/ceph-deploy,2020-10-01,2127.0,rank-1,298
Python,https://github.com/ceph/ceph-deploy,2020-10-02,2129.0,rank-1,298
Python,https://github.com/ceph/ceph-deploy,2012-08-28,21.0,rank-2,0
Python,https://github.com/ceph/ceph-deploy,2012-08-29,22.0,rank-2,0
Python,https://github.com/ceph/ceph-deploy,2012-08-30,23.0,rank-2,0
Python,https://github.com/ceph/ceph-deploy,2012-09-11,24.0,rank-2,0
Python,https://github.com/ceph/ceph-deploy,2012-09-12,27.0,rank-2,0
Python,https://github.com/ceph/ceph-deploy,2012-09-13,29.0,rank-2,0
Python,https://github.com/ceph/ceph-deploy,2012-09-14,34.0,rank-2,0
Python,https://github.com/ceph/ceph-deploy,2012-09-17,35.0,rank-2,0
Python,https://github.com/ceph/ceph-deploy,2012-09-26,36.0,rank-2,0
Python,https://github.com/ceph/ceph-deploy,2012-10-15,37.0,rank-2,0
Python,https://github.com/ceph/ceph-deploy,2012-10-17,38.0,rank-2,0
Python,https://github.com/ceph/ceph-deploy,2012-10-18,39.0,rank-2,0
Python,https://github.com/ceph/ceph-deploy,2012-10-25,41.0,rank-2,0
Python,https://github.com/ceph/ceph-deploy,2012-10-29,52.0,rank-2,0
Python,https://github.com/ceph/ceph-deploy,2012-10-30,56.0,rank-2,0
Python,https://github.com/ceph/ceph-deploy,2012-11-15,57.0,rank-2,0
Python,https://github.com/ceph/ceph-deploy,2012-12-14,58.0,rank-2,0
Python,https://github.com/ceph/ceph-deploy,2013-01-26,60.0,rank-2,0
Python,https://github.com/ceph/ceph-deploy,2013-01-27,63.0,rank-2,0
Python,https://github.com/ceph/ceph-deploy,2013-01-31,75.0,rank-2,0
Python,https://github.com/ceph/ceph-deploy,2013-02-01,77.0,rank-2,0
Python,https://github.com/ceph/ceph-deploy,2013-02-05,78.0,rank-2,0
Python,https://github.com/ceph/ceph-deploy,2013-02-12,80.0,rank-2,0
Python,https://github.com/ceph/ceph-deploy,2013-02-13,90.0,rank-2,0
Python,https://github.com/ceph/ceph-deploy,2013-02-14,91.0,rank-2,0
Python,https://github.com/ceph/ceph-deploy,2013-02-22,92.0,rank-2,0
Python,https://github.com/ceph/ceph-deploy,2013-02-26,93.0,rank-2,0
Python,https://github.com/ceph/ceph-deploy,2013-02-27,94.0,rank-2,0
Python,https://github.com/ceph/ceph-deploy,2013-02-28,95.0,rank-2,0
Python,https://github.com/ceph/ceph-deploy,2013-03-01,96.0,rank-2,0
Python,https://github.com/ceph/ceph-deploy,2013-03-05,99.0,rank-2,0
Python,https://github.com/ceph/ceph-deploy,2013-03-06,101.0,rank-2,0
Python,https://github.com/ceph/ceph-deploy,2013-03-07,103.0,rank-2,0
Python,https://github.com/ceph/ceph-deploy,2013-03-08,105.0,rank-2,0
Python,https://github.com/ceph/ceph-deploy,2013-03-09,107.0,rank-2,0
Python,https://github.com/ceph/ceph-deploy,2013-03-11,114.0,rank-2,0
Python,https://github.com/ceph/ceph-deploy,2013-03-13,125.0,rank-2,0
Python,https://github.com/ceph/ceph-deploy,2013-03-14,126.0,rank-2,0
Python,https://github.com/ceph/ceph-deploy,2013-03-18,127.0,rank-2,0
Python,https://github.com/ceph/ceph-deploy,2013-03-21,156.0,rank-2,0
Python,https://github.com/ceph/ceph-deploy,2013-03-22,158.0,rank-2,0
Python,https://github.com/ceph/ceph-deploy,2013-03-26,160.0,rank-2,0
Python,https://github.com/ceph/ceph-deploy,2013-03-27,162.0,rank-2,0
Python,https://github.com/ceph/ceph-deploy,2013-03-29,164.0,rank-2,0
Python,https://github.com/ceph/ceph-deploy,2013-04-02,166.0,rank-2,0
Python,https://github.com/ceph/ceph-deploy,2013-04-03,167.0,rank-2,0
Python,https://github.com/ceph/ceph-deploy,2013-04-05,168.0,rank-2,0
Python,https://github.com/ceph/ceph-deploy,2013-04-09,169.0,rank-2,0
Python,https://github.com/ceph/ceph-deploy,2013-04-17,170.0,rank-2,0
Python,https://github.com/ceph/ceph-deploy,2013-04-19,171.0,rank-2,0
Python,https://github.com/ceph/ceph-deploy,2013-04-22,172.0,rank-2,0
Python,https://github.com/ceph/ceph-deploy,2013-04-23,173.0,rank-2,0
Python,https://github.com/ceph/ceph-deploy,2013-04-24,174.0,rank-2,0
Python,https://github.com/ceph/ceph-deploy,2013-04-26,181.0,rank-2,0
Python,https://github.com/ceph/ceph-deploy,2013-04-29,185.0,rank-2,0
Python,https://github.com/ceph/ceph-deploy,2013-04-30,188.0,rank-2,0
Python,https://github.com/ceph/ceph-deploy,2013-05-01,191.0,rank-2,0
Python,https://github.com/ceph/ceph-deploy,2013-05-02,194.0,rank-2,0
Python,https://github.com/ceph/ceph-deploy,2013-05-03,195.0,rank-2,0
Python,https://github.com/ceph/ceph-deploy,2013-05-06,196.0,rank-2,0
Python,https://github.com/ceph/ceph-deploy,2013-05-08,197.0,rank-2,0
Python,https://github.com/ceph/ceph-deploy,2013-05-11,200.0,rank-2,0
Python,https://github.com/ceph/ceph-deploy,2013-05-13,201.0,rank-2,0
Python,https://github.com/ceph/ceph-deploy,2013-05-14,205.0,rank-2,0
Python,https://github.com/ceph/ceph-deploy,2013-05-15,207.0,rank-2,0
Python,https://github.com/ceph/ceph-deploy,2013-05-16,209.0,rank-2,0
Python,https://github.com/ceph/ceph-deploy,2013-05-23,213.0,rank-2,0
Python,https://github.com/ceph/ceph-deploy,2013-05-24,216.0,rank-2,0
Python,https://github.com/ceph/ceph-deploy,2013-05-30,217.0,rank-2,0
Python,https://github.com/ceph/ceph-deploy,2013-06-06,219.0,rank-2,0
Python,https://github.com/ceph/ceph-deploy,2013-06-07,221.0,rank-2,0
Python,https://github.com/ceph/ceph-deploy,2013-06-10,223.0,rank-2,0
Python,https://github.com/ceph/ceph-deploy,2013-06-13,225.0,rank-2,0
Python,https://github.com/ceph/ceph-deploy,2013-06-14,228.0,rank-2,0
Python,https://github.com/ceph/ceph-deploy,2013-06-18,231.0,rank-2,0
Python,https://github.com/ceph/ceph-deploy,2013-06-25,232.0,rank-2,0
Python,https://github.com/ceph/ceph-deploy,2013-06-27,233.0,rank-2,0
Python,https://github.com/ceph/ceph-deploy,2013-07-01,238.0,rank-2,0
Python,https://github.com/ceph/ceph-deploy,2013-07-03,239.0,rank-2,0
Python,https://github.com/ceph/ceph-deploy,2013-07-17,253.0,rank-2,0
Python,https://github.com/ceph/ceph-deploy,2013-07-18,270.0,rank-2,0
Python,https://github.com/ceph/ceph-deploy,2013-07-19,276.0,rank-2,0
Python,https://github.com/ceph/ceph-deploy,2013-07-22,284.0,rank-2,0
Python,https://github.com/ceph/ceph-deploy,2013-07-23,288.0,rank-2,0
Python,https://github.com/ceph/ceph-deploy,2013-07-24,294.0,rank-2,0
Python,https://github.com/ceph/ceph-deploy,2013-07-25,310.0,rank-2,0
Python,https://github.com/ceph/ceph-deploy,2013-07-26,321.0,rank-2,0
Python,https://github.com/ceph/ceph-deploy,2013-07-29,338.0,rank-2,0
Python,https://github.com/ceph/ceph-deploy,2013-07-30,341.0,rank-2,0
Python,https://github.com/ceph/ceph-deploy,2013-07-31,348.0,rank-2,0
Python,https://github.com/ceph/ceph-deploy,2013-08-01,355.0,rank-2,0
Python,https://github.com/ceph/ceph-deploy,2013-08-02,364.0,rank-2,0
Python,https://github.com/ceph/ceph-deploy,2013-08-04,366.0,rank-2,0
Python,https://github.com/ceph/ceph-deploy,2013-08-05,371.0,rank-2,0
Python,https://github.com/ceph/ceph-deploy,2013-08-06,372.0,rank-2,0
Python,https://github.com/ceph/ceph-deploy,2013-08-09,386.0,rank-2,0
Python,https://github.com/ceph/ceph-deploy,2013-08-12,393.0,rank-2,0
Python,https://github.com/ceph/ceph-deploy,2013-08-13,397.0,rank-2,0
Python,https://github.com/ceph/ceph-deploy,2013-08-14,400.0,rank-2,0
Python,https://github.com/ceph/ceph-deploy,2013-08-15,409.0,rank-2,0
Python,https://github.com/ceph/ceph-deploy,2013-08-19,416.0,rank-2,0
Python,https://github.com/ceph/ceph-deploy,2013-08-20,420.0,rank-2,0
Python,https://github.com/ceph/ceph-deploy,2013-08-22,434.0,rank-2,0
Python,https://github.com/ceph/ceph-deploy,2013-08-26,443.0,rank-2,0
Python,https://github.com/ceph/ceph-deploy,2013-08-27,445.0,rank-2,0
Python,https://github.com/ceph/ceph-deploy,2013-08-28,446.0,rank-2,0
Python,https://github.com/ceph/ceph-deploy,2013-08-29,453.0,rank-2,0
Python,https://github.com/ceph/ceph-deploy,2013-08-31,454.0,rank-2,0
Python,https://github.com/ceph/ceph-deploy,2013-09-01,455.0,rank-2,0
Python,https://github.com/ceph/ceph-deploy,2013-09-03,464.0,rank-2,0
Python,https://github.com/ceph/ceph-deploy,2013-09-04,467.0,rank-2,0
Python,https://github.com/ceph/ceph-deploy,2013-09-05,473.0,rank-2,0
Python,https://github.com/ceph/ceph-deploy,2013-09-06,480.0,rank-2,0
Python,https://github.com/ceph/ceph-deploy,2013-09-09,486.0,rank-2,0
Python,https://github.com/ceph/ceph-deploy,2013-09-10,491.0,rank-2,0
Python,https://github.com/ceph/ceph-deploy,2013-09-11,500.0,rank-2,0
Python,https://github.com/ceph/ceph-deploy,2013-09-12,509.0,rank-2,0
Python,https://github.com/ceph/ceph-deploy,2013-09-16,521.0,rank-2,0
Python,https://github.com/ceph/ceph-deploy,2013-09-17,533.0,rank-2,0
Python,https://github.com/ceph/ceph-deploy,2013-09-18,541.0,rank-2,0
Python,https://github.com/ceph/ceph-deploy,2013-09-19,545.0,rank-2,0
Python,https://github.com/ceph/ceph-deploy,2013-09-20,547.0,rank-2,0
Python,https://github.com/ceph/ceph-deploy,2013-09-23,549.0,rank-2,0
Python,https://github.com/ceph/ceph-deploy,2013-09-24,556.0,rank-2,0
Python,https://github.com/ceph/ceph-deploy,2013-09-25,558.0,rank-2,0
Python,https://github.com/ceph/ceph-deploy,2013-09-27,560.0,rank-2,0
Python,https://github.com/ceph/ceph-deploy,2013-09-30,563.0,rank-2,0
Python,https://github.com/ceph/ceph-deploy,2013-10-01,568.0,rank-2,0
Python,https://github.com/ceph/ceph-deploy,2013-10-02,572.0,rank-2,0
Python,https://github.com/ceph/ceph-deploy,2013-10-04,578.0,rank-2,0
Python,https://github.com/ceph/ceph-deploy,2013-10-07,580.0,rank-2,0
Python,https://github.com/ceph/ceph-deploy,2013-10-08,591.0,rank-2,0
Python,https://github.com/ceph/ceph-deploy,2013-10-09,601.0,rank-2,0
Python,https://github.com/ceph/ceph-deploy,2013-10-10,618.0,rank-2,0
Python,https://github.com/ceph/ceph-deploy,2013-10-11,628.0,rank-2,0
Python,https://github.com/ceph/ceph-deploy,2013-10-14,645.0,rank-2,0
Python,https://github.com/ceph/ceph-deploy,2013-10-15,647.0,rank-2,0
Python,https://github.com/ceph/ceph-deploy,2013-10-16,653.0,rank-2,0
Python,https://github.com/ceph/ceph-deploy,2013-10-17,664.0,rank-2,0
Python,https://github.com/ceph/ceph-deploy,2013-10-18,665.0,rank-2,0
Python,https://github.com/ceph/ceph-deploy,2013-10-19,667.0,rank-2,0
Python,https://github.com/ceph/ceph-deploy,2013-10-21,676.0,rank-2,0
Python,https://github.com/ceph/ceph-deploy,2013-10-22,680.0,rank-2,0
Python,https://github.com/ceph/ceph-deploy,2013-10-28,686.0,rank-2,0
Python,https://github.com/ceph/ceph-deploy,2013-10-29,694.0,rank-2,0
Python,https://github.com/ceph/ceph-deploy,2013-10-30,699.0,rank-2,0
Python,https://github.com/ceph/ceph-deploy,2013-10-31,701.0,rank-2,0
Python,https://github.com/ceph/ceph-deploy,2013-11-01,703.0,rank-2,0
Python,https://github.com/ceph/ceph-deploy,2013-11-04,706.0,rank-2,0
Python,https://github.com/ceph/ceph-deploy,2013-11-05,711.0,rank-2,0
Python,https://github.com/ceph/ceph-deploy,2013-11-06,716.0,rank-2,0
Python,https://github.com/ceph/ceph-deploy,2013-11-07,720.0,rank-2,0
Python,https://github.com/ceph/ceph-deploy,2013-11-08,729.0,rank-2,0
Python,https://github.com/ceph/ceph-deploy,2013-11-12,739.0,rank-2,0
Python,https://github.com/ceph/ceph-deploy,2013-11-13,742.0,rank-2,0
Python,https://github.com/ceph/ceph-deploy,2013-11-14,748.0,rank-2,0
Python,https://github.com/ceph/ceph-deploy,2013-11-15,749.0,rank-2,0
Python,https://github.com/ceph/ceph-deploy,2013-11-18,756.0,rank-2,0
Python,https://github.com/ceph/ceph-deploy,2013-11-19,768.0,rank-2,0
Python,https://github.com/ceph/ceph-deploy,2013-11-20,770.0,rank-2,0
Python,https://github.com/ceph/ceph-deploy,2013-11-21,771.0,rank-2,0
Python,https://github.com/ceph/ceph-deploy,2013-11-22,772.0,rank-2,0
Python,https://github.com/ceph/ceph-deploy,2013-11-24,773.0,rank-2,0
Python,https://github.com/ceph/ceph-deploy,2013-11-25,781.0,rank-2,0
Python,https://github.com/ceph/ceph-deploy,2013-11-26,785.0,rank-2,0
Python,https://github.com/ceph/ceph-deploy,2013-12-02,791.0,rank-2,0
Python,https://github.com/ceph/ceph-deploy,2013-12-04,792.0,rank-2,0
Python,https://github.com/ceph/ceph-deploy,2013-12-05,797.0,rank-2,0
Python,https://github.com/ceph/ceph-deploy,2013-12-06,801.0,rank-2,0
Python,https://github.com/ceph/ceph-deploy,2013-12-09,804.0,rank-2,0
Python,https://github.com/ceph/ceph-deploy,2013-12-12,815.0,rank-2,0
Python,https://github.com/ceph/ceph-deploy,2013-12-13,816.0,rank-2,0
Python,https://github.com/ceph/ceph-deploy,2014-01-02,820.0,rank-2,0
Python,https://github.com/ceph/ceph-deploy,2014-01-06,824.0,rank-2,0
Python,https://github.com/ceph/ceph-deploy,2014-01-07,825.0,rank-2,0
Python,https://github.com/ceph/ceph-deploy,2014-01-08,827.0,rank-2,0
Python,https://github.com/ceph/ceph-deploy,2014-01-09,832.0,rank-2,0
Python,https://github.com/ceph/ceph-deploy,2014-01-10,834.0,rank-2,0
Python,https://github.com/ceph/ceph-deploy,2014-01-23,836.0,rank-2,0
Python,https://github.com/ceph/ceph-deploy,2014-01-27,838.0,rank-2,0
Python,https://github.com/ceph/ceph-deploy,2014-01-29,842.0,rank-2,0
Python,https://github.com/ceph/ceph-deploy,2014-01-30,845.0,rank-2,0
Python,https://github.com/ceph/ceph-deploy,2014-01-31,847.0,rank-2,0
Python,https://github.com/ceph/ceph-deploy,2014-02-03,848.0,rank-2,0
Python,https://github.com/ceph/ceph-deploy,2014-02-05,858.0,rank-2,0
Python,https://github.com/ceph/ceph-deploy,2014-02-14,861.0,rank-2,0
Python,https://github.com/ceph/ceph-deploy,2014-02-18,865.0,rank-2,0
Python,https://github.com/ceph/ceph-deploy,2014-02-20,879.0,rank-2,0
Python,https://github.com/ceph/ceph-deploy,2014-02-21,884.0,rank-2,0
Python,https://github.com/ceph/ceph-deploy,2014-02-25,885.0,rank-2,0
Python,https://github.com/ceph/ceph-deploy,2014-02-28,893.0,rank-2,0
Python,https://github.com/ceph/ceph-deploy,2014-03-03,897.0,rank-2,0
Python,https://github.com/ceph/ceph-deploy,2014-03-04,903.0,rank-2,0
Python,https://github.com/ceph/ceph-deploy,2014-03-05,904.0,rank-2,0
Python,https://github.com/ceph/ceph-deploy,2014-03-06,910.0,rank-2,0
Python,https://github.com/ceph/ceph-deploy,2014-03-07,913.0,rank-2,0
Python,https://github.com/ceph/ceph-deploy,2014-03-10,922.0,rank-2,0
Python,https://github.com/ceph/ceph-deploy,2014-03-11,927.0,rank-2,0
Python,https://github.com/ceph/ceph-deploy,2014-03-12,939.0,rank-2,0
Python,https://github.com/ceph/ceph-deploy,2014-03-13,941.0,rank-2,0
Python,https://github.com/ceph/ceph-deploy,2014-03-17,944.0,rank-2,0
Python,https://github.com/ceph/ceph-deploy,2014-03-18,947.0,rank-2,0
Python,https://github.com/ceph/ceph-deploy,2014-03-19,948.0,rank-2,0
Python,https://github.com/ceph/ceph-deploy,2014-03-20,950.0,rank-2,0
Python,https://github.com/ceph/ceph-deploy,2014-03-27,951.0,rank-2,0
Python,https://github.com/ceph/ceph-deploy,2014-04-01,963.0,rank-2,0
Python,https://github.com/ceph/ceph-deploy,2014-04-02,966.0,rank-2,0
Python,https://github.com/ceph/ceph-deploy,2014-04-07,974.0,rank-2,0
Python,https://github.com/ceph/ceph-deploy,2014-04-10,976.0,rank-2,0
Python,https://github.com/ceph/ceph-deploy,2014-04-13,978.0,rank-2,0
Python,https://github.com/ceph/ceph-deploy,2014-04-14,981.0,rank-2,0
Python,https://github.com/ceph/ceph-deploy,2014-04-15,984.0,rank-2,0
Python,https://github.com/ceph/ceph-deploy,2014-04-16,985.0,rank-2,0
Python,https://github.com/ceph/ceph-deploy,2014-04-17,991.0,rank-2,0
Python,https://github.com/ceph/ceph-deploy,2014-04-18,992.0,rank-2,0
Python,https://github.com/ceph/ceph-deploy,2014-04-23,997.0,rank-2,0
Python,https://github.com/ceph/ceph-deploy,2014-04-24,1001.0,rank-2,0
Python,https://github.com/ceph/ceph-deploy,2014-04-25,1010.0,rank-2,0
Python,https://github.com/ceph/ceph-deploy,2014-05-01,1016.0,rank-2,0
Python,https://github.com/ceph/ceph-deploy,2014-05-05,1018.0,rank-2,0
Python,https://github.com/ceph/ceph-deploy,2014-05-07,1023.0,rank-2,0
Python,https://github.com/ceph/ceph-deploy,2014-05-08,1024.0,rank-2,0
Python,https://github.com/ceph/ceph-deploy,2014-05-13,1028.0,rank-2,0
Python,https://github.com/ceph/ceph-deploy,2014-05-14,1031.0,rank-2,0
Python,https://github.com/ceph/ceph-deploy,2014-05-20,1033.0,rank-2,0
Python,https://github.com/ceph/ceph-deploy,2014-05-21,1035.0,rank-2,0
Python,https://github.com/ceph/ceph-deploy,2014-05-27,1036.0,rank-2,0
Python,https://github.com/ceph/ceph-deploy,2014-05-28,1039.0,rank-2,0
Python,https://github.com/ceph/ceph-deploy,2014-05-29,1045.0,rank-2,0
Python,https://github.com/ceph/ceph-deploy,2014-05-30,1051.0,rank-2,0
Python,https://github.com/ceph/ceph-deploy,2014-06-02,1052.0,rank-2,0
Python,https://github.com/ceph/ceph-deploy,2014-06-04,1057.0,rank-2,0
Python,https://github.com/ceph/ceph-deploy,2014-06-05,1061.0,rank-2,0
Python,https://github.com/ceph/ceph-deploy,2014-06-06,1067.0,rank-2,0
Python,https://github.com/ceph/ceph-deploy,2014-06-09,1069.0,rank-2,0
Python,https://github.com/ceph/ceph-deploy,2014-06-10,1072.0,rank-2,0
Python,https://github.com/ceph/ceph-deploy,2014-06-16,1074.0,rank-2,0
Python,https://github.com/ceph/ceph-deploy,2014-06-24,1080.0,rank-2,0
Python,https://github.com/ceph/ceph-deploy,2014-06-25,1083.0,rank-2,0
Python,https://github.com/ceph/ceph-deploy,2014-06-27,1088.0,rank-2,0
Python,https://github.com/ceph/ceph-deploy,2014-06-30,1094.0,rank-2,0
Python,https://github.com/ceph/ceph-deploy,2014-07-01,1100.0,rank-2,0
Python,https://github.com/ceph/ceph-deploy,2014-07-02,1113.0,rank-2,0
Python,https://github.com/ceph/ceph-deploy,2014-07-03,1116.0,rank-2,0
Python,https://github.com/ceph/ceph-deploy,2014-07-07,1117.0,rank-2,0
Python,https://github.com/ceph/ceph-deploy,2014-07-08,1124.0,rank-2,0
Python,https://github.com/ceph/ceph-deploy,2014-07-09,1128.0,rank-2,0
Python,https://github.com/ceph/ceph-deploy,2014-07-10,1130.0,rank-2,0
Python,https://github.com/ceph/ceph-deploy,2014-07-11,1139.0,rank-2,0
Python,https://github.com/ceph/ceph-deploy,2014-07-14,1146.0,rank-2,0
Python,https://github.com/ceph/ceph-deploy,2014-07-15,1148.0,rank-2,0
Python,https://github.com/ceph/ceph-deploy,2014-07-16,1155.0,rank-2,0
Python,https://github.com/ceph/ceph-deploy,2014-07-19,1156.0,rank-2,0
Python,https://github.com/ceph/ceph-deploy,2014-07-21,1157.0,rank-2,0
Python,https://github.com/ceph/ceph-deploy,2014-07-22,1160.0,rank-2,0
Python,https://github.com/ceph/ceph-deploy,2014-07-23,1163.0,rank-2,0
Python,https://github.com/ceph/ceph-deploy,2014-07-24,1168.0,rank-2,0
Python,https://github.com/ceph/ceph-deploy,2014-07-30,1169.0,rank-2,0
Python,https://github.com/ceph/ceph-deploy,2014-07-31,1174.0,rank-2,0
Python,https://github.com/ceph/ceph-deploy,2014-08-01,1177.0,rank-2,0
Python,https://github.com/ceph/ceph-deploy,2014-08-07,1182.0,rank-2,0
Python,https://github.com/ceph/ceph-deploy,2014-08-08,1189.0,rank-2,0
Python,https://github.com/ceph/ceph-deploy,2014-08-11,1190.0,rank-2,0
Python,https://github.com/ceph/ceph-deploy,2014-08-13,1193.0,rank-2,0
Python,https://github.com/ceph/ceph-deploy,2014-08-14,1195.0,rank-2,0
Python,https://github.com/ceph/ceph-deploy,2014-08-15,1199.0,rank-2,0
Python,https://github.com/ceph/ceph-deploy,2014-08-18,1203.0,rank-2,0
Python,https://github.com/ceph/ceph-deploy,2014-08-19,1208.0,rank-2,0
Python,https://github.com/ceph/ceph-deploy,2014-08-20,1213.0,rank-2,0
Python,https://github.com/ceph/ceph-deploy,2014-08-21,1218.0,rank-2,0
Python,https://github.com/ceph/ceph-deploy,2014-08-22,1221.0,rank-2,0
Python,https://github.com/ceph/ceph-deploy,2014-08-25,1228.0,rank-2,0
Python,https://github.com/ceph/ceph-deploy,2014-08-26,1231.0,rank-2,0
Python,https://github.com/ceph/ceph-deploy,2014-08-27,1240.0,rank-2,0
Python,https://github.com/ceph/ceph-deploy,2014-08-28,1246.0,rank-2,0
Python,https://github.com/ceph/ceph-deploy,2014-09-03,1249.0,rank-2,0
Python,https://github.com/ceph/ceph-deploy,2014-09-05,1250.0,rank-2,0
Python,https://github.com/ceph/ceph-deploy,2014-09-09,1254.0,rank-2,0
Python,https://github.com/ceph/ceph-deploy,2014-09-10,1259.0,rank-2,0
Python,https://github.com/ceph/ceph-deploy,2014-09-12,1264.0,rank-2,0
Python,https://github.com/ceph/ceph-deploy,2014-09-23,1273.0,rank-2,0
Python,https://github.com/ceph/ceph-deploy,2014-09-24,1277.0,rank-2,0
Python,https://github.com/ceph/ceph-deploy,2014-09-25,1280.0,rank-2,0
Python,https://github.com/ceph/ceph-deploy,2014-09-26,1283.0,rank-2,0
Python,https://github.com/ceph/ceph-deploy,2014-09-29,1286.0,rank-2,0
Python,https://github.com/ceph/ceph-deploy,2014-09-30,1289.0,rank-2,0
Python,https://github.com/ceph/ceph-deploy,2014-10-01,1292.0,rank-2,0
Python,https://github.com/ceph/ceph-deploy,2014-10-03,1294.0,rank-2,0
Python,https://github.com/ceph/ceph-deploy,2014-10-06,1297.0,rank-2,0
Python,https://github.com/ceph/ceph-deploy,2014-10-08,1299.0,rank-2,0
Python,https://github.com/ceph/ceph-deploy,2014-10-09,1307.0,rank-2,0
Python,https://github.com/ceph/ceph-deploy,2014-10-23,1308.0,rank-2,0
Python,https://github.com/ceph/ceph-deploy,2014-10-27,1310.0,rank-2,0
Python,https://github.com/ceph/ceph-deploy,2014-10-28,1312.0,rank-2,0
Python,https://github.com/ceph/ceph-deploy,2014-10-29,1314.0,rank-2,0
Python,https://github.com/ceph/ceph-deploy,2014-11-07,1315.0,rank-2,0
Python,https://github.com/ceph/ceph-deploy,2014-11-10,1318.0,rank-2,0
Python,https://github.com/ceph/ceph-deploy,2014-11-12,1319.0,rank-2,0
Python,https://github.com/ceph/ceph-deploy,2014-11-13,1321.0,rank-2,1
Python,https://github.com/ceph/ceph-deploy,2014-11-18,1324.0,rank-2,4
Python,https://github.com/ceph/ceph-deploy,2014-11-19,1329.0,rank-2,6
Python,https://github.com/ceph/ceph-deploy,2014-12-02,1330.0,rank-2,6
Python,https://github.com/ceph/ceph-deploy,2014-12-10,1333.0,rank-2,8
Python,https://github.com/ceph/ceph-deploy,2015-01-02,1337.0,rank-2,9
Python,https://github.com/ceph/ceph-deploy,2015-01-05,1338.0,rank-2,9
Python,https://github.com/ceph/ceph-deploy,2015-01-09,1341.0,rank-2,11
Python,https://github.com/ceph/ceph-deploy,2015-01-30,1343.0,rank-2,11
Python,https://github.com/ceph/ceph-deploy,2015-02-16,1344.0,rank-2,12
Python,https://github.com/ceph/ceph-deploy,2015-02-18,1345.0,rank-2,13
Python,https://github.com/ceph/ceph-deploy,2015-02-19,1349.0,rank-2,13
Python,https://github.com/ceph/ceph-deploy,2015-02-20,1356.0,rank-2,14
Python,https://github.com/ceph/ceph-deploy,2015-02-23,1358.0,rank-2,15
Python,https://github.com/ceph/ceph-deploy,2015-02-26,1359.0,rank-2,15
Python,https://github.com/ceph/ceph-deploy,2015-03-06,1364.0,rank-2,19
Python,https://github.com/ceph/ceph-deploy,2015-03-09,1367.0,rank-2,21
Python,https://github.com/ceph/ceph-deploy,2015-03-10,1370.0,rank-2,24
Python,https://github.com/ceph/ceph-deploy,2015-03-17,1375.0,rank-2,25
Python,https://github.com/ceph/ceph-deploy,2015-03-18,1376.0,rank-2,25
Python,https://github.com/ceph/ceph-deploy,2015-03-19,1391.0,rank-2,38
Python,https://github.com/ceph/ceph-deploy,2015-03-20,1395.0,rank-2,38
Python,https://github.com/ceph/ceph-deploy,2015-03-31,1399.0,rank-2,41
Python,https://github.com/ceph/ceph-deploy,2015-04-01,1400.0,rank-2,41
Python,https://github.com/ceph/ceph-deploy,2015-04-07,1406.0,rank-2,44
Python,https://github.com/ceph/ceph-deploy,2015-04-08,1407.0,rank-2,44
Python,https://github.com/ceph/ceph-deploy,2015-04-09,1409.0,rank-2,44
Python,https://github.com/ceph/ceph-deploy,2015-04-10,1412.0,rank-2,44
Python,https://github.com/ceph/ceph-deploy,2015-04-14,1413.0,rank-2,44
Python,https://github.com/ceph/ceph-deploy,2015-04-22,1416.0,rank-2,44
Python,https://github.com/ceph/ceph-deploy,2015-05-07,1428.0,rank-2,48
Python,https://github.com/ceph/ceph-deploy,2015-05-08,1435.0,rank-2,53
Python,https://github.com/ceph/ceph-deploy,2015-05-11,1444.0,rank-2,53
Python,https://github.com/ceph/ceph-deploy,2015-05-12,1458.0,rank-2,54
Python,https://github.com/ceph/ceph-deploy,2015-05-13,1465.0,rank-2,54
Python,https://github.com/ceph/ceph-deploy,2015-05-14,1469.0,rank-2,54
Python,https://github.com/ceph/ceph-deploy,2015-05-15,1474.0,rank-2,57
Python,https://github.com/ceph/ceph-deploy,2015-05-18,1482.0,rank-2,61
Python,https://github.com/ceph/ceph-deploy,2015-05-21,1489.0,rank-2,64
Python,https://github.com/ceph/ceph-deploy,2015-05-22,1495.0,rank-2,70
Python,https://github.com/ceph/ceph-deploy,2015-05-25,1503.0,rank-2,77
Python,https://github.com/ceph/ceph-deploy,2015-05-26,1507.0,rank-2,79
Python,https://github.com/ceph/ceph-deploy,2015-05-27,1517.0,rank-2,84
Python,https://github.com/ceph/ceph-deploy,2015-05-28,1525.0,rank-2,86
Python,https://github.com/ceph/ceph-deploy,2015-06-02,1527.0,rank-2,86
Python,https://github.com/ceph/ceph-deploy,2015-06-11,1529.0,rank-2,86
Python,https://github.com/ceph/ceph-deploy,2015-06-12,1534.0,rank-2,86
Python,https://github.com/ceph/ceph-deploy,2015-06-16,1537.0,rank-2,86
Python,https://github.com/ceph/ceph-deploy,2015-06-19,1540.0,rank-2,88
Python,https://github.com/ceph/ceph-deploy,2015-06-22,1543.0,rank-2,91
Python,https://github.com/ceph/ceph-deploy,2015-06-23,1553.0,rank-2,101
Python,https://github.com/ceph/ceph-deploy,2015-06-24,1567.0,rank-2,115
Python,https://github.com/ceph/ceph-deploy,2015-06-25,1573.0,rank-2,121
Python,https://github.com/ceph/ceph-deploy,2015-06-26,1574.0,rank-2,121
Python,https://github.com/ceph/ceph-deploy,2015-06-29,1583.0,rank-2,129
Python,https://github.com/ceph/ceph-deploy,2015-06-30,1588.0,rank-2,134
Python,https://github.com/ceph/ceph-deploy,2015-07-01,1598.0,rank-2,144
Python,https://github.com/ceph/ceph-deploy,2015-07-02,1599.0,rank-2,144
Python,https://github.com/ceph/ceph-deploy,2015-07-05,1600.0,rank-2,144
Python,https://github.com/ceph/ceph-deploy,2015-07-06,1601.0,rank-2,144
Python,https://github.com/ceph/ceph-deploy,2015-07-09,1606.0,rank-2,149
Python,https://github.com/ceph/ceph-deploy,2015-07-10,1610.0,rank-2,149
Python,https://github.com/ceph/ceph-deploy,2015-07-14,1613.0,rank-2,150
Python,https://github.com/ceph/ceph-deploy,2015-07-15,1618.0,rank-2,155
Python,https://github.com/ceph/ceph-deploy,2015-07-16,1623.0,rank-2,158
Python,https://github.com/ceph/ceph-deploy,2015-07-17,1624.0,rank-2,158
Python,https://github.com/ceph/ceph-deploy,2015-07-20,1627.0,rank-2,160
Python,https://github.com/ceph/ceph-deploy,2015-07-28,1628.0,rank-2,160
Python,https://github.com/ceph/ceph-deploy,2015-07-30,1629.0,rank-2,161
Python,https://github.com/ceph/ceph-deploy,2015-07-31,1644.0,rank-2,170
Python,https://github.com/ceph/ceph-deploy,2015-08-03,1660.0,rank-2,184
Python,https://github.com/ceph/ceph-deploy,2015-08-04,1673.0,rank-2,195
Python,https://github.com/ceph/ceph-deploy,2015-08-05,1685.0,rank-2,203
Python,https://github.com/ceph/ceph-deploy,2015-08-06,1689.0,rank-2,203
Python,https://github.com/ceph/ceph-deploy,2015-08-07,1695.0,rank-2,209
Python,https://github.com/ceph/ceph-deploy,2015-08-10,1697.0,rank-2,210
Python,https://github.com/ceph/ceph-deploy,2015-08-11,1704.0,rank-2,210
Python,https://github.com/ceph/ceph-deploy,2015-08-12,1708.0,rank-2,211
Python,https://github.com/ceph/ceph-deploy,2015-08-13,1711.0,rank-2,211
Python,https://github.com/ceph/ceph-deploy,2015-08-14,1714.0,rank-2,213
Python,https://github.com/ceph/ceph-deploy,2015-08-26,1717.0,rank-2,215
Python,https://github.com/ceph/ceph-deploy,2015-08-29,1719.0,rank-2,215
Python,https://github.com/ceph/ceph-deploy,2015-09-02,1721.0,rank-2,215
Python,https://github.com/ceph/ceph-deploy,2015-09-08,1724.0,rank-2,216
Python,https://github.com/ceph/ceph-deploy,2015-09-09,1725.0,rank-2,216
Python,https://github.com/ceph/ceph-deploy,2015-09-10,1727.0,rank-2,216
Python,https://github.com/ceph/ceph-deploy,2015-09-14,1728.0,rank-2,216
Python,https://github.com/ceph/ceph-deploy,2015-09-17,1730.0,rank-2,216
Python,https://github.com/ceph/ceph-deploy,2015-09-18,1732.0,rank-2,217
Python,https://github.com/ceph/ceph-deploy,2015-09-19,1733.0,rank-2,217
Python,https://github.com/ceph/ceph-deploy,2015-09-24,1736.0,rank-2,217
Python,https://github.com/ceph/ceph-deploy,2015-09-29,1737.0,rank-2,217
Python,https://github.com/ceph/ceph-deploy,2015-09-30,1743.0,rank-2,217
Python,https://github.com/ceph/ceph-deploy,2015-10-12,1744.0,rank-2,217
Python,https://github.com/ceph/ceph-deploy,2015-10-26,1746.0,rank-2,217
Python,https://github.com/ceph/ceph-deploy,2015-11-03,1748.0,rank-2,217
Python,https://github.com/ceph/ceph-deploy,2015-11-04,1749.0,rank-2,217
Python,https://github.com/ceph/ceph-deploy,2015-11-20,1751.0,rank-2,217
Python,https://github.com/ceph/ceph-deploy,2015-11-23,1752.0,rank-2,217
Python,https://github.com/ceph/ceph-deploy,2015-11-24,1755.0,rank-2,217
Python,https://github.com/ceph/ceph-deploy,2015-11-25,1756.0,rank-2,217
Python,https://github.com/ceph/ceph-deploy,2015-12-01,1758.0,rank-2,217
Python,https://github.com/ceph/ceph-deploy,2015-12-02,1762.0,rank-2,217
Python,https://github.com/ceph/ceph-deploy,2015-12-10,1763.0,rank-2,217
Python,https://github.com/ceph/ceph-deploy,2015-12-11,1769.0,rank-2,217
Python,https://github.com/ceph/ceph-deploy,2015-12-15,1770.0,rank-2,217
Python,https://github.com/ceph/ceph-deploy,2015-12-16,1771.0,rank-2,217
Python,https://github.com/ceph/ceph-deploy,2015-12-22,1773.0,rank-2,217
Python,https://github.com/ceph/ceph-deploy,2016-01-04,1777.0,rank-2,217
Python,https://github.com/ceph/ceph-deploy,2016-01-08,1783.0,rank-2,217
Python,https://github.com/ceph/ceph-deploy,2016-01-13,1785.0,rank-2,217
Python,https://github.com/ceph/ceph-deploy,2016-02-02,1791.0,rank-2,217
Python,https://github.com/ceph/ceph-deploy,2016-02-03,1792.0,rank-2,217
Python,https://github.com/ceph/ceph-deploy,2016-02-04,1794.0,rank-2,217
Python,https://github.com/ceph/ceph-deploy,2016-02-09,1795.0,rank-2,217
Python,https://github.com/ceph/ceph-deploy,2016-02-11,1797.0,rank-2,217
Python,https://github.com/ceph/ceph-deploy,2016-02-26,1798.0,rank-2,217
Python,https://github.com/ceph/ceph-deploy,2016-03-11,1800.0,rank-2,217
Python,https://github.com/ceph/ceph-deploy,2016-03-15,1802.0,rank-2,217
Python,https://github.com/ceph/ceph-deploy,2016-04-08,1805.0,rank-2,217
Python,https://github.com/ceph/ceph-deploy,2016-04-12,1809.0,rank-2,217
Python,https://github.com/ceph/ceph-deploy,2016-04-13,1818.0,rank-2,217
Python,https://github.com/ceph/ceph-deploy,2016-04-14,1819.0,rank-2,217
Python,https://github.com/ceph/ceph-deploy,2016-04-21,1821.0,rank-2,217
Python,https://github.com/ceph/ceph-deploy,2016-04-22,1835.0,rank-2,217
Python,https://github.com/ceph/ceph-deploy,2016-05-16,1837.0,rank-2,217
Python,https://github.com/ceph/ceph-deploy,2016-05-17,1838.0,rank-2,217
Python,https://github.com/ceph/ceph-deploy,2016-05-18,1839.0,rank-2,217
Python,https://github.com/ceph/ceph-deploy,2016-05-20,1843.0,rank-2,217
Python,https://github.com/ceph/ceph-deploy,2016-05-23,1854.0,rank-2,217
Python,https://github.com/ceph/ceph-deploy,2016-05-24,1856.0,rank-2,217
Python,https://github.com/ceph/ceph-deploy,2016-05-25,1857.0,rank-2,217
Python,https://github.com/ceph/ceph-deploy,2016-05-26,1859.0,rank-2,217
Python,https://github.com/ceph/ceph-deploy,2016-05-31,1860.0,rank-2,217
Python,https://github.com/ceph/ceph-deploy,2016-06-03,1864.0,rank-2,217
Python,https://github.com/ceph/ceph-deploy,2016-06-06,1866.0,rank-2,217
Python,https://github.com/ceph/ceph-deploy,2016-06-07,1870.0,rank-2,217
Python,https://github.com/ceph/ceph-deploy,2016-06-09,1873.0,rank-2,217
Python,https://github.com/ceph/ceph-deploy,2016-06-14,1875.0,rank-2,217
Python,https://github.com/ceph/ceph-deploy,2016-06-15,1876.0,rank-2,217
Python,https://github.com/ceph/ceph-deploy,2016-06-16,1877.0,rank-2,217
Python,https://github.com/ceph/ceph-deploy,2016-06-21,1878.0,rank-2,217
Python,https://github.com/ceph/ceph-deploy,2016-06-22,1879.0,rank-2,217
Python,https://github.com/ceph/ceph-deploy,2016-06-23,1883.0,rank-2,217
Python,https://github.com/ceph/ceph-deploy,2016-06-24,1884.0,rank-2,217
Python,https://github.com/ceph/ceph-deploy,2016-06-29,1888.0,rank-2,217
Python,https://github.com/ceph/ceph-deploy,2016-07-07,1889.0,rank-2,217
Python,https://github.com/ceph/ceph-deploy,2016-07-10,1890.0,rank-2,217
Python,https://github.com/ceph/ceph-deploy,2016-07-11,1891.0,rank-2,217
Python,https://github.com/ceph/ceph-deploy,2016-07-13,1892.0,rank-2,217
Python,https://github.com/ceph/ceph-deploy,2016-08-10,1894.0,rank-2,217
Python,https://github.com/ceph/ceph-deploy,2016-08-12,1895.0,rank-2,217
Python,https://github.com/ceph/ceph-deploy,2016-08-15,1899.0,rank-2,217
Python,https://github.com/ceph/ceph-deploy,2016-08-17,1900.0,rank-2,217
Python,https://github.com/ceph/ceph-deploy,2016-08-18,1901.0,rank-2,217
Python,https://github.com/ceph/ceph-deploy,2016-08-19,1903.0,rank-2,217
Python,https://github.com/ceph/ceph-deploy,2016-08-23,1906.0,rank-2,217
Python,https://github.com/ceph/ceph-deploy,2016-08-24,1908.0,rank-2,217
Python,https://github.com/ceph/ceph-deploy,2016-08-29,1911.0,rank-2,217
Python,https://github.com/ceph/ceph-deploy,2016-08-30,1912.0,rank-2,217
Python,https://github.com/ceph/ceph-deploy,2016-09-08,1913.0,rank-2,217
Python,https://github.com/ceph/ceph-deploy,2016-09-13,1914.0,rank-2,217
Python,https://github.com/ceph/ceph-deploy,2016-10-10,1915.0,rank-2,217
Python,https://github.com/ceph/ceph-deploy,2016-10-14,1916.0,rank-2,217
Python,https://github.com/ceph/ceph-deploy,2016-10-20,1917.0,rank-2,217
Python,https://github.com/ceph/ceph-deploy,2016-11-08,1919.0,rank-2,217
Python,https://github.com/ceph/ceph-deploy,2016-11-15,1920.0,rank-2,217
Python,https://github.com/ceph/ceph-deploy,2016-12-08,1928.0,rank-2,217
Python,https://github.com/ceph/ceph-deploy,2017-01-03,1934.0,rank-2,217
Python,https://github.com/ceph/ceph-deploy,2017-02-03,1935.0,rank-2,217
Python,https://github.com/ceph/ceph-deploy,2017-02-21,1936.0,rank-2,217
Python,https://github.com/ceph/ceph-deploy,2017-02-22,1937.0,rank-2,217
Python,https://github.com/ceph/ceph-deploy,2017-02-23,1938.0,rank-2,217
Python,https://github.com/ceph/ceph-deploy,2017-03-06,1940.0,rank-2,217
Python,https://github.com/ceph/ceph-deploy,2017-03-07,1941.0,rank-2,217
Python,https://github.com/ceph/ceph-deploy,2017-03-08,1942.0,rank-2,217
Python,https://github.com/ceph/ceph-deploy,2017-03-10,1943.0,rank-2,217
Python,https://github.com/ceph/ceph-deploy,2017-03-13,1947.0,rank-2,217
Python,https://github.com/ceph/ceph-deploy,2017-03-14,1948.0,rank-2,217
Python,https://github.com/ceph/ceph-deploy,2017-03-17,1949.0,rank-2,217
Python,https://github.com/ceph/ceph-deploy,2017-03-22,1952.0,rank-2,217
Python,https://github.com/ceph/ceph-deploy,2017-04-20,1954.0,rank-2,217
Python,https://github.com/ceph/ceph-deploy,2017-05-11,1955.0,rank-2,217
Python,https://github.com/ceph/ceph-deploy,2017-05-19,1959.0,rank-2,217
Python,https://github.com/ceph/ceph-deploy,2017-05-25,1960.0,rank-2,217
Python,https://github.com/ceph/ceph-deploy,2017-06-08,1963.0,rank-2,217
Python,https://github.com/ceph/ceph-deploy,2017-06-09,1965.0,rank-2,217
Python,https://github.com/ceph/ceph-deploy,2017-06-22,1968.0,rank-2,217
Python,https://github.com/ceph/ceph-deploy,2017-07-05,1971.0,rank-2,217
Python,https://github.com/ceph/ceph-deploy,2017-07-09,1972.0,rank-2,217
Python,https://github.com/ceph/ceph-deploy,2017-07-19,1974.0,rank-2,217
Python,https://github.com/ceph/ceph-deploy,2017-07-28,1975.0,rank-2,217
Python,https://github.com/ceph/ceph-deploy,2017-08-07,1976.0,rank-2,217
Python,https://github.com/ceph/ceph-deploy,2017-09-01,1980.0,rank-2,217
Python,https://github.com/ceph/ceph-deploy,2017-09-06,1981.0,rank-2,217
Python,https://github.com/ceph/ceph-deploy,2017-09-11,1982.0,rank-2,217
Python,https://github.com/ceph/ceph-deploy,2017-09-12,1983.0,rank-2,217
Python,https://github.com/ceph/ceph-deploy,2017-09-20,1984.0,rank-2,217
Python,https://github.com/ceph/ceph-deploy,2017-11-27,1986.0,rank-2,217
Python,https://github.com/ceph/ceph-deploy,2017-11-28,1992.0,rank-2,217
Python,https://github.com/ceph/ceph-deploy,2017-11-29,2002.0,rank-2,217
Python,https://github.com/ceph/ceph-deploy,2017-12-01,2003.0,rank-2,217
Python,https://github.com/ceph/ceph-deploy,2017-12-06,2006.0,rank-2,217
Python,https://github.com/ceph/ceph-deploy,2017-12-27,2007.0,rank-2,217
Python,https://github.com/ceph/ceph-deploy,2018-01-16,2011.0,rank-2,217
Python,https://github.com/ceph/ceph-deploy,2018-01-17,2013.0,rank-2,217
Python,https://github.com/ceph/ceph-deploy,2018-01-23,2015.0,rank-2,217
Python,https://github.com/ceph/ceph-deploy,2018-01-26,2017.0,rank-2,217
Python,https://github.com/ceph/ceph-deploy,2018-01-29,2018.0,rank-2,217
Python,https://github.com/ceph/ceph-deploy,2018-01-30,2019.0,rank-2,217
Python,https://github.com/ceph/ceph-deploy,2018-02-01,2021.0,rank-2,217
Python,https://github.com/ceph/ceph-deploy,2018-02-07,2022.0,rank-2,217
Python,https://github.com/ceph/ceph-deploy,2018-02-16,2025.0,rank-2,217
Python,https://github.com/ceph/ceph-deploy,2018-02-20,2027.0,rank-2,217
Python,https://github.com/ceph/ceph-deploy,2018-02-21,2029.0,rank-2,217
Python,https://github.com/ceph/ceph-deploy,2018-03-01,2031.0,rank-2,217
Python,https://github.com/ceph/ceph-deploy,2018-03-05,2033.0,rank-2,217
Python,https://github.com/ceph/ceph-deploy,2018-03-06,2034.0,rank-2,217
Python,https://github.com/ceph/ceph-deploy,2018-03-31,2035.0,rank-2,217
Python,https://github.com/ceph/ceph-deploy,2018-04-09,2036.0,rank-2,217
Python,https://github.com/ceph/ceph-deploy,2018-05-03,2037.0,rank-2,217
Python,https://github.com/ceph/ceph-deploy,2018-06-19,2043.0,rank-2,217
Python,https://github.com/ceph/ceph-deploy,2018-07-10,2046.0,rank-2,217
Python,https://github.com/ceph/ceph-deploy,2018-07-16,2049.0,rank-2,217
Python,https://github.com/ceph/ceph-deploy,2018-07-18,2050.0,rank-2,217
Python,https://github.com/ceph/ceph-deploy,2018-09-20,2052.0,rank-2,217
Python,https://github.com/ceph/ceph-deploy,2018-12-15,2053.0,rank-2,217
Python,https://github.com/ceph/ceph-deploy,2018-12-18,2054.0,rank-2,217
Python,https://github.com/ceph/ceph-deploy,2019-01-15,2058.0,rank-2,217
Python,https://github.com/ceph/ceph-deploy,2019-01-16,2059.0,rank-2,217
Python,https://github.com/ceph/ceph-deploy,2019-01-17,2060.0,rank-2,217
Python,https://github.com/ceph/ceph-deploy,2019-01-28,2061.0,rank-2,217
Python,https://github.com/ceph/ceph-deploy,2019-02-25,2063.0,rank-2,217
Python,https://github.com/ceph/ceph-deploy,2019-03-26,2064.0,rank-2,217
Python,https://github.com/ceph/ceph-deploy,2019-04-05,2066.0,rank-2,217
Python,https://github.com/ceph/ceph-deploy,2019-04-16,2071.0,rank-2,217
Python,https://github.com/ceph/ceph-deploy,2019-04-25,2073.0,rank-2,217
Python,https://github.com/ceph/ceph-deploy,2019-04-29,2076.0,rank-2,217
Python,https://github.com/ceph/ceph-deploy,2019-05-01,2082.0,rank-2,217
Python,https://github.com/ceph/ceph-deploy,2019-05-06,2084.0,rank-2,217
Python,https://github.com/ceph/ceph-deploy,2019-07-12,2085.0,rank-2,217
Python,https://github.com/ceph/ceph-deploy,2019-08-13,2087.0,rank-2,217
Python,https://github.com/ceph/ceph-deploy,2019-12-19,2088.0,rank-2,217
Python,https://github.com/ceph/ceph-deploy,2020-02-12,2089.0,rank-2,217
Python,https://github.com/ceph/ceph-deploy,2020-04-09,2090.0,rank-2,217
Python,https://github.com/ceph/ceph-deploy,2020-04-13,2091.0,rank-2,217
Python,https://github.com/ceph/ceph-deploy,2020-05-22,2092.0,rank-2,217
Python,https://github.com/ceph/ceph-deploy,2020-06-02,2093.0,rank-2,217
Python,https://github.com/ceph/ceph-deploy,2020-06-03,2098.0,rank-2,217
Python,https://github.com/ceph/ceph-deploy,2020-06-04,2100.0,rank-2,217
Python,https://github.com/ceph/ceph-deploy,2020-06-05,2102.0,rank-2,217
Python,https://github.com/ceph/ceph-deploy,2020-08-06,2103.0,rank-2,217
Python,https://github.com/ceph/ceph-deploy,2020-08-13,2105.0,rank-2,217
Python,https://github.com/ceph/ceph-deploy,2020-09-01,2112.0,rank-2,217
Python,https://github.com/ceph/ceph-deploy,2020-09-03,2114.0,rank-2,217
Python,https://github.com/ceph/ceph-deploy,2020-09-17,2115.0,rank-2,217
Python,https://github.com/ceph/ceph-deploy,2020-09-18,2117.0,rank-2,217
Python,https://github.com/ceph/ceph-deploy,2020-09-26,2119.0,rank-2,217
Python,https://github.com/ceph/ceph-deploy,2020-09-27,2120.0,rank-2,217
Python,https://github.com/ceph/ceph-deploy,2020-10-01,2127.0,rank-2,217
Python,https://github.com/ceph/ceph-deploy,2020-10-02,2129.0,rank-2,217
Python,https://github.com/ceph/ceph-deploy,2012-08-28,21.0,rank-3,0
Python,https://github.com/ceph/ceph-deploy,2012-08-29,22.0,rank-3,0
Python,https://github.com/ceph/ceph-deploy,2012-08-30,23.0,rank-3,0
Python,https://github.com/ceph/ceph-deploy,2012-09-11,24.0,rank-3,0
Python,https://github.com/ceph/ceph-deploy,2012-09-12,27.0,rank-3,0
Python,https://github.com/ceph/ceph-deploy,2012-09-13,29.0,rank-3,0
Python,https://github.com/ceph/ceph-deploy,2012-09-14,34.0,rank-3,0
Python,https://github.com/ceph/ceph-deploy,2012-09-17,35.0,rank-3,0
Python,https://github.com/ceph/ceph-deploy,2012-09-26,36.0,rank-3,0
Python,https://github.com/ceph/ceph-deploy,2012-10-15,37.0,rank-3,0
Python,https://github.com/ceph/ceph-deploy,2012-10-17,38.0,rank-3,0
Python,https://github.com/ceph/ceph-deploy,2012-10-18,39.0,rank-3,0
Python,https://github.com/ceph/ceph-deploy,2012-10-25,41.0,rank-3,0
Python,https://github.com/ceph/ceph-deploy,2012-10-29,52.0,rank-3,0
Python,https://github.com/ceph/ceph-deploy,2012-10-30,56.0,rank-3,0
Python,https://github.com/ceph/ceph-deploy,2012-11-15,57.0,rank-3,0
Python,https://github.com/ceph/ceph-deploy,2012-12-14,58.0,rank-3,0
Python,https://github.com/ceph/ceph-deploy,2013-01-26,60.0,rank-3,0
Python,https://github.com/ceph/ceph-deploy,2013-01-27,63.0,rank-3,0
Python,https://github.com/ceph/ceph-deploy,2013-01-31,75.0,rank-3,0
Python,https://github.com/ceph/ceph-deploy,2013-02-01,77.0,rank-3,0
Python,https://github.com/ceph/ceph-deploy,2013-02-05,78.0,rank-3,0
Python,https://github.com/ceph/ceph-deploy,2013-02-12,80.0,rank-3,0
Python,https://github.com/ceph/ceph-deploy,2013-02-13,90.0,rank-3,0
Python,https://github.com/ceph/ceph-deploy,2013-02-14,91.0,rank-3,0
Python,https://github.com/ceph/ceph-deploy,2013-02-22,92.0,rank-3,0
Python,https://github.com/ceph/ceph-deploy,2013-02-26,93.0,rank-3,0
Python,https://github.com/ceph/ceph-deploy,2013-02-27,94.0,rank-3,0
Python,https://github.com/ceph/ceph-deploy,2013-02-28,95.0,rank-3,0
Python,https://github.com/ceph/ceph-deploy,2013-03-01,96.0,rank-3,0
Python,https://github.com/ceph/ceph-deploy,2013-03-05,99.0,rank-3,0
Python,https://github.com/ceph/ceph-deploy,2013-03-06,101.0,rank-3,0
Python,https://github.com/ceph/ceph-deploy,2013-03-07,103.0,rank-3,0
Python,https://github.com/ceph/ceph-deploy,2013-03-08,105.0,rank-3,0
Python,https://github.com/ceph/ceph-deploy,2013-03-09,107.0,rank-3,0
Python,https://github.com/ceph/ceph-deploy,2013-03-11,114.0,rank-3,0
Python,https://github.com/ceph/ceph-deploy,2013-03-13,125.0,rank-3,0
Python,https://github.com/ceph/ceph-deploy,2013-03-14,126.0,rank-3,0
Python,https://github.com/ceph/ceph-deploy,2013-03-18,127.0,rank-3,0
Python,https://github.com/ceph/ceph-deploy,2013-03-21,156.0,rank-3,0
Python,https://github.com/ceph/ceph-deploy,2013-03-22,158.0,rank-3,0
Python,https://github.com/ceph/ceph-deploy,2013-03-26,160.0,rank-3,0
Python,https://github.com/ceph/ceph-deploy,2013-03-27,162.0,rank-3,0
Python,https://github.com/ceph/ceph-deploy,2013-03-29,164.0,rank-3,0
Python,https://github.com/ceph/ceph-deploy,2013-04-02,166.0,rank-3,0
Python,https://github.com/ceph/ceph-deploy,2013-04-03,167.0,rank-3,0
Python,https://github.com/ceph/ceph-deploy,2013-04-05,168.0,rank-3,0
Python,https://github.com/ceph/ceph-deploy,2013-04-09,169.0,rank-3,0
Python,https://github.com/ceph/ceph-deploy,2013-04-17,170.0,rank-3,0
Python,https://github.com/ceph/ceph-deploy,2013-04-19,171.0,rank-3,0
Python,https://github.com/ceph/ceph-deploy,2013-04-22,172.0,rank-3,0
Python,https://github.com/ceph/ceph-deploy,2013-04-23,173.0,rank-3,0
Python,https://github.com/ceph/ceph-deploy,2013-04-24,174.0,rank-3,0
Python,https://github.com/ceph/ceph-deploy,2013-04-26,181.0,rank-3,0
Python,https://github.com/ceph/ceph-deploy,2013-04-29,185.0,rank-3,0
Python,https://github.com/ceph/ceph-deploy,2013-04-30,188.0,rank-3,0
Python,https://github.com/ceph/ceph-deploy,2013-05-01,191.0,rank-3,0
Python,https://github.com/ceph/ceph-deploy,2013-05-02,194.0,rank-3,0
Python,https://github.com/ceph/ceph-deploy,2013-05-03,195.0,rank-3,0
Python,https://github.com/ceph/ceph-deploy,2013-05-06,196.0,rank-3,0
Python,https://github.com/ceph/ceph-deploy,2013-05-08,197.0,rank-3,0
Python,https://github.com/ceph/ceph-deploy,2013-05-11,200.0,rank-3,0
Python,https://github.com/ceph/ceph-deploy,2013-05-13,201.0,rank-3,0
Python,https://github.com/ceph/ceph-deploy,2013-05-14,205.0,rank-3,0
Python,https://github.com/ceph/ceph-deploy,2013-05-15,207.0,rank-3,0
Python,https://github.com/ceph/ceph-deploy,2013-05-16,209.0,rank-3,0
Python,https://github.com/ceph/ceph-deploy,2013-05-23,213.0,rank-3,0
Python,https://github.com/ceph/ceph-deploy,2013-05-24,216.0,rank-3,0
Python,https://github.com/ceph/ceph-deploy,2013-05-30,217.0,rank-3,0
Python,https://github.com/ceph/ceph-deploy,2013-06-06,219.0,rank-3,0
Python,https://github.com/ceph/ceph-deploy,2013-06-07,221.0,rank-3,0
Python,https://github.com/ceph/ceph-deploy,2013-06-10,223.0,rank-3,0
Python,https://github.com/ceph/ceph-deploy,2013-06-13,225.0,rank-3,0
Python,https://github.com/ceph/ceph-deploy,2013-06-14,228.0,rank-3,0
Python,https://github.com/ceph/ceph-deploy,2013-06-18,231.0,rank-3,0
Python,https://github.com/ceph/ceph-deploy,2013-06-25,232.0,rank-3,0
Python,https://github.com/ceph/ceph-deploy,2013-06-27,233.0,rank-3,0
Python,https://github.com/ceph/ceph-deploy,2013-07-01,238.0,rank-3,0
Python,https://github.com/ceph/ceph-deploy,2013-07-03,239.0,rank-3,0
Python,https://github.com/ceph/ceph-deploy,2013-07-17,253.0,rank-3,0
Python,https://github.com/ceph/ceph-deploy,2013-07-18,270.0,rank-3,0
Python,https://github.com/ceph/ceph-deploy,2013-07-19,276.0,rank-3,0
Python,https://github.com/ceph/ceph-deploy,2013-07-22,284.0,rank-3,0
Python,https://github.com/ceph/ceph-deploy,2013-07-23,288.0,rank-3,0
Python,https://github.com/ceph/ceph-deploy,2013-07-24,294.0,rank-3,0
Python,https://github.com/ceph/ceph-deploy,2013-07-25,310.0,rank-3,0
Python,https://github.com/ceph/ceph-deploy,2013-07-26,321.0,rank-3,0
Python,https://github.com/ceph/ceph-deploy,2013-07-29,338.0,rank-3,0
Python,https://github.com/ceph/ceph-deploy,2013-07-30,341.0,rank-3,0
Python,https://github.com/ceph/ceph-deploy,2013-07-31,348.0,rank-3,0
Python,https://github.com/ceph/ceph-deploy,2013-08-01,355.0,rank-3,0
Python,https://github.com/ceph/ceph-deploy,2013-08-02,364.0,rank-3,0
Python,https://github.com/ceph/ceph-deploy,2013-08-04,366.0,rank-3,0
Python,https://github.com/ceph/ceph-deploy,2013-08-05,371.0,rank-3,0
Python,https://github.com/ceph/ceph-deploy,2013-08-06,372.0,rank-3,0
Python,https://github.com/ceph/ceph-deploy,2013-08-09,386.0,rank-3,0
Python,https://github.com/ceph/ceph-deploy,2013-08-12,393.0,rank-3,0
Python,https://github.com/ceph/ceph-deploy,2013-08-13,397.0,rank-3,0
Python,https://github.com/ceph/ceph-deploy,2013-08-14,400.0,rank-3,0
Python,https://github.com/ceph/ceph-deploy,2013-08-15,409.0,rank-3,0
Python,https://github.com/ceph/ceph-deploy,2013-08-19,416.0,rank-3,0
Python,https://github.com/ceph/ceph-deploy,2013-08-20,420.0,rank-3,0
Python,https://github.com/ceph/ceph-deploy,2013-08-22,434.0,rank-3,0
Python,https://github.com/ceph/ceph-deploy,2013-08-26,443.0,rank-3,0
Python,https://github.com/ceph/ceph-deploy,2013-08-27,445.0,rank-3,0
Python,https://github.com/ceph/ceph-deploy,2013-08-28,446.0,rank-3,0
Python,https://github.com/ceph/ceph-deploy,2013-08-29,453.0,rank-3,0
Python,https://github.com/ceph/ceph-deploy,2013-08-31,454.0,rank-3,0
Python,https://github.com/ceph/ceph-deploy,2013-09-01,455.0,rank-3,0
Python,https://github.com/ceph/ceph-deploy,2013-09-03,464.0,rank-3,0
Python,https://github.com/ceph/ceph-deploy,2013-09-04,467.0,rank-3,0
Python,https://github.com/ceph/ceph-deploy,2013-09-05,473.0,rank-3,0
Python,https://github.com/ceph/ceph-deploy,2013-09-06,480.0,rank-3,0
Python,https://github.com/ceph/ceph-deploy,2013-09-09,486.0,rank-3,0
Python,https://github.com/ceph/ceph-deploy,2013-09-10,491.0,rank-3,0
Python,https://github.com/ceph/ceph-deploy,2013-09-11,500.0,rank-3,0
Python,https://github.com/ceph/ceph-deploy,2013-09-12,509.0,rank-3,0
Python,https://github.com/ceph/ceph-deploy,2013-09-16,521.0,rank-3,0
Python,https://github.com/ceph/ceph-deploy,2013-09-17,533.0,rank-3,0
Python,https://github.com/ceph/ceph-deploy,2013-09-18,541.0,rank-3,0
Python,https://github.com/ceph/ceph-deploy,2013-09-19,545.0,rank-3,0
Python,https://github.com/ceph/ceph-deploy,2013-09-20,547.0,rank-3,0
Python,https://github.com/ceph/ceph-deploy,2013-09-23,549.0,rank-3,0
Python,https://github.com/ceph/ceph-deploy,2013-09-24,556.0,rank-3,0
Python,https://github.com/ceph/ceph-deploy,2013-09-25,558.0,rank-3,0
Python,https://github.com/ceph/ceph-deploy,2013-09-27,560.0,rank-3,0
Python,https://github.com/ceph/ceph-deploy,2013-09-30,563.0,rank-3,0
Python,https://github.com/ceph/ceph-deploy,2013-10-01,568.0,rank-3,0
Python,https://github.com/ceph/ceph-deploy,2013-10-02,572.0,rank-3,0
Python,https://github.com/ceph/ceph-deploy,2013-10-04,578.0,rank-3,0
Python,https://github.com/ceph/ceph-deploy,2013-10-07,580.0,rank-3,0
Python,https://github.com/ceph/ceph-deploy,2013-10-08,591.0,rank-3,0
Python,https://github.com/ceph/ceph-deploy,2013-10-09,601.0,rank-3,0
Python,https://github.com/ceph/ceph-deploy,2013-10-10,618.0,rank-3,0
Python,https://github.com/ceph/ceph-deploy,2013-10-11,628.0,rank-3,0
Python,https://github.com/ceph/ceph-deploy,2013-10-14,645.0,rank-3,0
Python,https://github.com/ceph/ceph-deploy,2013-10-15,647.0,rank-3,0
Python,https://github.com/ceph/ceph-deploy,2013-10-16,653.0,rank-3,0
Python,https://github.com/ceph/ceph-deploy,2013-10-17,664.0,rank-3,0
Python,https://github.com/ceph/ceph-deploy,2013-10-18,665.0,rank-3,0
Python,https://github.com/ceph/ceph-deploy,2013-10-19,667.0,rank-3,0
Python,https://github.com/ceph/ceph-deploy,2013-10-21,676.0,rank-3,0
Python,https://github.com/ceph/ceph-deploy,2013-10-22,680.0,rank-3,0
Python,https://github.com/ceph/ceph-deploy,2013-10-28,686.0,rank-3,0
Python,https://github.com/ceph/ceph-deploy,2013-10-29,694.0,rank-3,0
Python,https://github.com/ceph/ceph-deploy,2013-10-30,699.0,rank-3,0
Python,https://github.com/ceph/ceph-deploy,2013-10-31,701.0,rank-3,0
Python,https://github.com/ceph/ceph-deploy,2013-11-01,703.0,rank-3,0
Python,https://github.com/ceph/ceph-deploy,2013-11-04,706.0,rank-3,0
Python,https://github.com/ceph/ceph-deploy,2013-11-05,711.0,rank-3,0
Python,https://github.com/ceph/ceph-deploy,2013-11-06,716.0,rank-3,0
Python,https://github.com/ceph/ceph-deploy,2013-11-07,720.0,rank-3,0
Python,https://github.com/ceph/ceph-deploy,2013-11-08,729.0,rank-3,0
Python,https://github.com/ceph/ceph-deploy,2013-11-12,739.0,rank-3,0
Python,https://github.com/ceph/ceph-deploy,2013-11-13,742.0,rank-3,0
Python,https://github.com/ceph/ceph-deploy,2013-11-14,748.0,rank-3,0
Python,https://github.com/ceph/ceph-deploy,2013-11-15,749.0,rank-3,0
Python,https://github.com/ceph/ceph-deploy,2013-11-18,756.0,rank-3,0
Python,https://github.com/ceph/ceph-deploy,2013-11-19,768.0,rank-3,0
Python,https://github.com/ceph/ceph-deploy,2013-11-20,770.0,rank-3,0
Python,https://github.com/ceph/ceph-deploy,2013-11-21,771.0,rank-3,0
Python,https://github.com/ceph/ceph-deploy,2013-11-22,772.0,rank-3,0
Python,https://github.com/ceph/ceph-deploy,2013-11-24,773.0,rank-3,0
Python,https://github.com/ceph/ceph-deploy,2013-11-25,781.0,rank-3,0
Python,https://github.com/ceph/ceph-deploy,2013-11-26,785.0,rank-3,0
Python,https://github.com/ceph/ceph-deploy,2013-12-02,791.0,rank-3,0
Python,https://github.com/ceph/ceph-deploy,2013-12-04,792.0,rank-3,0
Python,https://github.com/ceph/ceph-deploy,2013-12-05,797.0,rank-3,0
Python,https://github.com/ceph/ceph-deploy,2013-12-06,801.0,rank-3,0
Python,https://github.com/ceph/ceph-deploy,2013-12-09,804.0,rank-3,0
Python,https://github.com/ceph/ceph-deploy,2013-12-12,815.0,rank-3,0
Python,https://github.com/ceph/ceph-deploy,2013-12-13,816.0,rank-3,0
Python,https://github.com/ceph/ceph-deploy,2014-01-02,820.0,rank-3,0
Python,https://github.com/ceph/ceph-deploy,2014-01-06,824.0,rank-3,0
Python,https://github.com/ceph/ceph-deploy,2014-01-07,825.0,rank-3,0
Python,https://github.com/ceph/ceph-deploy,2014-01-08,827.0,rank-3,0
Python,https://github.com/ceph/ceph-deploy,2014-01-09,832.0,rank-3,0
Python,https://github.com/ceph/ceph-deploy,2014-01-10,834.0,rank-3,0
Python,https://github.com/ceph/ceph-deploy,2014-01-23,836.0,rank-3,0
Python,https://github.com/ceph/ceph-deploy,2014-01-27,838.0,rank-3,0
Python,https://github.com/ceph/ceph-deploy,2014-01-29,842.0,rank-3,0
Python,https://github.com/ceph/ceph-deploy,2014-01-30,845.0,rank-3,0
Python,https://github.com/ceph/ceph-deploy,2014-01-31,847.0,rank-3,0
Python,https://github.com/ceph/ceph-deploy,2014-02-03,848.0,rank-3,0
Python,https://github.com/ceph/ceph-deploy,2014-02-05,858.0,rank-3,0
Python,https://github.com/ceph/ceph-deploy,2014-02-14,861.0,rank-3,0
Python,https://github.com/ceph/ceph-deploy,2014-02-18,865.0,rank-3,0
Python,https://github.com/ceph/ceph-deploy,2014-02-20,879.0,rank-3,0
Python,https://github.com/ceph/ceph-deploy,2014-02-21,884.0,rank-3,0
Python,https://github.com/ceph/ceph-deploy,2014-02-25,885.0,rank-3,0
Python,https://github.com/ceph/ceph-deploy,2014-02-28,893.0,rank-3,0
Python,https://github.com/ceph/ceph-deploy,2014-03-03,897.0,rank-3,0
Python,https://github.com/ceph/ceph-deploy,2014-03-04,903.0,rank-3,0
Python,https://github.com/ceph/ceph-deploy,2014-03-05,904.0,rank-3,0
Python,https://github.com/ceph/ceph-deploy,2014-03-06,910.0,rank-3,0
Python,https://github.com/ceph/ceph-deploy,2014-03-07,913.0,rank-3,0
Python,https://github.com/ceph/ceph-deploy,2014-03-10,922.0,rank-3,0
Python,https://github.com/ceph/ceph-deploy,2014-03-11,927.0,rank-3,0
Python,https://github.com/ceph/ceph-deploy,2014-03-12,939.0,rank-3,0
Python,https://github.com/ceph/ceph-deploy,2014-03-13,941.0,rank-3,0
Python,https://github.com/ceph/ceph-deploy,2014-03-17,944.0,rank-3,0
Python,https://github.com/ceph/ceph-deploy,2014-03-18,947.0,rank-3,0
Python,https://github.com/ceph/ceph-deploy,2014-03-19,948.0,rank-3,0
Python,https://github.com/ceph/ceph-deploy,2014-03-20,950.0,rank-3,0
Python,https://github.com/ceph/ceph-deploy,2014-03-27,951.0,rank-3,0
Python,https://github.com/ceph/ceph-deploy,2014-04-01,963.0,rank-3,0
Python,https://github.com/ceph/ceph-deploy,2014-04-02,966.0,rank-3,0
Python,https://github.com/ceph/ceph-deploy,2014-04-07,974.0,rank-3,0
Python,https://github.com/ceph/ceph-deploy,2014-04-10,976.0,rank-3,0
Python,https://github.com/ceph/ceph-deploy,2014-04-13,978.0,rank-3,0
Python,https://github.com/ceph/ceph-deploy,2014-04-14,981.0,rank-3,0
Python,https://github.com/ceph/ceph-deploy,2014-04-15,984.0,rank-3,0
Python,https://github.com/ceph/ceph-deploy,2014-04-16,985.0,rank-3,0
Python,https://github.com/ceph/ceph-deploy,2014-04-17,991.0,rank-3,0
Python,https://github.com/ceph/ceph-deploy,2014-04-18,992.0,rank-3,0
Python,https://github.com/ceph/ceph-deploy,2014-04-23,997.0,rank-3,0
Python,https://github.com/ceph/ceph-deploy,2014-04-24,1001.0,rank-3,0
Python,https://github.com/ceph/ceph-deploy,2014-04-25,1010.0,rank-3,0
Python,https://github.com/ceph/ceph-deploy,2014-05-01,1016.0,rank-3,0
Python,https://github.com/ceph/ceph-deploy,2014-05-05,1018.0,rank-3,0
Python,https://github.com/ceph/ceph-deploy,2014-05-07,1023.0,rank-3,0
Python,https://github.com/ceph/ceph-deploy,2014-05-08,1024.0,rank-3,0
Python,https://github.com/ceph/ceph-deploy,2014-05-13,1028.0,rank-3,0
Python,https://github.com/ceph/ceph-deploy,2014-05-14,1031.0,rank-3,0
Python,https://github.com/ceph/ceph-deploy,2014-05-20,1033.0,rank-3,0
Python,https://github.com/ceph/ceph-deploy,2014-05-21,1035.0,rank-3,0
Python,https://github.com/ceph/ceph-deploy,2014-05-27,1036.0,rank-3,0
Python,https://github.com/ceph/ceph-deploy,2014-05-28,1039.0,rank-3,0
Python,https://github.com/ceph/ceph-deploy,2014-05-29,1045.0,rank-3,0
Python,https://github.com/ceph/ceph-deploy,2014-05-30,1051.0,rank-3,0
Python,https://github.com/ceph/ceph-deploy,2014-06-02,1052.0,rank-3,0
Python,https://github.com/ceph/ceph-deploy,2014-06-04,1057.0,rank-3,0
Python,https://github.com/ceph/ceph-deploy,2014-06-05,1061.0,rank-3,0
Python,https://github.com/ceph/ceph-deploy,2014-06-06,1067.0,rank-3,0
Python,https://github.com/ceph/ceph-deploy,2014-06-09,1069.0,rank-3,0
Python,https://github.com/ceph/ceph-deploy,2014-06-10,1072.0,rank-3,0
Python,https://github.com/ceph/ceph-deploy,2014-06-16,1074.0,rank-3,0
Python,https://github.com/ceph/ceph-deploy,2014-06-24,1080.0,rank-3,0
Python,https://github.com/ceph/ceph-deploy,2014-06-25,1083.0,rank-3,0
Python,https://github.com/ceph/ceph-deploy,2014-06-27,1088.0,rank-3,0
Python,https://github.com/ceph/ceph-deploy,2014-06-30,1094.0,rank-3,0
Python,https://github.com/ceph/ceph-deploy,2014-07-01,1100.0,rank-3,0
Python,https://github.com/ceph/ceph-deploy,2014-07-02,1113.0,rank-3,0
Python,https://github.com/ceph/ceph-deploy,2014-07-03,1116.0,rank-3,0
Python,https://github.com/ceph/ceph-deploy,2014-07-07,1117.0,rank-3,0
Python,https://github.com/ceph/ceph-deploy,2014-07-08,1124.0,rank-3,0
Python,https://github.com/ceph/ceph-deploy,2014-07-09,1128.0,rank-3,0
Python,https://github.com/ceph/ceph-deploy,2014-07-10,1130.0,rank-3,0
Python,https://github.com/ceph/ceph-deploy,2014-07-11,1139.0,rank-3,0
Python,https://github.com/ceph/ceph-deploy,2014-07-14,1146.0,rank-3,0
Python,https://github.com/ceph/ceph-deploy,2014-07-15,1148.0,rank-3,0
Python,https://github.com/ceph/ceph-deploy,2014-07-16,1155.0,rank-3,0
Python,https://github.com/ceph/ceph-deploy,2014-07-19,1156.0,rank-3,0
Python,https://github.com/ceph/ceph-deploy,2014-07-21,1157.0,rank-3,0
Python,https://github.com/ceph/ceph-deploy,2014-07-22,1160.0,rank-3,0
Python,https://github.com/ceph/ceph-deploy,2014-07-23,1163.0,rank-3,0
Python,https://github.com/ceph/ceph-deploy,2014-07-24,1168.0,rank-3,0
Python,https://github.com/ceph/ceph-deploy,2014-07-30,1169.0,rank-3,0
Python,https://github.com/ceph/ceph-deploy,2014-07-31,1174.0,rank-3,0
Python,https://github.com/ceph/ceph-deploy,2014-08-01,1177.0,rank-3,0
Python,https://github.com/ceph/ceph-deploy,2014-08-07,1182.0,rank-3,0
Python,https://github.com/ceph/ceph-deploy,2014-08-08,1189.0,rank-3,0
Python,https://github.com/ceph/ceph-deploy,2014-08-11,1190.0,rank-3,0
Python,https://github.com/ceph/ceph-deploy,2014-08-13,1193.0,rank-3,0
Python,https://github.com/ceph/ceph-deploy,2014-08-14,1195.0,rank-3,0
Python,https://github.com/ceph/ceph-deploy,2014-08-15,1199.0,rank-3,0
Python,https://github.com/ceph/ceph-deploy,2014-08-18,1203.0,rank-3,0
Python,https://github.com/ceph/ceph-deploy,2014-08-19,1208.0,rank-3,0
Python,https://github.com/ceph/ceph-deploy,2014-08-20,1213.0,rank-3,0
Python,https://github.com/ceph/ceph-deploy,2014-08-21,1218.0,rank-3,0
Python,https://github.com/ceph/ceph-deploy,2014-08-22,1221.0,rank-3,0
Python,https://github.com/ceph/ceph-deploy,2014-08-25,1228.0,rank-3,0
Python,https://github.com/ceph/ceph-deploy,2014-08-26,1231.0,rank-3,0
Python,https://github.com/ceph/ceph-deploy,2014-08-27,1240.0,rank-3,0
Python,https://github.com/ceph/ceph-deploy,2014-08-28,1246.0,rank-3,0
Python,https://github.com/ceph/ceph-deploy,2014-09-03,1249.0,rank-3,0
Python,https://github.com/ceph/ceph-deploy,2014-09-05,1250.0,rank-3,0
Python,https://github.com/ceph/ceph-deploy,2014-09-09,1254.0,rank-3,0
Python,https://github.com/ceph/ceph-deploy,2014-09-10,1259.0,rank-3,0
Python,https://github.com/ceph/ceph-deploy,2014-09-12,1264.0,rank-3,0
Python,https://github.com/ceph/ceph-deploy,2014-09-23,1273.0,rank-3,0
Python,https://github.com/ceph/ceph-deploy,2014-09-24,1277.0,rank-3,0
Python,https://github.com/ceph/ceph-deploy,2014-09-25,1280.0,rank-3,0
Python,https://github.com/ceph/ceph-deploy,2014-09-26,1283.0,rank-3,0
Python,https://github.com/ceph/ceph-deploy,2014-09-29,1286.0,rank-3,0
Python,https://github.com/ceph/ceph-deploy,2014-09-30,1289.0,rank-3,0
Python,https://github.com/ceph/ceph-deploy,2014-10-01,1292.0,rank-3,0
Python,https://github.com/ceph/ceph-deploy,2014-10-03,1294.0,rank-3,0
Python,https://github.com/ceph/ceph-deploy,2014-10-06,1297.0,rank-3,0
Python,https://github.com/ceph/ceph-deploy,2014-10-08,1299.0,rank-3,0
Python,https://github.com/ceph/ceph-deploy,2014-10-09,1307.0,rank-3,0
Python,https://github.com/ceph/ceph-deploy,2014-10-23,1308.0,rank-3,0
Python,https://github.com/ceph/ceph-deploy,2014-10-27,1310.0,rank-3,0
Python,https://github.com/ceph/ceph-deploy,2014-10-28,1312.0,rank-3,0
Python,https://github.com/ceph/ceph-deploy,2014-10-29,1314.0,rank-3,0
Python,https://github.com/ceph/ceph-deploy,2014-11-07,1315.0,rank-3,0
Python,https://github.com/ceph/ceph-deploy,2014-11-10,1318.0,rank-3,0
Python,https://github.com/ceph/ceph-deploy,2014-11-12,1319.0,rank-3,0
Python,https://github.com/ceph/ceph-deploy,2014-11-13,1321.0,rank-3,0
Python,https://github.com/ceph/ceph-deploy,2014-11-18,1324.0,rank-3,0
Python,https://github.com/ceph/ceph-deploy,2014-11-19,1329.0,rank-3,0
Python,https://github.com/ceph/ceph-deploy,2014-12-02,1330.0,rank-3,0
Python,https://github.com/ceph/ceph-deploy,2014-12-10,1333.0,rank-3,0
Python,https://github.com/ceph/ceph-deploy,2015-01-02,1337.0,rank-3,0
Python,https://github.com/ceph/ceph-deploy,2015-01-05,1338.0,rank-3,0
Python,https://github.com/ceph/ceph-deploy,2015-01-09,1341.0,rank-3,0
Python,https://github.com/ceph/ceph-deploy,2015-01-30,1343.0,rank-3,0
Python,https://github.com/ceph/ceph-deploy,2015-02-16,1344.0,rank-3,0
Python,https://github.com/ceph/ceph-deploy,2015-02-18,1345.0,rank-3,0
Python,https://github.com/ceph/ceph-deploy,2015-02-19,1349.0,rank-3,0
Python,https://github.com/ceph/ceph-deploy,2015-02-20,1356.0,rank-3,0
Python,https://github.com/ceph/ceph-deploy,2015-02-23,1358.0,rank-3,0
Python,https://github.com/ceph/ceph-deploy,2015-02-26,1359.0,rank-3,0
Python,https://github.com/ceph/ceph-deploy,2015-03-06,1364.0,rank-3,0
Python,https://github.com/ceph/ceph-deploy,2015-03-09,1367.0,rank-3,0
Python,https://github.com/ceph/ceph-deploy,2015-03-10,1370.0,rank-3,0
Python,https://github.com/ceph/ceph-deploy,2015-03-17,1375.0,rank-3,0
Python,https://github.com/ceph/ceph-deploy,2015-03-18,1376.0,rank-3,0
Python,https://github.com/ceph/ceph-deploy,2015-03-19,1391.0,rank-3,0
Python,https://github.com/ceph/ceph-deploy,2015-03-20,1395.0,rank-3,0
Python,https://github.com/ceph/ceph-deploy,2015-03-31,1399.0,rank-3,0
Python,https://github.com/ceph/ceph-deploy,2015-04-01,1400.0,rank-3,0
Python,https://github.com/ceph/ceph-deploy,2015-04-07,1406.0,rank-3,0
Python,https://github.com/ceph/ceph-deploy,2015-04-08,1407.0,rank-3,0
Python,https://github.com/ceph/ceph-deploy,2015-04-09,1409.0,rank-3,0
Python,https://github.com/ceph/ceph-deploy,2015-04-10,1412.0,rank-3,0
Python,https://github.com/ceph/ceph-deploy,2015-04-14,1413.0,rank-3,0
Python,https://github.com/ceph/ceph-deploy,2015-04-22,1416.0,rank-3,2
Python,https://github.com/ceph/ceph-deploy,2015-05-07,1428.0,rank-3,9
Python,https://github.com/ceph/ceph-deploy,2015-05-08,1435.0,rank-3,11
Python,https://github.com/ceph/ceph-deploy,2015-05-11,1444.0,rank-3,20
Python,https://github.com/ceph/ceph-deploy,2015-05-12,1458.0,rank-3,30
Python,https://github.com/ceph/ceph-deploy,2015-05-13,1465.0,rank-3,36
Python,https://github.com/ceph/ceph-deploy,2015-05-14,1469.0,rank-3,39
Python,https://github.com/ceph/ceph-deploy,2015-05-15,1474.0,rank-3,39
Python,https://github.com/ceph/ceph-deploy,2015-05-18,1482.0,rank-3,39
Python,https://github.com/ceph/ceph-deploy,2015-05-21,1489.0,rank-3,39
Python,https://github.com/ceph/ceph-deploy,2015-05-22,1495.0,rank-3,39
Python,https://github.com/ceph/ceph-deploy,2015-05-25,1503.0,rank-3,39
Python,https://github.com/ceph/ceph-deploy,2015-05-26,1507.0,rank-3,39
Python,https://github.com/ceph/ceph-deploy,2015-05-27,1517.0,rank-3,43
Python,https://github.com/ceph/ceph-deploy,2015-05-28,1525.0,rank-3,46
Python,https://github.com/ceph/ceph-deploy,2015-06-02,1527.0,rank-3,46
Python,https://github.com/ceph/ceph-deploy,2015-06-11,1529.0,rank-3,46
Python,https://github.com/ceph/ceph-deploy,2015-06-12,1534.0,rank-3,46
Python,https://github.com/ceph/ceph-deploy,2015-06-16,1537.0,rank-3,46
Python,https://github.com/ceph/ceph-deploy,2015-06-19,1540.0,rank-3,46
Python,https://github.com/ceph/ceph-deploy,2015-06-22,1543.0,rank-3,46
Python,https://github.com/ceph/ceph-deploy,2015-06-23,1553.0,rank-3,46
Python,https://github.com/ceph/ceph-deploy,2015-06-24,1567.0,rank-3,46
Python,https://github.com/ceph/ceph-deploy,2015-06-25,1573.0,rank-3,46
Python,https://github.com/ceph/ceph-deploy,2015-06-26,1574.0,rank-3,46
Python,https://github.com/ceph/ceph-deploy,2015-06-29,1583.0,rank-3,46
Python,https://github.com/ceph/ceph-deploy,2015-06-30,1588.0,rank-3,46
Python,https://github.com/ceph/ceph-deploy,2015-07-01,1598.0,rank-3,46
Python,https://github.com/ceph/ceph-deploy,2015-07-02,1599.0,rank-3,46
Python,https://github.com/ceph/ceph-deploy,2015-07-05,1600.0,rank-3,46
Python,https://github.com/ceph/ceph-deploy,2015-07-06,1601.0,rank-3,46
Python,https://github.com/ceph/ceph-deploy,2015-07-09,1606.0,rank-3,46
Python,https://github.com/ceph/ceph-deploy,2015-07-10,1610.0,rank-3,46
Python,https://github.com/ceph/ceph-deploy,2015-07-14,1613.0,rank-3,46
Python,https://github.com/ceph/ceph-deploy,2015-07-15,1618.0,rank-3,46
Python,https://github.com/ceph/ceph-deploy,2015-07-16,1623.0,rank-3,46
Python,https://github.com/ceph/ceph-deploy,2015-07-17,1624.0,rank-3,46
Python,https://github.com/ceph/ceph-deploy,2015-07-20,1627.0,rank-3,46
Python,https://github.com/ceph/ceph-deploy,2015-07-28,1628.0,rank-3,46
Python,https://github.com/ceph/ceph-deploy,2015-07-30,1629.0,rank-3,46
Python,https://github.com/ceph/ceph-deploy,2015-07-31,1644.0,rank-3,46
Python,https://github.com/ceph/ceph-deploy,2015-08-03,1660.0,rank-3,46
Python,https://github.com/ceph/ceph-deploy,2015-08-04,1673.0,rank-3,46
Python,https://github.com/ceph/ceph-deploy,2015-08-05,1685.0,rank-3,46
Python,https://github.com/ceph/ceph-deploy,2015-08-06,1689.0,rank-3,47
Python,https://github.com/ceph/ceph-deploy,2015-08-07,1695.0,rank-3,47
Python,https://github.com/ceph/ceph-deploy,2015-08-10,1697.0,rank-3,47
Python,https://github.com/ceph/ceph-deploy,2015-08-11,1704.0,rank-3,52
Python,https://github.com/ceph/ceph-deploy,2015-08-12,1708.0,rank-3,53
Python,https://github.com/ceph/ceph-deploy,2015-08-13,1711.0,rank-3,55
Python,https://github.com/ceph/ceph-deploy,2015-08-14,1714.0,rank-3,55
Python,https://github.com/ceph/ceph-deploy,2015-08-26,1717.0,rank-3,55
Python,https://github.com/ceph/ceph-deploy,2015-08-29,1719.0,rank-3,55
Python,https://github.com/ceph/ceph-deploy,2015-09-02,1721.0,rank-3,55
Python,https://github.com/ceph/ceph-deploy,2015-09-08,1724.0,rank-3,55
Python,https://github.com/ceph/ceph-deploy,2015-09-09,1725.0,rank-3,55
Python,https://github.com/ceph/ceph-deploy,2015-09-10,1727.0,rank-3,55
Python,https://github.com/ceph/ceph-deploy,2015-09-14,1728.0,rank-3,55
Python,https://github.com/ceph/ceph-deploy,2015-09-17,1730.0,rank-3,55
Python,https://github.com/ceph/ceph-deploy,2015-09-18,1732.0,rank-3,55
Python,https://github.com/ceph/ceph-deploy,2015-09-19,1733.0,rank-3,55
Python,https://github.com/ceph/ceph-deploy,2015-09-24,1736.0,rank-3,56
Python,https://github.com/ceph/ceph-deploy,2015-09-29,1737.0,rank-3,56
Python,https://github.com/ceph/ceph-deploy,2015-09-30,1743.0,rank-3,56
Python,https://github.com/ceph/ceph-deploy,2015-10-12,1744.0,rank-3,56
Python,https://github.com/ceph/ceph-deploy,2015-10-26,1746.0,rank-3,56
Python,https://github.com/ceph/ceph-deploy,2015-11-03,1748.0,rank-3,58
Python,https://github.com/ceph/ceph-deploy,2015-11-04,1749.0,rank-3,58
Python,https://github.com/ceph/ceph-deploy,2015-11-20,1751.0,rank-3,59
Python,https://github.com/ceph/ceph-deploy,2015-11-23,1752.0,rank-3,59
Python,https://github.com/ceph/ceph-deploy,2015-11-24,1755.0,rank-3,59
Python,https://github.com/ceph/ceph-deploy,2015-11-25,1756.0,rank-3,59
Python,https://github.com/ceph/ceph-deploy,2015-12-01,1758.0,rank-3,60
Python,https://github.com/ceph/ceph-deploy,2015-12-02,1762.0,rank-3,62
Python,https://github.com/ceph/ceph-deploy,2015-12-10,1763.0,rank-3,63
Python,https://github.com/ceph/ceph-deploy,2015-12-11,1769.0,rank-3,66
Python,https://github.com/ceph/ceph-deploy,2015-12-15,1770.0,rank-3,67
Python,https://github.com/ceph/ceph-deploy,2015-12-16,1771.0,rank-3,67
Python,https://github.com/ceph/ceph-deploy,2015-12-22,1773.0,rank-3,68
Python,https://github.com/ceph/ceph-deploy,2016-01-04,1777.0,rank-3,70
Python,https://github.com/ceph/ceph-deploy,2016-01-08,1783.0,rank-3,70
Python,https://github.com/ceph/ceph-deploy,2016-01-13,1785.0,rank-3,70
Python,https://github.com/ceph/ceph-deploy,2016-02-02,1791.0,rank-3,74
Python,https://github.com/ceph/ceph-deploy,2016-02-03,1792.0,rank-3,74
Python,https://github.com/ceph/ceph-deploy,2016-02-04,1794.0,rank-3,75
Python,https://github.com/ceph/ceph-deploy,2016-02-09,1795.0,rank-3,75
Python,https://github.com/ceph/ceph-deploy,2016-02-11,1797.0,rank-3,75
Python,https://github.com/ceph/ceph-deploy,2016-02-26,1798.0,rank-3,75
Python,https://github.com/ceph/ceph-deploy,2016-03-11,1800.0,rank-3,75
Python,https://github.com/ceph/ceph-deploy,2016-03-15,1802.0,rank-3,75
Python,https://github.com/ceph/ceph-deploy,2016-04-08,1805.0,rank-3,75
Python,https://github.com/ceph/ceph-deploy,2016-04-12,1809.0,rank-3,75
Python,https://github.com/ceph/ceph-deploy,2016-04-13,1818.0,rank-3,77
Python,https://github.com/ceph/ceph-deploy,2016-04-14,1819.0,rank-3,77
Python,https://github.com/ceph/ceph-deploy,2016-04-21,1821.0,rank-3,77
Python,https://github.com/ceph/ceph-deploy,2016-04-22,1835.0,rank-3,79
Python,https://github.com/ceph/ceph-deploy,2016-05-16,1837.0,rank-3,80
Python,https://github.com/ceph/ceph-deploy,2016-05-17,1838.0,rank-3,80
Python,https://github.com/ceph/ceph-deploy,2016-05-18,1839.0,rank-3,80
Python,https://github.com/ceph/ceph-deploy,2016-05-20,1843.0,rank-3,80
Python,https://github.com/ceph/ceph-deploy,2016-05-23,1854.0,rank-3,80
Python,https://github.com/ceph/ceph-deploy,2016-05-24,1856.0,rank-3,80
Python,https://github.com/ceph/ceph-deploy,2016-05-25,1857.0,rank-3,80
Python,https://github.com/ceph/ceph-deploy,2016-05-26,1859.0,rank-3,80
Python,https://github.com/ceph/ceph-deploy,2016-05-31,1860.0,rank-3,80
Python,https://github.com/ceph/ceph-deploy,2016-06-03,1864.0,rank-3,83
Python,https://github.com/ceph/ceph-deploy,2016-06-06,1866.0,rank-3,84
Python,https://github.com/ceph/ceph-deploy,2016-06-07,1870.0,rank-3,86
Python,https://github.com/ceph/ceph-deploy,2016-06-09,1873.0,rank-3,86
Python,https://github.com/ceph/ceph-deploy,2016-06-14,1875.0,rank-3,86
Python,https://github.com/ceph/ceph-deploy,2016-06-15,1876.0,rank-3,86
Python,https://github.com/ceph/ceph-deploy,2016-06-16,1877.0,rank-3,86
Python,https://github.com/ceph/ceph-deploy,2016-06-21,1878.0,rank-3,86
Python,https://github.com/ceph/ceph-deploy,2016-06-22,1879.0,rank-3,86
Python,https://github.com/ceph/ceph-deploy,2016-06-23,1883.0,rank-3,88
Python,https://github.com/ceph/ceph-deploy,2016-06-24,1884.0,rank-3,88
Python,https://github.com/ceph/ceph-deploy,2016-06-29,1888.0,rank-3,89
Python,https://github.com/ceph/ceph-deploy,2016-07-07,1889.0,rank-3,89
Python,https://github.com/ceph/ceph-deploy,2016-07-10,1890.0,rank-3,89
Python,https://github.com/ceph/ceph-deploy,2016-07-11,1891.0,rank-3,89
Python,https://github.com/ceph/ceph-deploy,2016-07-13,1892.0,rank-3,89
Python,https://github.com/ceph/ceph-deploy,2016-08-10,1894.0,rank-3,89
Python,https://github.com/ceph/ceph-deploy,2016-08-12,1895.0,rank-3,89
Python,https://github.com/ceph/ceph-deploy,2016-08-15,1899.0,rank-3,91
Python,https://github.com/ceph/ceph-deploy,2016-08-17,1900.0,rank-3,91
Python,https://github.com/ceph/ceph-deploy,2016-08-18,1901.0,rank-3,91
Python,https://github.com/ceph/ceph-deploy,2016-08-19,1903.0,rank-3,92
Python,https://github.com/ceph/ceph-deploy,2016-08-23,1906.0,rank-3,94
Python,https://github.com/ceph/ceph-deploy,2016-08-24,1908.0,rank-3,95
Python,https://github.com/ceph/ceph-deploy,2016-08-29,1911.0,rank-3,97
Python,https://github.com/ceph/ceph-deploy,2016-08-30,1912.0,rank-3,97
Python,https://github.com/ceph/ceph-deploy,2016-09-08,1913.0,rank-3,97
Python,https://github.com/ceph/ceph-deploy,2016-09-13,1914.0,rank-3,97
Python,https://github.com/ceph/ceph-deploy,2016-10-10,1915.0,rank-3,97
Python,https://github.com/ceph/ceph-deploy,2016-10-14,1916.0,rank-3,97
Python,https://github.com/ceph/ceph-deploy,2016-10-20,1917.0,rank-3,97
Python,https://github.com/ceph/ceph-deploy,2016-11-08,1919.0,rank-3,98
Python,https://github.com/ceph/ceph-deploy,2016-11-15,1920.0,rank-3,98
Python,https://github.com/ceph/ceph-deploy,2016-12-08,1928.0,rank-3,105
Python,https://github.com/ceph/ceph-deploy,2017-01-03,1934.0,rank-3,107
Python,https://github.com/ceph/ceph-deploy,2017-02-03,1935.0,rank-3,107
Python,https://github.com/ceph/ceph-deploy,2017-02-21,1936.0,rank-3,107
Python,https://github.com/ceph/ceph-deploy,2017-02-22,1937.0,rank-3,107
Python,https://github.com/ceph/ceph-deploy,2017-02-23,1938.0,rank-3,107
Python,https://github.com/ceph/ceph-deploy,2017-03-06,1940.0,rank-3,108
Python,https://github.com/ceph/ceph-deploy,2017-03-07,1941.0,rank-3,108
Python,https://github.com/ceph/ceph-deploy,2017-03-08,1942.0,rank-3,108
Python,https://github.com/ceph/ceph-deploy,2017-03-10,1943.0,rank-3,108
Python,https://github.com/ceph/ceph-deploy,2017-03-13,1947.0,rank-3,108
Python,https://github.com/ceph/ceph-deploy,2017-03-14,1948.0,rank-3,108
Python,https://github.com/ceph/ceph-deploy,2017-03-17,1949.0,rank-3,108
Python,https://github.com/ceph/ceph-deploy,2017-03-22,1952.0,rank-3,108
Python,https://github.com/ceph/ceph-deploy,2017-04-20,1954.0,rank-3,108
Python,https://github.com/ceph/ceph-deploy,2017-05-11,1955.0,rank-3,108
Python,https://github.com/ceph/ceph-deploy,2017-05-19,1959.0,rank-3,110
Python,https://github.com/ceph/ceph-deploy,2017-05-25,1960.0,rank-3,110
Python,https://github.com/ceph/ceph-deploy,2017-06-08,1963.0,rank-3,112
Python,https://github.com/ceph/ceph-deploy,2017-06-09,1965.0,rank-3,112
Python,https://github.com/ceph/ceph-deploy,2017-06-22,1968.0,rank-3,114
Python,https://github.com/ceph/ceph-deploy,2017-07-05,1971.0,rank-3,116
Python,https://github.com/ceph/ceph-deploy,2017-07-09,1972.0,rank-3,116
Python,https://github.com/ceph/ceph-deploy,2017-07-19,1974.0,rank-3,116
Python,https://github.com/ceph/ceph-deploy,2017-07-28,1975.0,rank-3,116
Python,https://github.com/ceph/ceph-deploy,2017-08-07,1976.0,rank-3,116
Python,https://github.com/ceph/ceph-deploy,2017-09-01,1980.0,rank-3,118
Python,https://github.com/ceph/ceph-deploy,2017-09-06,1981.0,rank-3,118
Python,https://github.com/ceph/ceph-deploy,2017-09-11,1982.0,rank-3,118
Python,https://github.com/ceph/ceph-deploy,2017-09-12,1983.0,rank-3,118
Python,https://github.com/ceph/ceph-deploy,2017-09-20,1984.0,rank-3,118
Python,https://github.com/ceph/ceph-deploy,2017-11-27,1986.0,rank-3,120
Python,https://github.com/ceph/ceph-deploy,2017-11-28,1992.0,rank-3,126
Python,https://github.com/ceph/ceph-deploy,2017-11-29,2002.0,rank-3,136
Python,https://github.com/ceph/ceph-deploy,2017-12-01,2003.0,rank-3,136
Python,https://github.com/ceph/ceph-deploy,2017-12-06,2006.0,rank-3,138
Python,https://github.com/ceph/ceph-deploy,2017-12-27,2007.0,rank-3,138
Python,https://github.com/ceph/ceph-deploy,2018-01-16,2011.0,rank-3,140
Python,https://github.com/ceph/ceph-deploy,2018-01-17,2013.0,rank-3,140
Python,https://github.com/ceph/ceph-deploy,2018-01-23,2015.0,rank-3,140
Python,https://github.com/ceph/ceph-deploy,2018-01-26,2017.0,rank-3,140
Python,https://github.com/ceph/ceph-deploy,2018-01-29,2018.0,rank-3,140
Python,https://github.com/ceph/ceph-deploy,2018-01-30,2019.0,rank-3,140
Python,https://github.com/ceph/ceph-deploy,2018-02-01,2021.0,rank-3,140
Python,https://github.com/ceph/ceph-deploy,2018-02-07,2022.0,rank-3,140
Python,https://github.com/ceph/ceph-deploy,2018-02-16,2025.0,rank-3,142
Python,https://github.com/ceph/ceph-deploy,2018-02-20,2027.0,rank-3,143
Python,https://github.com/ceph/ceph-deploy,2018-02-21,2029.0,rank-3,144
Python,https://github.com/ceph/ceph-deploy,2018-03-01,2031.0,rank-3,145
Python,https://github.com/ceph/ceph-deploy,2018-03-05,2033.0,rank-3,145
Python,https://github.com/ceph/ceph-deploy,2018-03-06,2034.0,rank-3,145
Python,https://github.com/ceph/ceph-deploy,2018-03-31,2035.0,rank-3,145
Python,https://github.com/ceph/ceph-deploy,2018-04-09,2036.0,rank-3,145
Python,https://github.com/ceph/ceph-deploy,2018-05-03,2037.0,rank-3,145
Python,https://github.com/ceph/ceph-deploy,2018-06-19,2043.0,rank-3,148
Python,https://github.com/ceph/ceph-deploy,2018-07-10,2046.0,rank-3,150
Python,https://github.com/ceph/ceph-deploy,2018-07-16,2049.0,rank-3,153
Python,https://github.com/ceph/ceph-deploy,2018-07-18,2050.0,rank-3,153
Python,https://github.com/ceph/ceph-deploy,2018-09-20,2052.0,rank-3,153
Python,https://github.com/ceph/ceph-deploy,2018-12-15,2053.0,rank-3,153
Python,https://github.com/ceph/ceph-deploy,2018-12-18,2054.0,rank-3,153
Python,https://github.com/ceph/ceph-deploy,2019-01-15,2058.0,rank-3,156
Python,https://github.com/ceph/ceph-deploy,2019-01-16,2059.0,rank-3,157
Python,https://github.com/ceph/ceph-deploy,2019-01-17,2060.0,rank-3,157
Python,https://github.com/ceph/ceph-deploy,2019-01-28,2061.0,rank-3,157
Python,https://github.com/ceph/ceph-deploy,2019-02-25,2063.0,rank-3,157
Python,https://github.com/ceph/ceph-deploy,2019-03-26,2064.0,rank-3,157
Python,https://github.com/ceph/ceph-deploy,2019-04-05,2066.0,rank-3,157
Python,https://github.com/ceph/ceph-deploy,2019-04-16,2071.0,rank-3,161
Python,https://github.com/ceph/ceph-deploy,2019-04-25,2073.0,rank-3,163
Python,https://github.com/ceph/ceph-deploy,2019-04-29,2076.0,rank-3,165
Python,https://github.com/ceph/ceph-deploy,2019-05-01,2082.0,rank-3,170
Python,https://github.com/ceph/ceph-deploy,2019-05-06,2084.0,rank-3,172
Python,https://github.com/ceph/ceph-deploy,2019-07-12,2085.0,rank-3,172
Python,https://github.com/ceph/ceph-deploy,2019-08-13,2087.0,rank-3,173
Python,https://github.com/ceph/ceph-deploy,2019-12-19,2088.0,rank-3,173
Python,https://github.com/ceph/ceph-deploy,2020-02-12,2089.0,rank-3,173
Python,https://github.com/ceph/ceph-deploy,2020-04-09,2090.0,rank-3,173
Python,https://github.com/ceph/ceph-deploy,2020-04-13,2091.0,rank-3,173
Python,https://github.com/ceph/ceph-deploy,2020-05-22,2092.0,rank-3,173
Python,https://github.com/ceph/ceph-deploy,2020-06-02,2093.0,rank-3,173
Python,https://github.com/ceph/ceph-deploy,2020-06-03,2098.0,rank-3,173
Python,https://github.com/ceph/ceph-deploy,2020-06-04,2100.0,rank-3,173
Python,https://github.com/ceph/ceph-deploy,2020-06-05,2102.0,rank-3,173
Python,https://github.com/ceph/ceph-deploy,2020-08-06,2103.0,rank-3,173
Python,https://github.com/ceph/ceph-deploy,2020-08-13,2105.0,rank-3,173
Python,https://github.com/ceph/ceph-deploy,2020-09-01,2112.0,rank-3,173
Python,https://github.com/ceph/ceph-deploy,2020-09-03,2114.0,rank-3,173
Python,https://github.com/ceph/ceph-deploy,2020-09-17,2115.0,rank-3,173
Python,https://github.com/ceph/ceph-deploy,2020-09-18,2117.0,rank-3,173
Python,https://github.com/ceph/ceph-deploy,2020-09-26,2119.0,rank-3,173
Python,https://github.com/ceph/ceph-deploy,2020-09-27,2120.0,rank-3,173
Python,https://github.com/ceph/ceph-deploy,2020-10-01,2127.0,rank-3,173
Python,https://github.com/ceph/ceph-deploy,2020-10-02,2129.0,rank-3,173
Python,https://github.com/ceph/ceph-deploy,2012-08-28,21.0,rank-4,0
Python,https://github.com/ceph/ceph-deploy,2012-08-29,22.0,rank-4,0
Python,https://github.com/ceph/ceph-deploy,2012-08-30,23.0,rank-4,0
Python,https://github.com/ceph/ceph-deploy,2012-09-11,24.0,rank-4,0
Python,https://github.com/ceph/ceph-deploy,2012-09-12,27.0,rank-4,0
Python,https://github.com/ceph/ceph-deploy,2012-09-13,29.0,rank-4,0
Python,https://github.com/ceph/ceph-deploy,2012-09-14,34.0,rank-4,0
Python,https://github.com/ceph/ceph-deploy,2012-09-17,35.0,rank-4,0
Python,https://github.com/ceph/ceph-deploy,2012-09-26,36.0,rank-4,0
Python,https://github.com/ceph/ceph-deploy,2012-10-15,37.0,rank-4,0
Python,https://github.com/ceph/ceph-deploy,2012-10-17,38.0,rank-4,0
Python,https://github.com/ceph/ceph-deploy,2012-10-18,39.0,rank-4,0
Python,https://github.com/ceph/ceph-deploy,2012-10-25,41.0,rank-4,0
Python,https://github.com/ceph/ceph-deploy,2012-10-29,52.0,rank-4,0
Python,https://github.com/ceph/ceph-deploy,2012-10-30,56.0,rank-4,0
Python,https://github.com/ceph/ceph-deploy,2012-11-15,57.0,rank-4,0
Python,https://github.com/ceph/ceph-deploy,2012-12-14,58.0,rank-4,0
Python,https://github.com/ceph/ceph-deploy,2013-01-26,60.0,rank-4,0
Python,https://github.com/ceph/ceph-deploy,2013-01-27,63.0,rank-4,0
Python,https://github.com/ceph/ceph-deploy,2013-01-31,75.0,rank-4,0
Python,https://github.com/ceph/ceph-deploy,2013-02-01,77.0,rank-4,0
Python,https://github.com/ceph/ceph-deploy,2013-02-05,78.0,rank-4,0
Python,https://github.com/ceph/ceph-deploy,2013-02-12,80.0,rank-4,0
Python,https://github.com/ceph/ceph-deploy,2013-02-13,90.0,rank-4,0
Python,https://github.com/ceph/ceph-deploy,2013-02-14,91.0,rank-4,0
Python,https://github.com/ceph/ceph-deploy,2013-02-22,92.0,rank-4,0
Python,https://github.com/ceph/ceph-deploy,2013-02-26,93.0,rank-4,0
Python,https://github.com/ceph/ceph-deploy,2013-02-27,94.0,rank-4,0
Python,https://github.com/ceph/ceph-deploy,2013-02-28,95.0,rank-4,0
Python,https://github.com/ceph/ceph-deploy,2013-03-01,96.0,rank-4,0
Python,https://github.com/ceph/ceph-deploy,2013-03-05,99.0,rank-4,0
Python,https://github.com/ceph/ceph-deploy,2013-03-06,101.0,rank-4,0
Python,https://github.com/ceph/ceph-deploy,2013-03-07,103.0,rank-4,0
Python,https://github.com/ceph/ceph-deploy,2013-03-08,105.0,rank-4,0
Python,https://github.com/ceph/ceph-deploy,2013-03-09,107.0,rank-4,0
Python,https://github.com/ceph/ceph-deploy,2013-03-11,114.0,rank-4,0
Python,https://github.com/ceph/ceph-deploy,2013-03-13,125.0,rank-4,0
Python,https://github.com/ceph/ceph-deploy,2013-03-14,126.0,rank-4,0
Python,https://github.com/ceph/ceph-deploy,2013-03-18,127.0,rank-4,0
Python,https://github.com/ceph/ceph-deploy,2013-03-21,156.0,rank-4,0
Python,https://github.com/ceph/ceph-deploy,2013-03-22,158.0,rank-4,0
Python,https://github.com/ceph/ceph-deploy,2013-03-26,160.0,rank-4,0
Python,https://github.com/ceph/ceph-deploy,2013-03-27,162.0,rank-4,0
Python,https://github.com/ceph/ceph-deploy,2013-03-29,164.0,rank-4,0
Python,https://github.com/ceph/ceph-deploy,2013-04-02,166.0,rank-4,0
Python,https://github.com/ceph/ceph-deploy,2013-04-03,167.0,rank-4,0
Python,https://github.com/ceph/ceph-deploy,2013-04-05,168.0,rank-4,0
Python,https://github.com/ceph/ceph-deploy,2013-04-09,169.0,rank-4,0
Python,https://github.com/ceph/ceph-deploy,2013-04-17,170.0,rank-4,0
Python,https://github.com/ceph/ceph-deploy,2013-04-19,171.0,rank-4,0
Python,https://github.com/ceph/ceph-deploy,2013-04-22,172.0,rank-4,0
Python,https://github.com/ceph/ceph-deploy,2013-04-23,173.0,rank-4,0
Python,https://github.com/ceph/ceph-deploy,2013-04-24,174.0,rank-4,0
Python,https://github.com/ceph/ceph-deploy,2013-04-26,181.0,rank-4,0
Python,https://github.com/ceph/ceph-deploy,2013-04-29,185.0,rank-4,0
Python,https://github.com/ceph/ceph-deploy,2013-04-30,188.0,rank-4,0
Python,https://github.com/ceph/ceph-deploy,2013-05-01,191.0,rank-4,0
Python,https://github.com/ceph/ceph-deploy,2013-05-02,194.0,rank-4,0
Python,https://github.com/ceph/ceph-deploy,2013-05-03,195.0,rank-4,0
Python,https://github.com/ceph/ceph-deploy,2013-05-06,196.0,rank-4,0
Python,https://github.com/ceph/ceph-deploy,2013-05-08,197.0,rank-4,0
Python,https://github.com/ceph/ceph-deploy,2013-05-11,200.0,rank-4,0
Python,https://github.com/ceph/ceph-deploy,2013-05-13,201.0,rank-4,0
Python,https://github.com/ceph/ceph-deploy,2013-05-14,205.0,rank-4,0
Python,https://github.com/ceph/ceph-deploy,2013-05-15,207.0,rank-4,0
Python,https://github.com/ceph/ceph-deploy,2013-05-16,209.0,rank-4,0
Python,https://github.com/ceph/ceph-deploy,2013-05-23,213.0,rank-4,0
Python,https://github.com/ceph/ceph-deploy,2013-05-24,216.0,rank-4,0
Python,https://github.com/ceph/ceph-deploy,2013-05-30,217.0,rank-4,0
Python,https://github.com/ceph/ceph-deploy,2013-06-06,219.0,rank-4,0
Python,https://github.com/ceph/ceph-deploy,2013-06-07,221.0,rank-4,0
Python,https://github.com/ceph/ceph-deploy,2013-06-10,223.0,rank-4,0
Python,https://github.com/ceph/ceph-deploy,2013-06-13,225.0,rank-4,0
Python,https://github.com/ceph/ceph-deploy,2013-06-14,228.0,rank-4,0
Python,https://github.com/ceph/ceph-deploy,2013-06-18,231.0,rank-4,0
Python,https://github.com/ceph/ceph-deploy,2013-06-25,232.0,rank-4,0
Python,https://github.com/ceph/ceph-deploy,2013-06-27,233.0,rank-4,0
Python,https://github.com/ceph/ceph-deploy,2013-07-01,238.0,rank-4,0
Python,https://github.com/ceph/ceph-deploy,2013-07-03,239.0,rank-4,0
Python,https://github.com/ceph/ceph-deploy,2013-07-17,253.0,rank-4,0
Python,https://github.com/ceph/ceph-deploy,2013-07-18,270.0,rank-4,0
Python,https://github.com/ceph/ceph-deploy,2013-07-19,276.0,rank-4,0
Python,https://github.com/ceph/ceph-deploy,2013-07-22,284.0,rank-4,0
Python,https://github.com/ceph/ceph-deploy,2013-07-23,288.0,rank-4,0
Python,https://github.com/ceph/ceph-deploy,2013-07-24,294.0,rank-4,0
Python,https://github.com/ceph/ceph-deploy,2013-07-25,310.0,rank-4,0
Python,https://github.com/ceph/ceph-deploy,2013-07-26,321.0,rank-4,0
Python,https://github.com/ceph/ceph-deploy,2013-07-29,338.0,rank-4,0
Python,https://github.com/ceph/ceph-deploy,2013-07-30,341.0,rank-4,0
Python,https://github.com/ceph/ceph-deploy,2013-07-31,348.0,rank-4,0
Python,https://github.com/ceph/ceph-deploy,2013-08-01,355.0,rank-4,0
Python,https://github.com/ceph/ceph-deploy,2013-08-02,364.0,rank-4,0
Python,https://github.com/ceph/ceph-deploy,2013-08-04,366.0,rank-4,0
Python,https://github.com/ceph/ceph-deploy,2013-08-05,371.0,rank-4,0
Python,https://github.com/ceph/ceph-deploy,2013-08-06,372.0,rank-4,0
Python,https://github.com/ceph/ceph-deploy,2013-08-09,386.0,rank-4,1
Python,https://github.com/ceph/ceph-deploy,2013-08-12,393.0,rank-4,1
Python,https://github.com/ceph/ceph-deploy,2013-08-13,397.0,rank-4,2
Python,https://github.com/ceph/ceph-deploy,2013-08-14,400.0,rank-4,3
Python,https://github.com/ceph/ceph-deploy,2013-08-15,409.0,rank-4,5
Python,https://github.com/ceph/ceph-deploy,2013-08-19,416.0,rank-4,5
Python,https://github.com/ceph/ceph-deploy,2013-08-20,420.0,rank-4,6
Python,https://github.com/ceph/ceph-deploy,2013-08-22,434.0,rank-4,9
Python,https://github.com/ceph/ceph-deploy,2013-08-26,443.0,rank-4,12
Python,https://github.com/ceph/ceph-deploy,2013-08-27,445.0,rank-4,12
Python,https://github.com/ceph/ceph-deploy,2013-08-28,446.0,rank-4,12
Python,https://github.com/ceph/ceph-deploy,2013-08-29,453.0,rank-4,13
Python,https://github.com/ceph/ceph-deploy,2013-08-31,454.0,rank-4,13
Python,https://github.com/ceph/ceph-deploy,2013-09-01,455.0,rank-4,13
Python,https://github.com/ceph/ceph-deploy,2013-09-03,464.0,rank-4,15
Python,https://github.com/ceph/ceph-deploy,2013-09-04,467.0,rank-4,16
Python,https://github.com/ceph/ceph-deploy,2013-09-05,473.0,rank-4,18
Python,https://github.com/ceph/ceph-deploy,2013-09-06,480.0,rank-4,20
Python,https://github.com/ceph/ceph-deploy,2013-09-09,486.0,rank-4,20
Python,https://github.com/ceph/ceph-deploy,2013-09-10,491.0,rank-4,20
Python,https://github.com/ceph/ceph-deploy,2013-09-11,500.0,rank-4,21
Python,https://github.com/ceph/ceph-deploy,2013-09-12,509.0,rank-4,23
Python,https://github.com/ceph/ceph-deploy,2013-09-16,521.0,rank-4,25
Python,https://github.com/ceph/ceph-deploy,2013-09-17,533.0,rank-4,25
Python,https://github.com/ceph/ceph-deploy,2013-09-18,541.0,rank-4,27
Python,https://github.com/ceph/ceph-deploy,2013-09-19,545.0,rank-4,28
Python,https://github.com/ceph/ceph-deploy,2013-09-20,547.0,rank-4,29
Python,https://github.com/ceph/ceph-deploy,2013-09-23,549.0,rank-4,30
Python,https://github.com/ceph/ceph-deploy,2013-09-24,556.0,rank-4,31
Python,https://github.com/ceph/ceph-deploy,2013-09-25,558.0,rank-4,31
Python,https://github.com/ceph/ceph-deploy,2013-09-27,560.0,rank-4,32
Python,https://github.com/ceph/ceph-deploy,2013-09-30,563.0,rank-4,33
Python,https://github.com/ceph/ceph-deploy,2013-10-01,568.0,rank-4,35
Python,https://github.com/ceph/ceph-deploy,2013-10-02,572.0,rank-4,35
Python,https://github.com/ceph/ceph-deploy,2013-10-04,578.0,rank-4,36
Python,https://github.com/ceph/ceph-deploy,2013-10-07,580.0,rank-4,36
Python,https://github.com/ceph/ceph-deploy,2013-10-08,591.0,rank-4,36
Python,https://github.com/ceph/ceph-deploy,2013-10-09,601.0,rank-4,36
Python,https://github.com/ceph/ceph-deploy,2013-10-10,618.0,rank-4,36
Python,https://github.com/ceph/ceph-deploy,2013-10-11,628.0,rank-4,36
Python,https://github.com/ceph/ceph-deploy,2013-10-14,645.0,rank-4,36
Python,https://github.com/ceph/ceph-deploy,2013-10-15,647.0,rank-4,37
Python,https://github.com/ceph/ceph-deploy,2013-10-16,653.0,rank-4,38
Python,https://github.com/ceph/ceph-deploy,2013-10-17,664.0,rank-4,41
Python,https://github.com/ceph/ceph-deploy,2013-10-18,665.0,rank-4,42
Python,https://github.com/ceph/ceph-deploy,2013-10-19,667.0,rank-4,42
Python,https://github.com/ceph/ceph-deploy,2013-10-21,676.0,rank-4,44
Python,https://github.com/ceph/ceph-deploy,2013-10-22,680.0,rank-4,46
Python,https://github.com/ceph/ceph-deploy,2013-10-28,686.0,rank-4,47
Python,https://github.com/ceph/ceph-deploy,2013-10-29,694.0,rank-4,50
Python,https://github.com/ceph/ceph-deploy,2013-10-30,699.0,rank-4,50
Python,https://github.com/ceph/ceph-deploy,2013-10-31,701.0,rank-4,50
Python,https://github.com/ceph/ceph-deploy,2013-11-01,703.0,rank-4,50
Python,https://github.com/ceph/ceph-deploy,2013-11-04,706.0,rank-4,51
Python,https://github.com/ceph/ceph-deploy,2013-11-05,711.0,rank-4,53
Python,https://github.com/ceph/ceph-deploy,2013-11-06,716.0,rank-4,53
Python,https://github.com/ceph/ceph-deploy,2013-11-07,720.0,rank-4,53
Python,https://github.com/ceph/ceph-deploy,2013-11-08,729.0,rank-4,54
Python,https://github.com/ceph/ceph-deploy,2013-11-12,739.0,rank-4,56
Python,https://github.com/ceph/ceph-deploy,2013-11-13,742.0,rank-4,56
Python,https://github.com/ceph/ceph-deploy,2013-11-14,748.0,rank-4,56
Python,https://github.com/ceph/ceph-deploy,2013-11-15,749.0,rank-4,56
Python,https://github.com/ceph/ceph-deploy,2013-11-18,756.0,rank-4,56
Python,https://github.com/ceph/ceph-deploy,2013-11-19,768.0,rank-4,59
Python,https://github.com/ceph/ceph-deploy,2013-11-20,770.0,rank-4,60
Python,https://github.com/ceph/ceph-deploy,2013-11-21,771.0,rank-4,60
Python,https://github.com/ceph/ceph-deploy,2013-11-22,772.0,rank-4,60
Python,https://github.com/ceph/ceph-deploy,2013-11-24,773.0,rank-4,60
Python,https://github.com/ceph/ceph-deploy,2013-11-25,781.0,rank-4,61
Python,https://github.com/ceph/ceph-deploy,2013-11-26,785.0,rank-4,61
Python,https://github.com/ceph/ceph-deploy,2013-12-02,791.0,rank-4,61
Python,https://github.com/ceph/ceph-deploy,2013-12-04,792.0,rank-4,62
Python,https://github.com/ceph/ceph-deploy,2013-12-05,797.0,rank-4,62
Python,https://github.com/ceph/ceph-deploy,2013-12-06,801.0,rank-4,62
Python,https://github.com/ceph/ceph-deploy,2013-12-09,804.0,rank-4,63
Python,https://github.com/ceph/ceph-deploy,2013-12-12,815.0,rank-4,63
Python,https://github.com/ceph/ceph-deploy,2013-12-13,816.0,rank-4,64
Python,https://github.com/ceph/ceph-deploy,2014-01-02,820.0,rank-4,64
Python,https://github.com/ceph/ceph-deploy,2014-01-06,824.0,rank-4,64
Python,https://github.com/ceph/ceph-deploy,2014-01-07,825.0,rank-4,64
Python,https://github.com/ceph/ceph-deploy,2014-01-08,827.0,rank-4,64
Python,https://github.com/ceph/ceph-deploy,2014-01-09,832.0,rank-4,64
Python,https://github.com/ceph/ceph-deploy,2014-01-10,834.0,rank-4,64
Python,https://github.com/ceph/ceph-deploy,2014-01-23,836.0,rank-4,65
Python,https://github.com/ceph/ceph-deploy,2014-01-27,838.0,rank-4,66
Python,https://github.com/ceph/ceph-deploy,2014-01-29,842.0,rank-4,67
Python,https://github.com/ceph/ceph-deploy,2014-01-30,845.0,rank-4,68
Python,https://github.com/ceph/ceph-deploy,2014-01-31,847.0,rank-4,69
Python,https://github.com/ceph/ceph-deploy,2014-02-03,848.0,rank-4,70
Python,https://github.com/ceph/ceph-deploy,2014-02-05,858.0,rank-4,72
Python,https://github.com/ceph/ceph-deploy,2014-02-14,861.0,rank-4,73
Python,https://github.com/ceph/ceph-deploy,2014-02-18,865.0,rank-4,73
Python,https://github.com/ceph/ceph-deploy,2014-02-20,879.0,rank-4,73
Python,https://github.com/ceph/ceph-deploy,2014-02-21,884.0,rank-4,74
Python,https://github.com/ceph/ceph-deploy,2014-02-25,885.0,rank-4,74
Python,https://github.com/ceph/ceph-deploy,2014-02-28,893.0,rank-4,74
Python,https://github.com/ceph/ceph-deploy,2014-03-03,897.0,rank-4,74
Python,https://github.com/ceph/ceph-deploy,2014-03-04,903.0,rank-4,74
Python,https://github.com/ceph/ceph-deploy,2014-03-05,904.0,rank-4,74
Python,https://github.com/ceph/ceph-deploy,2014-03-06,910.0,rank-4,76
Python,https://github.com/ceph/ceph-deploy,2014-03-07,913.0,rank-4,76
Python,https://github.com/ceph/ceph-deploy,2014-03-10,922.0,rank-4,76
Python,https://github.com/ceph/ceph-deploy,2014-03-11,927.0,rank-4,76
Python,https://github.com/ceph/ceph-deploy,2014-03-12,939.0,rank-4,76
Python,https://github.com/ceph/ceph-deploy,2014-03-13,941.0,rank-4,76
Python,https://github.com/ceph/ceph-deploy,2014-03-17,944.0,rank-4,78
Python,https://github.com/ceph/ceph-deploy,2014-03-18,947.0,rank-4,78
Python,https://github.com/ceph/ceph-deploy,2014-03-19,948.0,rank-4,78
Python,https://github.com/ceph/ceph-deploy,2014-03-20,950.0,rank-4,79
Python,https://github.com/ceph/ceph-deploy,2014-03-27,951.0,rank-4,79
Python,https://github.com/ceph/ceph-deploy,2014-04-01,963.0,rank-4,79
Python,https://github.com/ceph/ceph-deploy,2014-04-02,966.0,rank-4,80
Python,https://github.com/ceph/ceph-deploy,2014-04-07,974.0,rank-4,81
Python,https://github.com/ceph/ceph-deploy,2014-04-10,976.0,rank-4,82
Python,https://github.com/ceph/ceph-deploy,2014-04-13,978.0,rank-4,82
Python,https://github.com/ceph/ceph-deploy,2014-04-14,981.0,rank-4,82
Python,https://github.com/ceph/ceph-deploy,2014-04-15,984.0,rank-4,82
Python,https://github.com/ceph/ceph-deploy,2014-04-16,985.0,rank-4,83
Python,https://github.com/ceph/ceph-deploy,2014-04-17,991.0,rank-4,83
Python,https://github.com/ceph/ceph-deploy,2014-04-18,992.0,rank-4,84
Python,https://github.com/ceph/ceph-deploy,2014-04-23,997.0,rank-4,85
Python,https://github.com/ceph/ceph-deploy,2014-04-24,1001.0,rank-4,86
Python,https://github.com/ceph/ceph-deploy,2014-04-25,1010.0,rank-4,86
Python,https://github.com/ceph/ceph-deploy,2014-05-01,1016.0,rank-4,87
Python,https://github.com/ceph/ceph-deploy,2014-05-05,1018.0,rank-4,87
Python,https://github.com/ceph/ceph-deploy,2014-05-07,1023.0,rank-4,88
Python,https://github.com/ceph/ceph-deploy,2014-05-08,1024.0,rank-4,88
Python,https://github.com/ceph/ceph-deploy,2014-05-13,1028.0,rank-4,88
Python,https://github.com/ceph/ceph-deploy,2014-05-14,1031.0,rank-4,89
Python,https://github.com/ceph/ceph-deploy,2014-05-20,1033.0,rank-4,90
Python,https://github.com/ceph/ceph-deploy,2014-05-21,1035.0,rank-4,91
Python,https://github.com/ceph/ceph-deploy,2014-05-27,1036.0,rank-4,91
Python,https://github.com/ceph/ceph-deploy,2014-05-28,1039.0,rank-4,91
Python,https://github.com/ceph/ceph-deploy,2014-05-29,1045.0,rank-4,93
Python,https://github.com/ceph/ceph-deploy,2014-05-30,1051.0,rank-4,93
Python,https://github.com/ceph/ceph-deploy,2014-06-02,1052.0,rank-4,93
Python,https://github.com/ceph/ceph-deploy,2014-06-04,1057.0,rank-4,93
Python,https://github.com/ceph/ceph-deploy,2014-06-05,1061.0,rank-4,94
Python,https://github.com/ceph/ceph-deploy,2014-06-06,1067.0,rank-4,95
Python,https://github.com/ceph/ceph-deploy,2014-06-09,1069.0,rank-4,95
Python,https://github.com/ceph/ceph-deploy,2014-06-10,1072.0,rank-4,95
Python,https://github.com/ceph/ceph-deploy,2014-06-16,1074.0,rank-4,96
Python,https://github.com/ceph/ceph-deploy,2014-06-24,1080.0,rank-4,96
Python,https://github.com/ceph/ceph-deploy,2014-06-25,1083.0,rank-4,96
Python,https://github.com/ceph/ceph-deploy,2014-06-27,1088.0,rank-4,97
Python,https://github.com/ceph/ceph-deploy,2014-06-30,1094.0,rank-4,97
Python,https://github.com/ceph/ceph-deploy,2014-07-01,1100.0,rank-4,98
Python,https://github.com/ceph/ceph-deploy,2014-07-02,1113.0,rank-4,99
Python,https://github.com/ceph/ceph-deploy,2014-07-03,1116.0,rank-4,100
Python,https://github.com/ceph/ceph-deploy,2014-07-07,1117.0,rank-4,100
Python,https://github.com/ceph/ceph-deploy,2014-07-08,1124.0,rank-4,101
Python,https://github.com/ceph/ceph-deploy,2014-07-09,1128.0,rank-4,101
Python,https://github.com/ceph/ceph-deploy,2014-07-10,1130.0,rank-4,102
Python,https://github.com/ceph/ceph-deploy,2014-07-11,1139.0,rank-4,102
Python,https://github.com/ceph/ceph-deploy,2014-07-14,1146.0,rank-4,103
Python,https://github.com/ceph/ceph-deploy,2014-07-15,1148.0,rank-4,103
Python,https://github.com/ceph/ceph-deploy,2014-07-16,1155.0,rank-4,106
Python,https://github.com/ceph/ceph-deploy,2014-07-19,1156.0,rank-4,106
Python,https://github.com/ceph/ceph-deploy,2014-07-21,1157.0,rank-4,106
Python,https://github.com/ceph/ceph-deploy,2014-07-22,1160.0,rank-4,106
Python,https://github.com/ceph/ceph-deploy,2014-07-23,1163.0,rank-4,106
Python,https://github.com/ceph/ceph-deploy,2014-07-24,1168.0,rank-4,106
Python,https://github.com/ceph/ceph-deploy,2014-07-30,1169.0,rank-4,106
Python,https://github.com/ceph/ceph-deploy,2014-07-31,1174.0,rank-4,107
Python,https://github.com/ceph/ceph-deploy,2014-08-01,1177.0,rank-4,108
Python,https://github.com/ceph/ceph-deploy,2014-08-07,1182.0,rank-4,108
Python,https://github.com/ceph/ceph-deploy,2014-08-08,1189.0,rank-4,109
Python,https://github.com/ceph/ceph-deploy,2014-08-11,1190.0,rank-4,109
Python,https://github.com/ceph/ceph-deploy,2014-08-13,1193.0,rank-4,109
Python,https://github.com/ceph/ceph-deploy,2014-08-14,1195.0,rank-4,109
Python,https://github.com/ceph/ceph-deploy,2014-08-15,1199.0,rank-4,109
Python,https://github.com/ceph/ceph-deploy,2014-08-18,1203.0,rank-4,109
Python,https://github.com/ceph/ceph-deploy,2014-08-19,1208.0,rank-4,110
Python,https://github.com/ceph/ceph-deploy,2014-08-20,1213.0,rank-4,110
Python,https://github.com/ceph/ceph-deploy,2014-08-21,1218.0,rank-4,111
Python,https://github.com/ceph/ceph-deploy,2014-08-22,1221.0,rank-4,111
Python,https://github.com/ceph/ceph-deploy,2014-08-25,1228.0,rank-4,112
Python,https://github.com/ceph/ceph-deploy,2014-08-26,1231.0,rank-4,112
Python,https://github.com/ceph/ceph-deploy,2014-08-27,1240.0,rank-4,112
Python,https://github.com/ceph/ceph-deploy,2014-08-28,1246.0,rank-4,113
Python,https://github.com/ceph/ceph-deploy,2014-09-03,1249.0,rank-4,113
Python,https://github.com/ceph/ceph-deploy,2014-09-05,1250.0,rank-4,113
Python,https://github.com/ceph/ceph-deploy,2014-09-09,1254.0,rank-4,113
Python,https://github.com/ceph/ceph-deploy,2014-09-10,1259.0,rank-4,114
Python,https://github.com/ceph/ceph-deploy,2014-09-12,1264.0,rank-4,115
Python,https://github.com/ceph/ceph-deploy,2014-09-23,1273.0,rank-4,116
Python,https://github.com/ceph/ceph-deploy,2014-09-24,1277.0,rank-4,117
Python,https://github.com/ceph/ceph-deploy,2014-09-25,1280.0,rank-4,117
Python,https://github.com/ceph/ceph-deploy,2014-09-26,1283.0,rank-4,118
Python,https://github.com/ceph/ceph-deploy,2014-09-29,1286.0,rank-4,119
Python,https://github.com/ceph/ceph-deploy,2014-09-30,1289.0,rank-4,119
Python,https://github.com/ceph/ceph-deploy,2014-10-01,1292.0,rank-4,120
Python,https://github.com/ceph/ceph-deploy,2014-10-03,1294.0,rank-4,120
Python,https://github.com/ceph/ceph-deploy,2014-10-06,1297.0,rank-4,120
Python,https://github.com/ceph/ceph-deploy,2014-10-08,1299.0,rank-4,120
Python,https://github.com/ceph/ceph-deploy,2014-10-09,1307.0,rank-4,121
Python,https://github.com/ceph/ceph-deploy,2014-10-23,1308.0,rank-4,121
Python,https://github.com/ceph/ceph-deploy,2014-10-27,1310.0,rank-4,122
Python,https://github.com/ceph/ceph-deploy,2014-10-28,1312.0,rank-4,122
Python,https://github.com/ceph/ceph-deploy,2014-10-29,1314.0,rank-4,122
Python,https://github.com/ceph/ceph-deploy,2014-11-07,1315.0,rank-4,122
Python,https://github.com/ceph/ceph-deploy,2014-11-10,1318.0,rank-4,122
Python,https://github.com/ceph/ceph-deploy,2014-11-12,1319.0,rank-4,122
Python,https://github.com/ceph/ceph-deploy,2014-11-13,1321.0,rank-4,122
Python,https://github.com/ceph/ceph-deploy,2014-11-18,1324.0,rank-4,122
Python,https://github.com/ceph/ceph-deploy,2014-11-19,1329.0,rank-4,122
Python,https://github.com/ceph/ceph-deploy,2014-12-02,1330.0,rank-4,122
Python,https://github.com/ceph/ceph-deploy,2014-12-10,1333.0,rank-4,122
Python,https://github.com/ceph/ceph-deploy,2015-01-02,1337.0,rank-4,122
Python,https://github.com/ceph/ceph-deploy,2015-01-05,1338.0,rank-4,122
Python,https://github.com/ceph/ceph-deploy,2015-01-09,1341.0,rank-4,122
Python,https://github.com/ceph/ceph-deploy,2015-01-30,1343.0,rank-4,122
Python,https://github.com/ceph/ceph-deploy,2015-02-16,1344.0,rank-4,122
Python,https://github.com/ceph/ceph-deploy,2015-02-18,1345.0,rank-4,122
Python,https://github.com/ceph/ceph-deploy,2015-02-19,1349.0,rank-4,122
Python,https://github.com/ceph/ceph-deploy,2015-02-20,1356.0,rank-4,122
Python,https://github.com/ceph/ceph-deploy,2015-02-23,1358.0,rank-4,122
Python,https://github.com/ceph/ceph-deploy,2015-02-26,1359.0,rank-4,122
Python,https://github.com/ceph/ceph-deploy,2015-03-06,1364.0,rank-4,122
Python,https://github.com/ceph/ceph-deploy,2015-03-09,1367.0,rank-4,122
Python,https://github.com/ceph/ceph-deploy,2015-03-10,1370.0,rank-4,122
Python,https://github.com/ceph/ceph-deploy,2015-03-17,1375.0,rank-4,122
Python,https://github.com/ceph/ceph-deploy,2015-03-18,1376.0,rank-4,122
Python,https://github.com/ceph/ceph-deploy,2015-03-19,1391.0,rank-4,122
Python,https://github.com/ceph/ceph-deploy,2015-03-20,1395.0,rank-4,122
Python,https://github.com/ceph/ceph-deploy,2015-03-31,1399.0,rank-4,122
Python,https://github.com/ceph/ceph-deploy,2015-04-01,1400.0,rank-4,122
Python,https://github.com/ceph/ceph-deploy,2015-04-07,1406.0,rank-4,122
Python,https://github.com/ceph/ceph-deploy,2015-04-08,1407.0,rank-4,122
Python,https://github.com/ceph/ceph-deploy,2015-04-09,1409.0,rank-4,122
Python,https://github.com/ceph/ceph-deploy,2015-04-10,1412.0,rank-4,122
Python,https://github.com/ceph/ceph-deploy,2015-04-14,1413.0,rank-4,122
Python,https://github.com/ceph/ceph-deploy,2015-04-22,1416.0,rank-4,122
Python,https://github.com/ceph/ceph-deploy,2015-05-07,1428.0,rank-4,122
Python,https://github.com/ceph/ceph-deploy,2015-05-08,1435.0,rank-4,122
Python,https://github.com/ceph/ceph-deploy,2015-05-11,1444.0,rank-4,122
Python,https://github.com/ceph/ceph-deploy,2015-05-12,1458.0,rank-4,122
Python,https://github.com/ceph/ceph-deploy,2015-05-13,1465.0,rank-4,122
Python,https://github.com/ceph/ceph-deploy,2015-05-14,1469.0,rank-4,122
Python,https://github.com/ceph/ceph-deploy,2015-05-15,1474.0,rank-4,122
Python,https://github.com/ceph/ceph-deploy,2015-05-18,1482.0,rank-4,122
Python,https://github.com/ceph/ceph-deploy,2015-05-21,1489.0,rank-4,122
Python,https://github.com/ceph/ceph-deploy,2015-05-22,1495.0,rank-4,122
Python,https://github.com/ceph/ceph-deploy,2015-05-25,1503.0,rank-4,122
Python,https://github.com/ceph/ceph-deploy,2015-05-26,1507.0,rank-4,122
Python,https://github.com/ceph/ceph-deploy,2015-05-27,1517.0,rank-4,122
Python,https://github.com/ceph/ceph-deploy,2015-05-28,1525.0,rank-4,122
Python,https://github.com/ceph/ceph-deploy,2015-06-02,1527.0,rank-4,122
Python,https://github.com/ceph/ceph-deploy,2015-06-11,1529.0,rank-4,122
Python,https://github.com/ceph/ceph-deploy,2015-06-12,1534.0,rank-4,122
Python,https://github.com/ceph/ceph-deploy,2015-06-16,1537.0,rank-4,122
Python,https://github.com/ceph/ceph-deploy,2015-06-19,1540.0,rank-4,122
Python,https://github.com/ceph/ceph-deploy,2015-06-22,1543.0,rank-4,122
Python,https://github.com/ceph/ceph-deploy,2015-06-23,1553.0,rank-4,122
Python,https://github.com/ceph/ceph-deploy,2015-06-24,1567.0,rank-4,122
Python,https://github.com/ceph/ceph-deploy,2015-06-25,1573.0,rank-4,122
Python,https://github.com/ceph/ceph-deploy,2015-06-26,1574.0,rank-4,122
Python,https://github.com/ceph/ceph-deploy,2015-06-29,1583.0,rank-4,122
Python,https://github.com/ceph/ceph-deploy,2015-06-30,1588.0,rank-4,122
Python,https://github.com/ceph/ceph-deploy,2015-07-01,1598.0,rank-4,122
Python,https://github.com/ceph/ceph-deploy,2015-07-02,1599.0,rank-4,122
Python,https://github.com/ceph/ceph-deploy,2015-07-05,1600.0,rank-4,122
Python,https://github.com/ceph/ceph-deploy,2015-07-06,1601.0,rank-4,122
Python,https://github.com/ceph/ceph-deploy,2015-07-09,1606.0,rank-4,122
Python,https://github.com/ceph/ceph-deploy,2015-07-10,1610.0,rank-4,122
Python,https://github.com/ceph/ceph-deploy,2015-07-14,1613.0,rank-4,122
Python,https://github.com/ceph/ceph-deploy,2015-07-15,1618.0,rank-4,122
Python,https://github.com/ceph/ceph-deploy,2015-07-16,1623.0,rank-4,122
Python,https://github.com/ceph/ceph-deploy,2015-07-17,1624.0,rank-4,122
Python,https://github.com/ceph/ceph-deploy,2015-07-20,1627.0,rank-4,122
Python,https://github.com/ceph/ceph-deploy,2015-07-28,1628.0,rank-4,122
Python,https://github.com/ceph/ceph-deploy,2015-07-30,1629.0,rank-4,122
Python,https://github.com/ceph/ceph-deploy,2015-07-31,1644.0,rank-4,122
Python,https://github.com/ceph/ceph-deploy,2015-08-03,1660.0,rank-4,122
Python,https://github.com/ceph/ceph-deploy,2015-08-04,1673.0,rank-4,122
Python,https://github.com/ceph/ceph-deploy,2015-08-05,1685.0,rank-4,122
Python,https://github.com/ceph/ceph-deploy,2015-08-06,1689.0,rank-4,122
Python,https://github.com/ceph/ceph-deploy,2015-08-07,1695.0,rank-4,122
Python,https://github.com/ceph/ceph-deploy,2015-08-10,1697.0,rank-4,122
Python,https://github.com/ceph/ceph-deploy,2015-08-11,1704.0,rank-4,122
Python,https://github.com/ceph/ceph-deploy,2015-08-12,1708.0,rank-4,122
Python,https://github.com/ceph/ceph-deploy,2015-08-13,1711.0,rank-4,122
Python,https://github.com/ceph/ceph-deploy,2015-08-14,1714.0,rank-4,122
Python,https://github.com/ceph/ceph-deploy,2015-08-26,1717.0,rank-4,122
Python,https://github.com/ceph/ceph-deploy,2015-08-29,1719.0,rank-4,122
Python,https://github.com/ceph/ceph-deploy,2015-09-02,1721.0,rank-4,122
Python,https://github.com/ceph/ceph-deploy,2015-09-08,1724.0,rank-4,122
Python,https://github.com/ceph/ceph-deploy,2015-09-09,1725.0,rank-4,122
Python,https://github.com/ceph/ceph-deploy,2015-09-10,1727.0,rank-4,122
Python,https://github.com/ceph/ceph-deploy,2015-09-14,1728.0,rank-4,122
Python,https://github.com/ceph/ceph-deploy,2015-09-17,1730.0,rank-4,122
Python,https://github.com/ceph/ceph-deploy,2015-09-18,1732.0,rank-4,122
Python,https://github.com/ceph/ceph-deploy,2015-09-19,1733.0,rank-4,122
Python,https://github.com/ceph/ceph-deploy,2015-09-24,1736.0,rank-4,122
Python,https://github.com/ceph/ceph-deploy,2015-09-29,1737.0,rank-4,122
Python,https://github.com/ceph/ceph-deploy,2015-09-30,1743.0,rank-4,122
Python,https://github.com/ceph/ceph-deploy,2015-10-12,1744.0,rank-4,122
Python,https://github.com/ceph/ceph-deploy,2015-10-26,1746.0,rank-4,122
Python,https://github.com/ceph/ceph-deploy,2015-11-03,1748.0,rank-4,122
Python,https://github.com/ceph/ceph-deploy,2015-11-04,1749.0,rank-4,122
Python,https://github.com/ceph/ceph-deploy,2015-11-20,1751.0,rank-4,122
Python,https://github.com/ceph/ceph-deploy,2015-11-23,1752.0,rank-4,122
Python,https://github.com/ceph/ceph-deploy,2015-11-24,1755.0,rank-4,122
Python,https://github.com/ceph/ceph-deploy,2015-11-25,1756.0,rank-4,122
Python,https://github.com/ceph/ceph-deploy,2015-12-01,1758.0,rank-4,122
Python,https://github.com/ceph/ceph-deploy,2015-12-02,1762.0,rank-4,122
Python,https://github.com/ceph/ceph-deploy,2015-12-10,1763.0,rank-4,122
Python,https://github.com/ceph/ceph-deploy,2015-12-11,1769.0,rank-4,122
Python,https://github.com/ceph/ceph-deploy,2015-12-15,1770.0,rank-4,122
Python,https://github.com/ceph/ceph-deploy,2015-12-16,1771.0,rank-4,122
Python,https://github.com/ceph/ceph-deploy,2015-12-22,1773.0,rank-4,122
Python,https://github.com/ceph/ceph-deploy,2016-01-04,1777.0,rank-4,122
Python,https://github.com/ceph/ceph-deploy,2016-01-08,1783.0,rank-4,122
Python,https://github.com/ceph/ceph-deploy,2016-01-13,1785.0,rank-4,122
Python,https://github.com/ceph/ceph-deploy,2016-02-02,1791.0,rank-4,122
Python,https://github.com/ceph/ceph-deploy,2016-02-03,1792.0,rank-4,122
Python,https://github.com/ceph/ceph-deploy,2016-02-04,1794.0,rank-4,122
Python,https://github.com/ceph/ceph-deploy,2016-02-09,1795.0,rank-4,122
Python,https://github.com/ceph/ceph-deploy,2016-02-11,1797.0,rank-4,122
Python,https://github.com/ceph/ceph-deploy,2016-02-26,1798.0,rank-4,122
Python,https://github.com/ceph/ceph-deploy,2016-03-11,1800.0,rank-4,122
Python,https://github.com/ceph/ceph-deploy,2016-03-15,1802.0,rank-4,122
Python,https://github.com/ceph/ceph-deploy,2016-04-08,1805.0,rank-4,122
Python,https://github.com/ceph/ceph-deploy,2016-04-12,1809.0,rank-4,122
Python,https://github.com/ceph/ceph-deploy,2016-04-13,1818.0,rank-4,122
Python,https://github.com/ceph/ceph-deploy,2016-04-14,1819.0,rank-4,122
Python,https://github.com/ceph/ceph-deploy,2016-04-21,1821.0,rank-4,122
Python,https://github.com/ceph/ceph-deploy,2016-04-22,1835.0,rank-4,122
Python,https://github.com/ceph/ceph-deploy,2016-05-16,1837.0,rank-4,122
Python,https://github.com/ceph/ceph-deploy,2016-05-17,1838.0,rank-4,122
Python,https://github.com/ceph/ceph-deploy,2016-05-18,1839.0,rank-4,122
Python,https://github.com/ceph/ceph-deploy,2016-05-20,1843.0,rank-4,122
Python,https://github.com/ceph/ceph-deploy,2016-05-23,1854.0,rank-4,122
Python,https://github.com/ceph/ceph-deploy,2016-05-24,1856.0,rank-4,122
Python,https://github.com/ceph/ceph-deploy,2016-05-25,1857.0,rank-4,122
Python,https://github.com/ceph/ceph-deploy,2016-05-26,1859.0,rank-4,122
Python,https://github.com/ceph/ceph-deploy,2016-05-31,1860.0,rank-4,122
Python,https://github.com/ceph/ceph-deploy,2016-06-03,1864.0,rank-4,122
Python,https://github.com/ceph/ceph-deploy,2016-06-06,1866.0,rank-4,122
Python,https://github.com/ceph/ceph-deploy,2016-06-07,1870.0,rank-4,122
Python,https://github.com/ceph/ceph-deploy,2016-06-09,1873.0,rank-4,122
Python,https://github.com/ceph/ceph-deploy,2016-06-14,1875.0,rank-4,122
Python,https://github.com/ceph/ceph-deploy,2016-06-15,1876.0,rank-4,122
Python,https://github.com/ceph/ceph-deploy,2016-06-16,1877.0,rank-4,122
Python,https://github.com/ceph/ceph-deploy,2016-06-21,1878.0,rank-4,122
Python,https://github.com/ceph/ceph-deploy,2016-06-22,1879.0,rank-4,122
Python,https://github.com/ceph/ceph-deploy,2016-06-23,1883.0,rank-4,122
Python,https://github.com/ceph/ceph-deploy,2016-06-24,1884.0,rank-4,122
Python,https://github.com/ceph/ceph-deploy,2016-06-29,1888.0,rank-4,122
Python,https://github.com/ceph/ceph-deploy,2016-07-07,1889.0,rank-4,122
Python,https://github.com/ceph/ceph-deploy,2016-07-10,1890.0,rank-4,122
Python,https://github.com/ceph/ceph-deploy,2016-07-11,1891.0,rank-4,122
Python,https://github.com/ceph/ceph-deploy,2016-07-13,1892.0,rank-4,122
Python,https://github.com/ceph/ceph-deploy,2016-08-10,1894.0,rank-4,122
Python,https://github.com/ceph/ceph-deploy,2016-08-12,1895.0,rank-4,122
Python,https://github.com/ceph/ceph-deploy,2016-08-15,1899.0,rank-4,122
Python,https://github.com/ceph/ceph-deploy,2016-08-17,1900.0,rank-4,122
Python,https://github.com/ceph/ceph-deploy,2016-08-18,1901.0,rank-4,122
Python,https://github.com/ceph/ceph-deploy,2016-08-19,1903.0,rank-4,122
Python,https://github.com/ceph/ceph-deploy,2016-08-23,1906.0,rank-4,122
Python,https://github.com/ceph/ceph-deploy,2016-08-24,1908.0,rank-4,122
Python,https://github.com/ceph/ceph-deploy,2016-08-29,1911.0,rank-4,122
Python,https://github.com/ceph/ceph-deploy,2016-08-30,1912.0,rank-4,122
Python,https://github.com/ceph/ceph-deploy,2016-09-08,1913.0,rank-4,122
Python,https://github.com/ceph/ceph-deploy,2016-09-13,1914.0,rank-4,122
Python,https://github.com/ceph/ceph-deploy,2016-10-10,1915.0,rank-4,122
Python,https://github.com/ceph/ceph-deploy,2016-10-14,1916.0,rank-4,122
Python,https://github.com/ceph/ceph-deploy,2016-10-20,1917.0,rank-4,122
Python,https://github.com/ceph/ceph-deploy,2016-11-08,1919.0,rank-4,122
Python,https://github.com/ceph/ceph-deploy,2016-11-15,1920.0,rank-4,122
Python,https://github.com/ceph/ceph-deploy,2016-12-08,1928.0,rank-4,122
Python,https://github.com/ceph/ceph-deploy,2017-01-03,1934.0,rank-4,122
Python,https://github.com/ceph/ceph-deploy,2017-02-03,1935.0,rank-4,122
Python,https://github.com/ceph/ceph-deploy,2017-02-21,1936.0,rank-4,122
Python,https://github.com/ceph/ceph-deploy,2017-02-22,1937.0,rank-4,122
Python,https://github.com/ceph/ceph-deploy,2017-02-23,1938.0,rank-4,122
Python,https://github.com/ceph/ceph-deploy,2017-03-06,1940.0,rank-4,122
Python,https://github.com/ceph/ceph-deploy,2017-03-07,1941.0,rank-4,122
Python,https://github.com/ceph/ceph-deploy,2017-03-08,1942.0,rank-4,122
Python,https://github.com/ceph/ceph-deploy,2017-03-10,1943.0,rank-4,122
Python,https://github.com/ceph/ceph-deploy,2017-03-13,1947.0,rank-4,122
Python,https://github.com/ceph/ceph-deploy,2017-03-14,1948.0,rank-4,122
Python,https://github.com/ceph/ceph-deploy,2017-03-17,1949.0,rank-4,122
Python,https://github.com/ceph/ceph-deploy,2017-03-22,1952.0,rank-4,122
Python,https://github.com/ceph/ceph-deploy,2017-04-20,1954.0,rank-4,122
Python,https://github.com/ceph/ceph-deploy,2017-05-11,1955.0,rank-4,122
Python,https://github.com/ceph/ceph-deploy,2017-05-19,1959.0,rank-4,122
Python,https://github.com/ceph/ceph-deploy,2017-05-25,1960.0,rank-4,122
Python,https://github.com/ceph/ceph-deploy,2017-06-08,1963.0,rank-4,122
Python,https://github.com/ceph/ceph-deploy,2017-06-09,1965.0,rank-4,122
Python,https://github.com/ceph/ceph-deploy,2017-06-22,1968.0,rank-4,122
Python,https://github.com/ceph/ceph-deploy,2017-07-05,1971.0,rank-4,122
Python,https://github.com/ceph/ceph-deploy,2017-07-09,1972.0,rank-4,122
Python,https://github.com/ceph/ceph-deploy,2017-07-19,1974.0,rank-4,122
Python,https://github.com/ceph/ceph-deploy,2017-07-28,1975.0,rank-4,122
Python,https://github.com/ceph/ceph-deploy,2017-08-07,1976.0,rank-4,122
Python,https://github.com/ceph/ceph-deploy,2017-09-01,1980.0,rank-4,122
Python,https://github.com/ceph/ceph-deploy,2017-09-06,1981.0,rank-4,122
Python,https://github.com/ceph/ceph-deploy,2017-09-11,1982.0,rank-4,122
Python,https://github.com/ceph/ceph-deploy,2017-09-12,1983.0,rank-4,122
Python,https://github.com/ceph/ceph-deploy,2017-09-20,1984.0,rank-4,122
Python,https://github.com/ceph/ceph-deploy,2017-11-27,1986.0,rank-4,122
Python,https://github.com/ceph/ceph-deploy,2017-11-28,1992.0,rank-4,122
Python,https://github.com/ceph/ceph-deploy,2017-11-29,2002.0,rank-4,122
Python,https://github.com/ceph/ceph-deploy,2017-12-01,2003.0,rank-4,122
Python,https://github.com/ceph/ceph-deploy,2017-12-06,2006.0,rank-4,122
Python,https://github.com/ceph/ceph-deploy,2017-12-27,2007.0,rank-4,122
Python,https://github.com/ceph/ceph-deploy,2018-01-16,2011.0,rank-4,122
Python,https://github.com/ceph/ceph-deploy,2018-01-17,2013.0,rank-4,122
Python,https://github.com/ceph/ceph-deploy,2018-01-23,2015.0,rank-4,122
Python,https://github.com/ceph/ceph-deploy,2018-01-26,2017.0,rank-4,122
Python,https://github.com/ceph/ceph-deploy,2018-01-29,2018.0,rank-4,122
Python,https://github.com/ceph/ceph-deploy,2018-01-30,2019.0,rank-4,122
Python,https://github.com/ceph/ceph-deploy,2018-02-01,2021.0,rank-4,122
Python,https://github.com/ceph/ceph-deploy,2018-02-07,2022.0,rank-4,122
Python,https://github.com/ceph/ceph-deploy,2018-02-16,2025.0,rank-4,122
Python,https://github.com/ceph/ceph-deploy,2018-02-20,2027.0,rank-4,122
Python,https://github.com/ceph/ceph-deploy,2018-02-21,2029.0,rank-4,122
Python,https://github.com/ceph/ceph-deploy,2018-03-01,2031.0,rank-4,122
Python,https://github.com/ceph/ceph-deploy,2018-03-05,2033.0,rank-4,122
Python,https://github.com/ceph/ceph-deploy,2018-03-06,2034.0,rank-4,122
Python,https://github.com/ceph/ceph-deploy,2018-03-31,2035.0,rank-4,122
Python,https://github.com/ceph/ceph-deploy,2018-04-09,2036.0,rank-4,122
Python,https://github.com/ceph/ceph-deploy,2018-05-03,2037.0,rank-4,122
Python,https://github.com/ceph/ceph-deploy,2018-06-19,2043.0,rank-4,122
Python,https://github.com/ceph/ceph-deploy,2018-07-10,2046.0,rank-4,122
Python,https://github.com/ceph/ceph-deploy,2018-07-16,2049.0,rank-4,122
Python,https://github.com/ceph/ceph-deploy,2018-07-18,2050.0,rank-4,122
Python,https://github.com/ceph/ceph-deploy,2018-09-20,2052.0,rank-4,122
Python,https://github.com/ceph/ceph-deploy,2018-12-15,2053.0,rank-4,122
Python,https://github.com/ceph/ceph-deploy,2018-12-18,2054.0,rank-4,122
Python,https://github.com/ceph/ceph-deploy,2019-01-15,2058.0,rank-4,122
Python,https://github.com/ceph/ceph-deploy,2019-01-16,2059.0,rank-4,122
Python,https://github.com/ceph/ceph-deploy,2019-01-17,2060.0,rank-4,122
Python,https://github.com/ceph/ceph-deploy,2019-01-28,2061.0,rank-4,122
Python,https://github.com/ceph/ceph-deploy,2019-02-25,2063.0,rank-4,122
Python,https://github.com/ceph/ceph-deploy,2019-03-26,2064.0,rank-4,122
Python,https://github.com/ceph/ceph-deploy,2019-04-05,2066.0,rank-4,122
Python,https://github.com/ceph/ceph-deploy,2019-04-16,2071.0,rank-4,122
Python,https://github.com/ceph/ceph-deploy,2019-04-25,2073.0,rank-4,122
Python,https://github.com/ceph/ceph-deploy,2019-04-29,2076.0,rank-4,122
Python,https://github.com/ceph/ceph-deploy,2019-05-01,2082.0,rank-4,122
Python,https://github.com/ceph/ceph-deploy,2019-05-06,2084.0,rank-4,122
Python,https://github.com/ceph/ceph-deploy,2019-07-12,2085.0,rank-4,122
Python,https://github.com/ceph/ceph-deploy,2019-08-13,2087.0,rank-4,122
Python,https://github.com/ceph/ceph-deploy,2019-12-19,2088.0,rank-4,122
Python,https://github.com/ceph/ceph-deploy,2020-02-12,2089.0,rank-4,122
Python,https://github.com/ceph/ceph-deploy,2020-04-09,2090.0,rank-4,122
Python,https://github.com/ceph/ceph-deploy,2020-04-13,2091.0,rank-4,122
Python,https://github.com/ceph/ceph-deploy,2020-05-22,2092.0,rank-4,122
Python,https://github.com/ceph/ceph-deploy,2020-06-02,2093.0,rank-4,122
Python,https://github.com/ceph/ceph-deploy,2020-06-03,2098.0,rank-4,122
Python,https://github.com/ceph/ceph-deploy,2020-06-04,2100.0,rank-4,122
Python,https://github.com/ceph/ceph-deploy,2020-06-05,2102.0,rank-4,122
Python,https://github.com/ceph/ceph-deploy,2020-08-06,2103.0,rank-4,122
Python,https://github.com/ceph/ceph-deploy,2020-08-13,2105.0,rank-4,122
Python,https://github.com/ceph/ceph-deploy,2020-09-01,2112.0,rank-4,122
Python,https://github.com/ceph/ceph-deploy,2020-09-03,2114.0,rank-4,122
Python,https://github.com/ceph/ceph-deploy,2020-09-17,2115.0,rank-4,122
Python,https://github.com/ceph/ceph-deploy,2020-09-18,2117.0,rank-4,122
Python,https://github.com/ceph/ceph-deploy,2020-09-26,2119.0,rank-4,122
Python,https://github.com/ceph/ceph-deploy,2020-09-27,2120.0,rank-4,122
Python,https://github.com/ceph/ceph-deploy,2020-10-01,2127.0,rank-4,122
Python,https://github.com/ceph/ceph-deploy,2020-10-02,2129.0,rank-4,122
Python,https://github.com/ceph/ceph-deploy,2012-08-28,21.0,rank-other,21
Python,https://github.com/ceph/ceph-deploy,2012-08-29,22.0,rank-other,22
Python,https://github.com/ceph/ceph-deploy,2012-08-30,23.0,rank-other,23
Python,https://github.com/ceph/ceph-deploy,2012-09-11,24.0,rank-other,24
Python,https://github.com/ceph/ceph-deploy,2012-09-12,27.0,rank-other,27
Python,https://github.com/ceph/ceph-deploy,2012-09-13,29.0,rank-other,29
Python,https://github.com/ceph/ceph-deploy,2012-09-14,34.0,rank-other,34
Python,https://github.com/ceph/ceph-deploy,2012-09-17,35.0,rank-other,35
Python,https://github.com/ceph/ceph-deploy,2012-09-26,36.0,rank-other,36
Python,https://github.com/ceph/ceph-deploy,2012-10-15,37.0,rank-other,37
Python,https://github.com/ceph/ceph-deploy,2012-10-17,38.0,rank-other,38
Python,https://github.com/ceph/ceph-deploy,2012-10-18,39.0,rank-other,39
Python,https://github.com/ceph/ceph-deploy,2012-10-25,41.0,rank-other,41
Python,https://github.com/ceph/ceph-deploy,2012-10-29,52.0,rank-other,52
Python,https://github.com/ceph/ceph-deploy,2012-10-30,56.0,rank-other,56
Python,https://github.com/ceph/ceph-deploy,2012-11-15,57.0,rank-other,57
Python,https://github.com/ceph/ceph-deploy,2012-12-14,58.0,rank-other,58
Python,https://github.com/ceph/ceph-deploy,2013-01-26,60.0,rank-other,60
Python,https://github.com/ceph/ceph-deploy,2013-01-27,63.0,rank-other,63
Python,https://github.com/ceph/ceph-deploy,2013-01-31,75.0,rank-other,75
Python,https://github.com/ceph/ceph-deploy,2013-02-01,77.0,rank-other,77
Python,https://github.com/ceph/ceph-deploy,2013-02-05,78.0,rank-other,78
Python,https://github.com/ceph/ceph-deploy,2013-02-12,80.0,rank-other,80
Python,https://github.com/ceph/ceph-deploy,2013-02-13,90.0,rank-other,90
Python,https://github.com/ceph/ceph-deploy,2013-02-14,91.0,rank-other,91
Python,https://github.com/ceph/ceph-deploy,2013-02-22,92.0,rank-other,92
Python,https://github.com/ceph/ceph-deploy,2013-02-26,93.0,rank-other,93
Python,https://github.com/ceph/ceph-deploy,2013-02-27,94.0,rank-other,94
Python,https://github.com/ceph/ceph-deploy,2013-02-28,95.0,rank-other,95
Python,https://github.com/ceph/ceph-deploy,2013-03-01,96.0,rank-other,96
Python,https://github.com/ceph/ceph-deploy,2013-03-05,99.0,rank-other,99
Python,https://github.com/ceph/ceph-deploy,2013-03-06,101.0,rank-other,101
Python,https://github.com/ceph/ceph-deploy,2013-03-07,103.0,rank-other,103
Python,https://github.com/ceph/ceph-deploy,2013-03-08,105.0,rank-other,105
Python,https://github.com/ceph/ceph-deploy,2013-03-09,107.0,rank-other,107
Python,https://github.com/ceph/ceph-deploy,2013-03-11,114.0,rank-other,114
Python,https://github.com/ceph/ceph-deploy,2013-03-13,125.0,rank-other,125
Python,https://github.com/ceph/ceph-deploy,2013-03-14,126.0,rank-other,126
Python,https://github.com/ceph/ceph-deploy,2013-03-18,127.0,rank-other,127
Python,https://github.com/ceph/ceph-deploy,2013-03-21,156.0,rank-other,156
Python,https://github.com/ceph/ceph-deploy,2013-03-22,158.0,rank-other,158
Python,https://github.com/ceph/ceph-deploy,2013-03-26,160.0,rank-other,160
Python,https://github.com/ceph/ceph-deploy,2013-03-27,162.0,rank-other,162
Python,https://github.com/ceph/ceph-deploy,2013-03-29,164.0,rank-other,164
Python,https://github.com/ceph/ceph-deploy,2013-04-02,166.0,rank-other,166
Python,https://github.com/ceph/ceph-deploy,2013-04-03,167.0,rank-other,167
Python,https://github.com/ceph/ceph-deploy,2013-04-05,168.0,rank-other,168
Python,https://github.com/ceph/ceph-deploy,2013-04-09,169.0,rank-other,169
Python,https://github.com/ceph/ceph-deploy,2013-04-17,170.0,rank-other,170
Python,https://github.com/ceph/ceph-deploy,2013-04-19,171.0,rank-other,171
Python,https://github.com/ceph/ceph-deploy,2013-04-22,172.0,rank-other,172
Python,https://github.com/ceph/ceph-deploy,2013-04-23,173.0,rank-other,173
Python,https://github.com/ceph/ceph-deploy,2013-04-24,174.0,rank-other,174
Python,https://github.com/ceph/ceph-deploy,2013-04-26,181.0,rank-other,181
Python,https://github.com/ceph/ceph-deploy,2013-04-29,185.0,rank-other,185
Python,https://github.com/ceph/ceph-deploy,2013-04-30,188.0,rank-other,188
Python,https://github.com/ceph/ceph-deploy,2013-05-01,191.0,rank-other,191
Python,https://github.com/ceph/ceph-deploy,2013-05-02,194.0,rank-other,194
Python,https://github.com/ceph/ceph-deploy,2013-05-03,195.0,rank-other,195
Python,https://github.com/ceph/ceph-deploy,2013-05-06,196.0,rank-other,196
Python,https://github.com/ceph/ceph-deploy,2013-05-08,197.0,rank-other,197
Python,https://github.com/ceph/ceph-deploy,2013-05-11,200.0,rank-other,200
Python,https://github.com/ceph/ceph-deploy,2013-05-13,201.0,rank-other,201
Python,https://github.com/ceph/ceph-deploy,2013-05-14,205.0,rank-other,205
Python,https://github.com/ceph/ceph-deploy,2013-05-15,207.0,rank-other,207
Python,https://github.com/ceph/ceph-deploy,2013-05-16,209.0,rank-other,209
Python,https://github.com/ceph/ceph-deploy,2013-05-23,213.0,rank-other,213
Python,https://github.com/ceph/ceph-deploy,2013-05-24,216.0,rank-other,216
Python,https://github.com/ceph/ceph-deploy,2013-05-30,217.0,rank-other,217
Python,https://github.com/ceph/ceph-deploy,2013-06-06,219.0,rank-other,219
Python,https://github.com/ceph/ceph-deploy,2013-06-07,221.0,rank-other,221
Python,https://github.com/ceph/ceph-deploy,2013-06-10,223.0,rank-other,223
Python,https://github.com/ceph/ceph-deploy,2013-06-13,225.0,rank-other,225
Python,https://github.com/ceph/ceph-deploy,2013-06-14,228.0,rank-other,228
Python,https://github.com/ceph/ceph-deploy,2013-06-18,231.0,rank-other,231
Python,https://github.com/ceph/ceph-deploy,2013-06-25,232.0,rank-other,232
Python,https://github.com/ceph/ceph-deploy,2013-06-27,233.0,rank-other,233
Python,https://github.com/ceph/ceph-deploy,2013-07-01,238.0,rank-other,238
Python,https://github.com/ceph/ceph-deploy,2013-07-03,239.0,rank-other,239
Python,https://github.com/ceph/ceph-deploy,2013-07-17,253.0,rank-other,240
Python,https://github.com/ceph/ceph-deploy,2013-07-18,270.0,rank-other,240
Python,https://github.com/ceph/ceph-deploy,2013-07-19,276.0,rank-other,243
Python,https://github.com/ceph/ceph-deploy,2013-07-22,284.0,rank-other,245
Python,https://github.com/ceph/ceph-deploy,2013-07-23,288.0,rank-other,247
Python,https://github.com/ceph/ceph-deploy,2013-07-24,294.0,rank-other,248
Python,https://github.com/ceph/ceph-deploy,2013-07-25,310.0,rank-other,249
Python,https://github.com/ceph/ceph-deploy,2013-07-26,321.0,rank-other,253
Python,https://github.com/ceph/ceph-deploy,2013-07-29,338.0,rank-other,255
Python,https://github.com/ceph/ceph-deploy,2013-07-30,341.0,rank-other,256
Python,https://github.com/ceph/ceph-deploy,2013-07-31,348.0,rank-other,256
Python,https://github.com/ceph/ceph-deploy,2013-08-01,355.0,rank-other,258
Python,https://github.com/ceph/ceph-deploy,2013-08-02,364.0,rank-other,260
Python,https://github.com/ceph/ceph-deploy,2013-08-04,366.0,rank-other,260
Python,https://github.com/ceph/ceph-deploy,2013-08-05,371.0,rank-other,260
Python,https://github.com/ceph/ceph-deploy,2013-08-06,372.0,rank-other,260
Python,https://github.com/ceph/ceph-deploy,2013-08-09,386.0,rank-other,263
Python,https://github.com/ceph/ceph-deploy,2013-08-12,393.0,rank-other,265
Python,https://github.com/ceph/ceph-deploy,2013-08-13,397.0,rank-other,266
Python,https://github.com/ceph/ceph-deploy,2013-08-14,400.0,rank-other,266
Python,https://github.com/ceph/ceph-deploy,2013-08-15,409.0,rank-other,267
Python,https://github.com/ceph/ceph-deploy,2013-08-19,416.0,rank-other,267
Python,https://github.com/ceph/ceph-deploy,2013-08-20,420.0,rank-other,267
Python,https://github.com/ceph/ceph-deploy,2013-08-22,434.0,rank-other,269
Python,https://github.com/ceph/ceph-deploy,2013-08-26,443.0,rank-other,269
Python,https://github.com/ceph/ceph-deploy,2013-08-27,445.0,rank-other,271
Python,https://github.com/ceph/ceph-deploy,2013-08-28,446.0,rank-other,272
Python,https://github.com/ceph/ceph-deploy,2013-08-29,453.0,rank-other,273
Python,https://github.com/ceph/ceph-deploy,2013-08-31,454.0,rank-other,273
Python,https://github.com/ceph/ceph-deploy,2013-09-01,455.0,rank-other,274
Python,https://github.com/ceph/ceph-deploy,2013-09-03,464.0,rank-other,274
Python,https://github.com/ceph/ceph-deploy,2013-09-04,467.0,rank-other,274
Python,https://github.com/ceph/ceph-deploy,2013-09-05,473.0,rank-other,274
Python,https://github.com/ceph/ceph-deploy,2013-09-06,480.0,rank-other,274
Python,https://github.com/ceph/ceph-deploy,2013-09-09,486.0,rank-other,278
Python,https://github.com/ceph/ceph-deploy,2013-09-10,491.0,rank-other,280
Python,https://github.com/ceph/ceph-deploy,2013-09-11,500.0,rank-other,280
Python,https://github.com/ceph/ceph-deploy,2013-09-12,509.0,rank-other,280
Python,https://github.com/ceph/ceph-deploy,2013-09-16,521.0,rank-other,283
Python,https://github.com/ceph/ceph-deploy,2013-09-17,533.0,rank-other,288
Python,https://github.com/ceph/ceph-deploy,2013-09-18,541.0,rank-other,289
Python,https://github.com/ceph/ceph-deploy,2013-09-19,545.0,rank-other,290
Python,https://github.com/ceph/ceph-deploy,2013-09-20,547.0,rank-other,290
Python,https://github.com/ceph/ceph-deploy,2013-09-23,549.0,rank-other,290
Python,https://github.com/ceph/ceph-deploy,2013-09-24,556.0,rank-other,292
Python,https://github.com/ceph/ceph-deploy,2013-09-25,558.0,rank-other,293
Python,https://github.com/ceph/ceph-deploy,2013-09-27,560.0,rank-other,293
Python,https://github.com/ceph/ceph-deploy,2013-09-30,563.0,rank-other,293
Python,https://github.com/ceph/ceph-deploy,2013-10-01,568.0,rank-other,293
Python,https://github.com/ceph/ceph-deploy,2013-10-02,572.0,rank-other,295
Python,https://github.com/ceph/ceph-deploy,2013-10-04,578.0,rank-other,295
Python,https://github.com/ceph/ceph-deploy,2013-10-07,580.0,rank-other,297
Python,https://github.com/ceph/ceph-deploy,2013-10-08,591.0,rank-other,298
Python,https://github.com/ceph/ceph-deploy,2013-10-09,601.0,rank-other,298
Python,https://github.com/ceph/ceph-deploy,2013-10-10,618.0,rank-other,298
Python,https://github.com/ceph/ceph-deploy,2013-10-11,628.0,rank-other,299
Python,https://github.com/ceph/ceph-deploy,2013-10-14,645.0,rank-other,299
Python,https://github.com/ceph/ceph-deploy,2013-10-15,647.0,rank-other,299
Python,https://github.com/ceph/ceph-deploy,2013-10-16,653.0,rank-other,299
Python,https://github.com/ceph/ceph-deploy,2013-10-17,664.0,rank-other,299
Python,https://github.com/ceph/ceph-deploy,2013-10-18,665.0,rank-other,299
Python,https://github.com/ceph/ceph-deploy,2013-10-19,667.0,rank-other,299
Python,https://github.com/ceph/ceph-deploy,2013-10-21,676.0,rank-other,299
Python,https://github.com/ceph/ceph-deploy,2013-10-22,680.0,rank-other,299
Python,https://github.com/ceph/ceph-deploy,2013-10-28,686.0,rank-other,299
Python,https://github.com/ceph/ceph-deploy,2013-10-29,694.0,rank-other,299
Python,https://github.com/ceph/ceph-deploy,2013-10-30,699.0,rank-other,300
Python,https://github.com/ceph/ceph-deploy,2013-10-31,701.0,rank-other,300
Python,https://github.com/ceph/ceph-deploy,2013-11-01,703.0,rank-other,301
Python,https://github.com/ceph/ceph-deploy,2013-11-04,706.0,rank-other,301
Python,https://github.com/ceph/ceph-deploy,2013-11-05,711.0,rank-other,301
Python,https://github.com/ceph/ceph-deploy,2013-11-06,716.0,rank-other,303
Python,https://github.com/ceph/ceph-deploy,2013-11-07,720.0,rank-other,303
Python,https://github.com/ceph/ceph-deploy,2013-11-08,729.0,rank-other,304
Python,https://github.com/ceph/ceph-deploy,2013-11-12,739.0,rank-other,305
Python,https://github.com/ceph/ceph-deploy,2013-11-13,742.0,rank-other,307
Python,https://github.com/ceph/ceph-deploy,2013-11-14,748.0,rank-other,307
Python,https://github.com/ceph/ceph-deploy,2013-11-15,749.0,rank-other,307
Python,https://github.com/ceph/ceph-deploy,2013-11-18,756.0,rank-other,308
Python,https://github.com/ceph/ceph-deploy,2013-11-19,768.0,rank-other,308
Python,https://github.com/ceph/ceph-deploy,2013-11-20,770.0,rank-other,308
Python,https://github.com/ceph/ceph-deploy,2013-11-21,771.0,rank-other,308
Python,https://github.com/ceph/ceph-deploy,2013-11-22,772.0,rank-other,308
Python,https://github.com/ceph/ceph-deploy,2013-11-24,773.0,rank-other,308
Python,https://github.com/ceph/ceph-deploy,2013-11-25,781.0,rank-other,308
Python,https://github.com/ceph/ceph-deploy,2013-11-26,785.0,rank-other,309
Python,https://github.com/ceph/ceph-deploy,2013-12-02,791.0,rank-other,310
Python,https://github.com/ceph/ceph-deploy,2013-12-04,792.0,rank-other,310
Python,https://github.com/ceph/ceph-deploy,2013-12-05,797.0,rank-other,310
Python,https://github.com/ceph/ceph-deploy,2013-12-06,801.0,rank-other,311
Python,https://github.com/ceph/ceph-deploy,2013-12-09,804.0,rank-other,311
Python,https://github.com/ceph/ceph-deploy,2013-12-12,815.0,rank-other,311
Python,https://github.com/ceph/ceph-deploy,2013-12-13,816.0,rank-other,311
Python,https://github.com/ceph/ceph-deploy,2014-01-02,820.0,rank-other,312
Python,https://github.com/ceph/ceph-deploy,2014-01-06,824.0,rank-other,314
Python,https://github.com/ceph/ceph-deploy,2014-01-07,825.0,rank-other,315
Python,https://github.com/ceph/ceph-deploy,2014-01-08,827.0,rank-other,316
Python,https://github.com/ceph/ceph-deploy,2014-01-09,832.0,rank-other,319
Python,https://github.com/ceph/ceph-deploy,2014-01-10,834.0,rank-other,319
Python,https://github.com/ceph/ceph-deploy,2014-01-23,836.0,rank-other,319
Python,https://github.com/ceph/ceph-deploy,2014-01-27,838.0,rank-other,319
Python,https://github.com/ceph/ceph-deploy,2014-01-29,842.0,rank-other,319
Python,https://github.com/ceph/ceph-deploy,2014-01-30,845.0,rank-other,319
Python,https://github.com/ceph/ceph-deploy,2014-01-31,847.0,rank-other,319
Python,https://github.com/ceph/ceph-deploy,2014-02-03,848.0,rank-other,319
Python,https://github.com/ceph/ceph-deploy,2014-02-05,858.0,rank-other,320
Python,https://github.com/ceph/ceph-deploy,2014-02-14,861.0,rank-other,320
Python,https://github.com/ceph/ceph-deploy,2014-02-18,865.0,rank-other,320
Python,https://github.com/ceph/ceph-deploy,2014-02-20,879.0,rank-other,320
Python,https://github.com/ceph/ceph-deploy,2014-02-21,884.0,rank-other,321
Python,https://github.com/ceph/ceph-deploy,2014-02-25,885.0,rank-other,321
Python,https://github.com/ceph/ceph-deploy,2014-02-28,893.0,rank-other,321
Python,https://github.com/ceph/ceph-deploy,2014-03-03,897.0,rank-other,321
Python,https://github.com/ceph/ceph-deploy,2014-03-04,903.0,rank-other,321
Python,https://github.com/ceph/ceph-deploy,2014-03-05,904.0,rank-other,321
Python,https://github.com/ceph/ceph-deploy,2014-03-06,910.0,rank-other,321
Python,https://github.com/ceph/ceph-deploy,2014-03-07,913.0,rank-other,321
Python,https://github.com/ceph/ceph-deploy,2014-03-10,922.0,rank-other,321
Python,https://github.com/ceph/ceph-deploy,2014-03-11,927.0,rank-other,321
Python,https://github.com/ceph/ceph-deploy,2014-03-12,939.0,rank-other,321
Python,https://github.com/ceph/ceph-deploy,2014-03-13,941.0,rank-other,321
Python,https://github.com/ceph/ceph-deploy,2014-03-17,944.0,rank-other,321
Python,https://github.com/ceph/ceph-deploy,2014-03-18,947.0,rank-other,321
Python,https://github.com/ceph/ceph-deploy,2014-03-19,948.0,rank-other,321
Python,https://github.com/ceph/ceph-deploy,2014-03-20,950.0,rank-other,321
Python,https://github.com/ceph/ceph-deploy,2014-03-27,951.0,rank-other,322
Python,https://github.com/ceph/ceph-deploy,2014-04-01,963.0,rank-other,322
Python,https://github.com/ceph/ceph-deploy,2014-04-02,966.0,rank-other,322
Python,https://github.com/ceph/ceph-deploy,2014-04-07,974.0,rank-other,322
Python,https://github.com/ceph/ceph-deploy,2014-04-10,976.0,rank-other,322
Python,https://github.com/ceph/ceph-deploy,2014-04-13,978.0,rank-other,324
Python,https://github.com/ceph/ceph-deploy,2014-04-14,981.0,rank-other,326
Python,https://github.com/ceph/ceph-deploy,2014-04-15,984.0,rank-other,326
Python,https://github.com/ceph/ceph-deploy,2014-04-16,985.0,rank-other,326
Python,https://github.com/ceph/ceph-deploy,2014-04-17,991.0,rank-other,326
Python,https://github.com/ceph/ceph-deploy,2014-04-18,992.0,rank-other,326
Python,https://github.com/ceph/ceph-deploy,2014-04-23,997.0,rank-other,326
Python,https://github.com/ceph/ceph-deploy,2014-04-24,1001.0,rank-other,327
Python,https://github.com/ceph/ceph-deploy,2014-04-25,1010.0,rank-other,329
Python,https://github.com/ceph/ceph-deploy,2014-05-01,1016.0,rank-other,330
Python,https://github.com/ceph/ceph-deploy,2014-05-05,1018.0,rank-other,331
Python,https://github.com/ceph/ceph-deploy,2014-05-07,1023.0,rank-other,332
Python,https://github.com/ceph/ceph-deploy,2014-05-08,1024.0,rank-other,333
Python,https://github.com/ceph/ceph-deploy,2014-05-13,1028.0,rank-other,334
Python,https://github.com/ceph/ceph-deploy,2014-05-14,1031.0,rank-other,334
Python,https://github.com/ceph/ceph-deploy,2014-05-20,1033.0,rank-other,334
Python,https://github.com/ceph/ceph-deploy,2014-05-21,1035.0,rank-other,334
Python,https://github.com/ceph/ceph-deploy,2014-05-27,1036.0,rank-other,334
Python,https://github.com/ceph/ceph-deploy,2014-05-28,1039.0,rank-other,336
Python,https://github.com/ceph/ceph-deploy,2014-05-29,1045.0,rank-other,336
Python,https://github.com/ceph/ceph-deploy,2014-05-30,1051.0,rank-other,338
Python,https://github.com/ceph/ceph-deploy,2014-06-02,1052.0,rank-other,338
Python,https://github.com/ceph/ceph-deploy,2014-06-04,1057.0,rank-other,338
Python,https://github.com/ceph/ceph-deploy,2014-06-05,1061.0,rank-other,338
Python,https://github.com/ceph/ceph-deploy,2014-06-06,1067.0,rank-other,339
Python,https://github.com/ceph/ceph-deploy,2014-06-09,1069.0,rank-other,340
Python,https://github.com/ceph/ceph-deploy,2014-06-10,1072.0,rank-other,341
Python,https://github.com/ceph/ceph-deploy,2014-06-16,1074.0,rank-other,341
Python,https://github.com/ceph/ceph-deploy,2014-06-24,1080.0,rank-other,341
Python,https://github.com/ceph/ceph-deploy,2014-06-25,1083.0,rank-other,342
Python,https://github.com/ceph/ceph-deploy,2014-06-27,1088.0,rank-other,342
Python,https://github.com/ceph/ceph-deploy,2014-06-30,1094.0,rank-other,345
Python,https://github.com/ceph/ceph-deploy,2014-07-01,1100.0,rank-other,347
Python,https://github.com/ceph/ceph-deploy,2014-07-02,1113.0,rank-other,347
Python,https://github.com/ceph/ceph-deploy,2014-07-03,1116.0,rank-other,347
Python,https://github.com/ceph/ceph-deploy,2014-07-07,1117.0,rank-other,347
Python,https://github.com/ceph/ceph-deploy,2014-07-08,1124.0,rank-other,347
Python,https://github.com/ceph/ceph-deploy,2014-07-09,1128.0,rank-other,348
Python,https://github.com/ceph/ceph-deploy,2014-07-10,1130.0,rank-other,348
Python,https://github.com/ceph/ceph-deploy,2014-07-11,1139.0,rank-other,355
Python,https://github.com/ceph/ceph-deploy,2014-07-14,1146.0,rank-other,356
Python,https://github.com/ceph/ceph-deploy,2014-07-15,1148.0,rank-other,356
Python,https://github.com/ceph/ceph-deploy,2014-07-16,1155.0,rank-other,357
Python,https://github.com/ceph/ceph-deploy,2014-07-19,1156.0,rank-other,358
Python,https://github.com/ceph/ceph-deploy,2014-07-21,1157.0,rank-other,358
Python,https://github.com/ceph/ceph-deploy,2014-07-22,1160.0,rank-other,358
Python,https://github.com/ceph/ceph-deploy,2014-07-23,1163.0,rank-other,360
Python,https://github.com/ceph/ceph-deploy,2014-07-24,1168.0,rank-other,360
Python,https://github.com/ceph/ceph-deploy,2014-07-30,1169.0,rank-other,360
Python,https://github.com/ceph/ceph-deploy,2014-07-31,1174.0,rank-other,361
Python,https://github.com/ceph/ceph-deploy,2014-08-01,1177.0,rank-other,361
Python,https://github.com/ceph/ceph-deploy,2014-08-07,1182.0,rank-other,366
Python,https://github.com/ceph/ceph-deploy,2014-08-08,1189.0,rank-other,370
Python,https://github.com/ceph/ceph-deploy,2014-08-11,1190.0,rank-other,370
Python,https://github.com/ceph/ceph-deploy,2014-08-13,1193.0,rank-other,371
Python,https://github.com/ceph/ceph-deploy,2014-08-14,1195.0,rank-other,371
Python,https://github.com/ceph/ceph-deploy,2014-08-15,1199.0,rank-other,371
Python,https://github.com/ceph/ceph-deploy,2014-08-18,1203.0,rank-other,371
Python,https://github.com/ceph/ceph-deploy,2014-08-19,1208.0,rank-other,371
Python,https://github.com/ceph/ceph-deploy,2014-08-20,1213.0,rank-other,371
Python,https://github.com/ceph/ceph-deploy,2014-08-21,1218.0,rank-other,371
Python,https://github.com/ceph/ceph-deploy,2014-08-22,1221.0,rank-other,371
Python,https://github.com/ceph/ceph-deploy,2014-08-25,1228.0,rank-other,373
Python,https://github.com/ceph/ceph-deploy,2014-08-26,1231.0,rank-other,373
Python,https://github.com/ceph/ceph-deploy,2014-08-27,1240.0,rank-other,373
Python,https://github.com/ceph/ceph-deploy,2014-08-28,1246.0,rank-other,373
Python,https://github.com/ceph/ceph-deploy,2014-09-03,1249.0,rank-other,374
Python,https://github.com/ceph/ceph-deploy,2014-09-05,1250.0,rank-other,374
Python,https://github.com/ceph/ceph-deploy,2014-09-09,1254.0,rank-other,375
Python,https://github.com/ceph/ceph-deploy,2014-09-10,1259.0,rank-other,375
Python,https://github.com/ceph/ceph-deploy,2014-09-12,1264.0,rank-other,376
Python,https://github.com/ceph/ceph-deploy,2014-09-23,1273.0,rank-other,376
Python,https://github.com/ceph/ceph-deploy,2014-09-24,1277.0,rank-other,376
Python,https://github.com/ceph/ceph-deploy,2014-09-25,1280.0,rank-other,377
Python,https://github.com/ceph/ceph-deploy,2014-09-26,1283.0,rank-other,377
Python,https://github.com/ceph/ceph-deploy,2014-09-29,1286.0,rank-other,377
Python,https://github.com/ceph/ceph-deploy,2014-09-30,1289.0,rank-other,378
Python,https://github.com/ceph/ceph-deploy,2014-10-01,1292.0,rank-other,378
Python,https://github.com/ceph/ceph-deploy,2014-10-03,1294.0,rank-other,379
Python,https://github.com/ceph/ceph-deploy,2014-10-06,1297.0,rank-other,380
Python,https://github.com/ceph/ceph-deploy,2014-10-08,1299.0,rank-other,381
Python,https://github.com/ceph/ceph-deploy,2014-10-09,1307.0,rank-other,383
Python,https://github.com/ceph/ceph-deploy,2014-10-23,1308.0,rank-other,383
Python,https://github.com/ceph/ceph-deploy,2014-10-27,1310.0,rank-other,383
Python,https://github.com/ceph/ceph-deploy,2014-10-28,1312.0,rank-other,383
Python,https://github.com/ceph/ceph-deploy,2014-10-29,1314.0,rank-other,384
Python,https://github.com/ceph/ceph-deploy,2014-11-07,1315.0,rank-other,384
Python,https://github.com/ceph/ceph-deploy,2014-11-10,1318.0,rank-other,384
Python,https://github.com/ceph/ceph-deploy,2014-11-12,1319.0,rank-other,385
Python,https://github.com/ceph/ceph-deploy,2014-11-13,1321.0,rank-other,386
Python,https://github.com/ceph/ceph-deploy,2014-11-18,1324.0,rank-other,386
Python,https://github.com/ceph/ceph-deploy,2014-11-19,1329.0,rank-other,387
Python,https://github.com/ceph/ceph-deploy,2014-12-02,1330.0,rank-other,387
Python,https://github.com/ceph/ceph-deploy,2014-12-10,1333.0,rank-other,388
Python,https://github.com/ceph/ceph-deploy,2015-01-02,1337.0,rank-other,390
Python,https://github.com/ceph/ceph-deploy,2015-01-05,1338.0,rank-other,391
Python,https://github.com/ceph/ceph-deploy,2015-01-09,1341.0,rank-other,391
Python,https://github.com/ceph/ceph-deploy,2015-01-30,1343.0,rank-other,393
Python,https://github.com/ceph/ceph-deploy,2015-02-16,1344.0,rank-other,393
Python,https://github.com/ceph/ceph-deploy,2015-02-18,1345.0,rank-other,393
Python,https://github.com/ceph/ceph-deploy,2015-02-19,1349.0,rank-other,393
Python,https://github.com/ceph/ceph-deploy,2015-02-20,1356.0,rank-other,393
Python,https://github.com/ceph/ceph-deploy,2015-02-23,1358.0,rank-other,394
Python,https://github.com/ceph/ceph-deploy,2015-02-26,1359.0,rank-other,395
Python,https://github.com/ceph/ceph-deploy,2015-03-06,1364.0,rank-other,395
Python,https://github.com/ceph/ceph-deploy,2015-03-09,1367.0,rank-other,396
Python,https://github.com/ceph/ceph-deploy,2015-03-10,1370.0,rank-other,396
Python,https://github.com/ceph/ceph-deploy,2015-03-17,1375.0,rank-other,400
Python,https://github.com/ceph/ceph-deploy,2015-03-18,1376.0,rank-other,401
Python,https://github.com/ceph/ceph-deploy,2015-03-19,1391.0,rank-other,401
Python,https://github.com/ceph/ceph-deploy,2015-03-20,1395.0,rank-other,405
Python,https://github.com/ceph/ceph-deploy,2015-03-31,1399.0,rank-other,406
Python,https://github.com/ceph/ceph-deploy,2015-04-01,1400.0,rank-other,406
Python,https://github.com/ceph/ceph-deploy,2015-04-07,1406.0,rank-other,409
Python,https://github.com/ceph/ceph-deploy,2015-04-08,1407.0,rank-other,410
Python,https://github.com/ceph/ceph-deploy,2015-04-09,1409.0,rank-other,412
Python,https://github.com/ceph/ceph-deploy,2015-04-10,1412.0,rank-other,414
Python,https://github.com/ceph/ceph-deploy,2015-04-14,1413.0,rank-other,415
Python,https://github.com/ceph/ceph-deploy,2015-04-22,1416.0,rank-other,416
Python,https://github.com/ceph/ceph-deploy,2015-05-07,1428.0,rank-other,417
Python,https://github.com/ceph/ceph-deploy,2015-05-08,1435.0,rank-other,417
Python,https://github.com/ceph/ceph-deploy,2015-05-11,1444.0,rank-other,417
Python,https://github.com/ceph/ceph-deploy,2015-05-12,1458.0,rank-other,419
Python,https://github.com/ceph/ceph-deploy,2015-05-13,1465.0,rank-other,420
Python,https://github.com/ceph/ceph-deploy,2015-05-14,1469.0,rank-other,421
Python,https://github.com/ceph/ceph-deploy,2015-05-15,1474.0,rank-other,422
Python,https://github.com/ceph/ceph-deploy,2015-05-18,1482.0,rank-other,425
Python,https://github.com/ceph/ceph-deploy,2015-05-21,1489.0,rank-other,429
Python,https://github.com/ceph/ceph-deploy,2015-05-22,1495.0,rank-other,429
Python,https://github.com/ceph/ceph-deploy,2015-05-25,1503.0,rank-other,430
Python,https://github.com/ceph/ceph-deploy,2015-05-26,1507.0,rank-other,431
Python,https://github.com/ceph/ceph-deploy,2015-05-27,1517.0,rank-other,432
Python,https://github.com/ceph/ceph-deploy,2015-05-28,1525.0,rank-other,433
Python,https://github.com/ceph/ceph-deploy,2015-06-02,1527.0,rank-other,434
Python,https://github.com/ceph/ceph-deploy,2015-06-11,1529.0,rank-other,436
Python,https://github.com/ceph/ceph-deploy,2015-06-12,1534.0,rank-other,441
Python,https://github.com/ceph/ceph-deploy,2015-06-16,1537.0,rank-other,443
Python,https://github.com/ceph/ceph-deploy,2015-06-19,1540.0,rank-other,444
Python,https://github.com/ceph/ceph-deploy,2015-06-22,1543.0,rank-other,444
Python,https://github.com/ceph/ceph-deploy,2015-06-23,1553.0,rank-other,444
Python,https://github.com/ceph/ceph-deploy,2015-06-24,1567.0,rank-other,444
Python,https://github.com/ceph/ceph-deploy,2015-06-25,1573.0,rank-other,444
Python,https://github.com/ceph/ceph-deploy,2015-06-26,1574.0,rank-other,444
Python,https://github.com/ceph/ceph-deploy,2015-06-29,1583.0,rank-other,445
Python,https://github.com/ceph/ceph-deploy,2015-06-30,1588.0,rank-other,445
Python,https://github.com/ceph/ceph-deploy,2015-07-01,1598.0,rank-other,445
Python,https://github.com/ceph/ceph-deploy,2015-07-02,1599.0,rank-other,446
Python,https://github.com/ceph/ceph-deploy,2015-07-05,1600.0,rank-other,446
Python,https://github.com/ceph/ceph-deploy,2015-07-06,1601.0,rank-other,446
Python,https://github.com/ceph/ceph-deploy,2015-07-09,1606.0,rank-other,446
Python,https://github.com/ceph/ceph-deploy,2015-07-10,1610.0,rank-other,447
Python,https://github.com/ceph/ceph-deploy,2015-07-14,1613.0,rank-other,448
Python,https://github.com/ceph/ceph-deploy,2015-07-15,1618.0,rank-other,448
Python,https://github.com/ceph/ceph-deploy,2015-07-16,1623.0,rank-other,448
Python,https://github.com/ceph/ceph-deploy,2015-07-17,1624.0,rank-other,449
Python,https://github.com/ceph/ceph-deploy,2015-07-20,1627.0,rank-other,450
Python,https://github.com/ceph/ceph-deploy,2015-07-28,1628.0,rank-other,451
Python,https://github.com/ceph/ceph-deploy,2015-07-30,1629.0,rank-other,451
Python,https://github.com/ceph/ceph-deploy,2015-07-31,1644.0,rank-other,456
Python,https://github.com/ceph/ceph-deploy,2015-08-03,1660.0,rank-other,456
Python,https://github.com/ceph/ceph-deploy,2015-08-04,1673.0,rank-other,457
Python,https://github.com/ceph/ceph-deploy,2015-08-05,1685.0,rank-other,459
Python,https://github.com/ceph/ceph-deploy,2015-08-06,1689.0,rank-other,462
Python,https://github.com/ceph/ceph-deploy,2015-08-07,1695.0,rank-other,462
Python,https://github.com/ceph/ceph-deploy,2015-08-10,1697.0,rank-other,462
Python,https://github.com/ceph/ceph-deploy,2015-08-11,1704.0,rank-other,463
Python,https://github.com/ceph/ceph-deploy,2015-08-12,1708.0,rank-other,464
Python,https://github.com/ceph/ceph-deploy,2015-08-13,1711.0,rank-other,465
Python,https://github.com/ceph/ceph-deploy,2015-08-14,1714.0,rank-other,466
Python,https://github.com/ceph/ceph-deploy,2015-08-26,1717.0,rank-other,467
Python,https://github.com/ceph/ceph-deploy,2015-08-29,1719.0,rank-other,469
Python,https://github.com/ceph/ceph-deploy,2015-09-02,1721.0,rank-other,471
Python,https://github.com/ceph/ceph-deploy,2015-09-08,1724.0,rank-other,473
Python,https://github.com/ceph/ceph-deploy,2015-09-09,1725.0,rank-other,473
Python,https://github.com/ceph/ceph-deploy,2015-09-10,1727.0,rank-other,475
Python,https://github.com/ceph/ceph-deploy,2015-09-14,1728.0,rank-other,476
Python,https://github.com/ceph/ceph-deploy,2015-09-17,1730.0,rank-other,478
Python,https://github.com/ceph/ceph-deploy,2015-09-18,1732.0,rank-other,479
Python,https://github.com/ceph/ceph-deploy,2015-09-19,1733.0,rank-other,479
Python,https://github.com/ceph/ceph-deploy,2015-09-24,1736.0,rank-other,480
Python,https://github.com/ceph/ceph-deploy,2015-09-29,1737.0,rank-other,481
Python,https://github.com/ceph/ceph-deploy,2015-09-30,1743.0,rank-other,487
Python,https://github.com/ceph/ceph-deploy,2015-10-12,1744.0,rank-other,487
Python,https://github.com/ceph/ceph-deploy,2015-10-26,1746.0,rank-other,488
Python,https://github.com/ceph/ceph-deploy,2015-11-03,1748.0,rank-other,488
Python,https://github.com/ceph/ceph-deploy,2015-11-04,1749.0,rank-other,489
Python,https://github.com/ceph/ceph-deploy,2015-11-20,1751.0,rank-other,489
Python,https://github.com/ceph/ceph-deploy,2015-11-23,1752.0,rank-other,490
Python,https://github.com/ceph/ceph-deploy,2015-11-24,1755.0,rank-other,493
Python,https://github.com/ceph/ceph-deploy,2015-11-25,1756.0,rank-other,493
Python,https://github.com/ceph/ceph-deploy,2015-12-01,1758.0,rank-other,493
Python,https://github.com/ceph/ceph-deploy,2015-12-02,1762.0,rank-other,495
Python,https://github.com/ceph/ceph-deploy,2015-12-10,1763.0,rank-other,495
Python,https://github.com/ceph/ceph-deploy,2015-12-11,1769.0,rank-other,498
Python,https://github.com/ceph/ceph-deploy,2015-12-15,1770.0,rank-other,498
Python,https://github.com/ceph/ceph-deploy,2015-12-16,1771.0,rank-other,499
Python,https://github.com/ceph/ceph-deploy,2015-12-22,1773.0,rank-other,500
Python,https://github.com/ceph/ceph-deploy,2016-01-04,1777.0,rank-other,501
Python,https://github.com/ceph/ceph-deploy,2016-01-08,1783.0,rank-other,506
Python,https://github.com/ceph/ceph-deploy,2016-01-13,1785.0,rank-other,507
Python,https://github.com/ceph/ceph-deploy,2016-02-02,1791.0,rank-other,509
Python,https://github.com/ceph/ceph-deploy,2016-02-03,1792.0,rank-other,509
Python,https://github.com/ceph/ceph-deploy,2016-02-04,1794.0,rank-other,510
Python,https://github.com/ceph/ceph-deploy,2016-02-09,1795.0,rank-other,510
Python,https://github.com/ceph/ceph-deploy,2016-02-11,1797.0,rank-other,512
Python,https://github.com/ceph/ceph-deploy,2016-02-26,1798.0,rank-other,513
Python,https://github.com/ceph/ceph-deploy,2016-03-11,1800.0,rank-other,515
Python,https://github.com/ceph/ceph-deploy,2016-03-15,1802.0,rank-other,516
Python,https://github.com/ceph/ceph-deploy,2016-04-08,1805.0,rank-other,518
Python,https://github.com/ceph/ceph-deploy,2016-04-12,1809.0,rank-other,522
Python,https://github.com/ceph/ceph-deploy,2016-04-13,1818.0,rank-other,528
Python,https://github.com/ceph/ceph-deploy,2016-04-14,1819.0,rank-other,528
Python,https://github.com/ceph/ceph-deploy,2016-04-21,1821.0,rank-other,529
Python,https://github.com/ceph/ceph-deploy,2016-04-22,1835.0,rank-other,540
Python,https://github.com/ceph/ceph-deploy,2016-05-16,1837.0,rank-other,540
Python,https://github.com/ceph/ceph-deploy,2016-05-17,1838.0,rank-other,541
Python,https://github.com/ceph/ceph-deploy,2016-05-18,1839.0,rank-other,542
Python,https://github.com/ceph/ceph-deploy,2016-05-20,1843.0,rank-other,546
Python,https://github.com/ceph/ceph-deploy,2016-05-23,1854.0,rank-other,557
Python,https://github.com/ceph/ceph-deploy,2016-05-24,1856.0,rank-other,558
Python,https://github.com/ceph/ceph-deploy,2016-05-25,1857.0,rank-other,559
Python,https://github.com/ceph/ceph-deploy,2016-05-26,1859.0,rank-other,561
Python,https://github.com/ceph/ceph-deploy,2016-05-31,1860.0,rank-other,561
Python,https://github.com/ceph/ceph-deploy,2016-06-03,1864.0,rank-other,562
Python,https://github.com/ceph/ceph-deploy,2016-06-06,1866.0,rank-other,563
Python,https://github.com/ceph/ceph-deploy,2016-06-07,1870.0,rank-other,564
Python,https://github.com/ceph/ceph-deploy,2016-06-09,1873.0,rank-other,567
Python,https://github.com/ceph/ceph-deploy,2016-06-14,1875.0,rank-other,568
Python,https://github.com/ceph/ceph-deploy,2016-06-15,1876.0,rank-other,569
Python,https://github.com/ceph/ceph-deploy,2016-06-16,1877.0,rank-other,570
Python,https://github.com/ceph/ceph-deploy,2016-06-21,1878.0,rank-other,571
Python,https://github.com/ceph/ceph-deploy,2016-06-22,1879.0,rank-other,572
Python,https://github.com/ceph/ceph-deploy,2016-06-23,1883.0,rank-other,572
Python,https://github.com/ceph/ceph-deploy,2016-06-24,1884.0,rank-other,573
Python,https://github.com/ceph/ceph-deploy,2016-06-29,1888.0,rank-other,574
Python,https://github.com/ceph/ceph-deploy,2016-07-07,1889.0,rank-other,575
Python,https://github.com/ceph/ceph-deploy,2016-07-10,1890.0,rank-other,576
Python,https://github.com/ceph/ceph-deploy,2016-07-11,1891.0,rank-other,576
Python,https://github.com/ceph/ceph-deploy,2016-07-13,1892.0,rank-other,576
Python,https://github.com/ceph/ceph-deploy,2016-08-10,1894.0,rank-other,578
Python,https://github.com/ceph/ceph-deploy,2016-08-12,1895.0,rank-other,578
Python,https://github.com/ceph/ceph-deploy,2016-08-15,1899.0,rank-other,579
Python,https://github.com/ceph/ceph-deploy,2016-08-17,1900.0,rank-other,580
Python,https://github.com/ceph/ceph-deploy,2016-08-18,1901.0,rank-other,580
Python,https://github.com/ceph/ceph-deploy,2016-08-19,1903.0,rank-other,581
Python,https://github.com/ceph/ceph-deploy,2016-08-23,1906.0,rank-other,582
Python,https://github.com/ceph/ceph-deploy,2016-08-24,1908.0,rank-other,583
Python,https://github.com/ceph/ceph-deploy,2016-08-29,1911.0,rank-other,584
Python,https://github.com/ceph/ceph-deploy,2016-08-30,1912.0,rank-other,585
Python,https://github.com/ceph/ceph-deploy,2016-09-08,1913.0,rank-other,586
Python,https://github.com/ceph/ceph-deploy,2016-09-13,1914.0,rank-other,586
Python,https://github.com/ceph/ceph-deploy,2016-10-10,1915.0,rank-other,587
Python,https://github.com/ceph/ceph-deploy,2016-10-14,1916.0,rank-other,588
Python,https://github.com/ceph/ceph-deploy,2016-10-20,1917.0,rank-other,588
Python,https://github.com/ceph/ceph-deploy,2016-11-08,1919.0,rank-other,589
Python,https://github.com/ceph/ceph-deploy,2016-11-15,1920.0,rank-other,589
Python,https://github.com/ceph/ceph-deploy,2016-12-08,1928.0,rank-other,590
Python,https://github.com/ceph/ceph-deploy,2017-01-03,1934.0,rank-other,593
Python,https://github.com/ceph/ceph-deploy,2017-02-03,1935.0,rank-other,594
Python,https://github.com/ceph/ceph-deploy,2017-02-21,1936.0,rank-other,595
Python,https://github.com/ceph/ceph-deploy,2017-02-22,1937.0,rank-other,596
Python,https://github.com/ceph/ceph-deploy,2017-02-23,1938.0,rank-other,597
Python,https://github.com/ceph/ceph-deploy,2017-03-06,1940.0,rank-other,598
Python,https://github.com/ceph/ceph-deploy,2017-03-07,1941.0,rank-other,599
Python,https://github.com/ceph/ceph-deploy,2017-03-08,1942.0,rank-other,599
Python,https://github.com/ceph/ceph-deploy,2017-03-10,1943.0,rank-other,600
Python,https://github.com/ceph/ceph-deploy,2017-03-13,1947.0,rank-other,604
Python,https://github.com/ceph/ceph-deploy,2017-03-14,1948.0,rank-other,604
Python,https://github.com/ceph/ceph-deploy,2017-03-17,1949.0,rank-other,605
Python,https://github.com/ceph/ceph-deploy,2017-03-22,1952.0,rank-other,607
Python,https://github.com/ceph/ceph-deploy,2017-04-20,1954.0,rank-other,609
Python,https://github.com/ceph/ceph-deploy,2017-05-11,1955.0,rank-other,610
Python,https://github.com/ceph/ceph-deploy,2017-05-19,1959.0,rank-other,611
Python,https://github.com/ceph/ceph-deploy,2017-05-25,1960.0,rank-other,612
Python,https://github.com/ceph/ceph-deploy,2017-06-08,1963.0,rank-other,613
Python,https://github.com/ceph/ceph-deploy,2017-06-09,1965.0,rank-other,614
Python,https://github.com/ceph/ceph-deploy,2017-06-22,1968.0,rank-other,615
Python,https://github.com/ceph/ceph-deploy,2017-07-05,1971.0,rank-other,616
Python,https://github.com/ceph/ceph-deploy,2017-07-09,1972.0,rank-other,617
Python,https://github.com/ceph/ceph-deploy,2017-07-19,1974.0,rank-other,617
Python,https://github.com/ceph/ceph-deploy,2017-07-28,1975.0,rank-other,618
Python,https://github.com/ceph/ceph-deploy,2017-08-07,1976.0,rank-other,618
Python,https://github.com/ceph/ceph-deploy,2017-09-01,1980.0,rank-other,619
Python,https://github.com/ceph/ceph-deploy,2017-09-06,1981.0,rank-other,620
Python,https://github.com/ceph/ceph-deploy,2017-09-11,1982.0,rank-other,621
Python,https://github.com/ceph/ceph-deploy,2017-09-12,1983.0,rank-other,621
Python,https://github.com/ceph/ceph-deploy,2017-09-20,1984.0,rank-other,621
Python,https://github.com/ceph/ceph-deploy,2017-11-27,1986.0,rank-other,621
Python,https://github.com/ceph/ceph-deploy,2017-11-28,1992.0,rank-other,621
Python,https://github.com/ceph/ceph-deploy,2017-11-29,2002.0,rank-other,621
Python,https://github.com/ceph/ceph-deploy,2017-12-01,2003.0,rank-other,622
Python,https://github.com/ceph/ceph-deploy,2017-12-06,2006.0,rank-other,623
Python,https://github.com/ceph/ceph-deploy,2017-12-27,2007.0,rank-other,624
Python,https://github.com/ceph/ceph-deploy,2018-01-16,2011.0,rank-other,626
Python,https://github.com/ceph/ceph-deploy,2018-01-17,2013.0,rank-other,627
Python,https://github.com/ceph/ceph-deploy,2018-01-23,2015.0,rank-other,629
Python,https://github.com/ceph/ceph-deploy,2018-01-26,2017.0,rank-other,631
Python,https://github.com/ceph/ceph-deploy,2018-01-29,2018.0,rank-other,632
Python,https://github.com/ceph/ceph-deploy,2018-01-30,2019.0,rank-other,633
Python,https://github.com/ceph/ceph-deploy,2018-02-01,2021.0,rank-other,634
Python,https://github.com/ceph/ceph-deploy,2018-02-07,2022.0,rank-other,635
Python,https://github.com/ceph/ceph-deploy,2018-02-16,2025.0,rank-other,635
Python,https://github.com/ceph/ceph-deploy,2018-02-20,2027.0,rank-other,635
Python,https://github.com/ceph/ceph-deploy,2018-02-21,2029.0,rank-other,635
Python,https://github.com/ceph/ceph-deploy,2018-03-01,2031.0,rank-other,636
Python,https://github.com/ceph/ceph-deploy,2018-03-05,2033.0,rank-other,638
Python,https://github.com/ceph/ceph-deploy,2018-03-06,2034.0,rank-other,638
Python,https://github.com/ceph/ceph-deploy,2018-03-31,2035.0,rank-other,639
Python,https://github.com/ceph/ceph-deploy,2018-04-09,2036.0,rank-other,639
Python,https://github.com/ceph/ceph-deploy,2018-05-03,2037.0,rank-other,640
Python,https://github.com/ceph/ceph-deploy,2018-06-19,2043.0,rank-other,642
Python,https://github.com/ceph/ceph-deploy,2018-07-10,2046.0,rank-other,643
Python,https://github.com/ceph/ceph-deploy,2018-07-16,2049.0,rank-other,643
Python,https://github.com/ceph/ceph-deploy,2018-07-18,2050.0,rank-other,644
Python,https://github.com/ceph/ceph-deploy,2018-09-20,2052.0,rank-other,645
Python,https://github.com/ceph/ceph-deploy,2018-12-15,2053.0,rank-other,645
Python,https://github.com/ceph/ceph-deploy,2018-12-18,2054.0,rank-other,646
Python,https://github.com/ceph/ceph-deploy,2019-01-15,2058.0,rank-other,646
Python,https://github.com/ceph/ceph-deploy,2019-01-16,2059.0,rank-other,646
Python,https://github.com/ceph/ceph-deploy,2019-01-17,2060.0,rank-other,646
Python,https://github.com/ceph/ceph-deploy,2019-01-28,2061.0,rank-other,646
Python,https://github.com/ceph/ceph-deploy,2019-02-25,2063.0,rank-other,647
Python,https://github.com/ceph/ceph-deploy,2019-03-26,2064.0,rank-other,648
Python,https://github.com/ceph/ceph-deploy,2019-04-05,2066.0,rank-other,649
Python,https://github.com/ceph/ceph-deploy,2019-04-16,2071.0,rank-other,649
Python,https://github.com/ceph/ceph-deploy,2019-04-25,2073.0,rank-other,649
Python,https://github.com/ceph/ceph-deploy,2019-04-29,2076.0,rank-other,650
Python,https://github.com/ceph/ceph-deploy,2019-05-01,2082.0,rank-other,651
Python,https://github.com/ceph/ceph-deploy,2019-05-06,2084.0,rank-other,651
Python,https://github.com/ceph/ceph-deploy,2019-07-12,2085.0,rank-other,652
Python,https://github.com/ceph/ceph-deploy,2019-08-13,2087.0,rank-other,653
Python,https://github.com/ceph/ceph-deploy,2019-12-19,2088.0,rank-other,654
Python,https://github.com/ceph/ceph-deploy,2020-02-12,2089.0,rank-other,655
Python,https://github.com/ceph/ceph-deploy,2020-04-09,2090.0,rank-other,656
Python,https://github.com/ceph/ceph-deploy,2020-04-13,2091.0,rank-other,657
Python,https://github.com/ceph/ceph-deploy,2020-05-22,2092.0,rank-other,658
Python,https://github.com/ceph/ceph-deploy,2020-06-02,2093.0,rank-other,659
Python,https://github.com/ceph/ceph-deploy,2020-06-03,2098.0,rank-other,664
Python,https://github.com/ceph/ceph-deploy,2020-06-04,2100.0,rank-other,666
Python,https://github.com/ceph/ceph-deploy,2020-06-05,2102.0,rank-other,668
Python,https://github.com/ceph/ceph-deploy,2020-08-06,2103.0,rank-other,669
Python,https://github.com/ceph/ceph-deploy,2020-08-13,2105.0,rank-other,671
Python,https://github.com/ceph/ceph-deploy,2020-09-01,2112.0,rank-other,678
Python,https://github.com/ceph/ceph-deploy,2020-09-03,2114.0,rank-other,680
Python,https://github.com/ceph/ceph-deploy,2020-09-17,2115.0,rank-other,681
Python,https://github.com/ceph/ceph-deploy,2020-09-18,2117.0,rank-other,683
Python,https://github.com/ceph/ceph-deploy,2020-09-26,2119.0,rank-other,685
Python,https://github.com/ceph/ceph-deploy,2020-09-27,2120.0,rank-other,686
Python,https://github.com/ceph/ceph-deploy,2020-10-01,2127.0,rank-other,693
Python,https://github.com/ceph/ceph-deploy,2020-10-02,2129.0,rank-other,695
