language,html_url,date,all-commits,committer,commits
Python,https://github.com/codespell-project/codespell,2011-01-28,8.0,rank-0,0
Python,https://github.com/codespell-project/codespell,2011-01-29,17.0,rank-0,0
Python,https://github.com/codespell-project/codespell,2011-01-31,23.0,rank-0,0
Python,https://github.com/codespell-project/codespell,2011-02-01,27.0,rank-0,0
Python,https://github.com/codespell-project/codespell,2011-02-02,28.0,rank-0,0
Python,https://github.com/codespell-project/codespell,2011-02-03,34.0,rank-0,0
Python,https://github.com/codespell-project/codespell,2011-02-16,36.0,rank-0,0
Python,https://github.com/codespell-project/codespell,2011-02-17,37.0,rank-0,0
Python,https://github.com/codespell-project/codespell,2011-02-21,38.0,rank-0,0
Python,https://github.com/codespell-project/codespell,2011-03-22,40.0,rank-0,0
Python,https://github.com/codespell-project/codespell,2011-03-29,44.0,rank-0,0
Python,https://github.com/codespell-project/codespell,2011-03-30,46.0,rank-0,0
Python,https://github.com/codespell-project/codespell,2011-04-01,48.0,rank-0,0
Python,https://github.com/codespell-project/codespell,2011-04-14,53.0,rank-0,0
Python,https://github.com/codespell-project/codespell,2011-04-18,54.0,rank-0,0
Python,https://github.com/codespell-project/codespell,2011-04-27,56.0,rank-0,0
Python,https://github.com/codespell-project/codespell,2011-04-28,58.0,rank-0,0
Python,https://github.com/codespell-project/codespell,2011-05-02,59.0,rank-0,0
Python,https://github.com/codespell-project/codespell,2011-05-22,61.0,rank-0,0
Python,https://github.com/codespell-project/codespell,2011-05-24,62.0,rank-0,0
Python,https://github.com/codespell-project/codespell,2011-05-25,65.0,rank-0,0
Python,https://github.com/codespell-project/codespell,2011-05-26,67.0,rank-0,0
Python,https://github.com/codespell-project/codespell,2011-05-27,69.0,rank-0,0
Python,https://github.com/codespell-project/codespell,2011-05-28,72.0,rank-0,0
Python,https://github.com/codespell-project/codespell,2011-05-29,74.0,rank-0,0
Python,https://github.com/codespell-project/codespell,2011-05-30,76.0,rank-0,0
Python,https://github.com/codespell-project/codespell,2011-06-02,77.0,rank-0,0
Python,https://github.com/codespell-project/codespell,2011-06-11,79.0,rank-0,0
Python,https://github.com/codespell-project/codespell,2011-06-14,82.0,rank-0,0
Python,https://github.com/codespell-project/codespell,2011-06-16,83.0,rank-0,0
Python,https://github.com/codespell-project/codespell,2011-06-18,92.0,rank-0,0
Python,https://github.com/codespell-project/codespell,2011-06-28,95.0,rank-0,0
Python,https://github.com/codespell-project/codespell,2011-07-02,99.0,rank-0,0
Python,https://github.com/codespell-project/codespell,2011-07-12,100.0,rank-0,0
Python,https://github.com/codespell-project/codespell,2011-07-14,102.0,rank-0,0
Python,https://github.com/codespell-project/codespell,2011-07-25,105.0,rank-0,0
Python,https://github.com/codespell-project/codespell,2011-08-17,108.0,rank-0,0
Python,https://github.com/codespell-project/codespell,2011-08-20,109.0,rank-0,0
Python,https://github.com/codespell-project/codespell,2011-09-15,110.0,rank-0,0
Python,https://github.com/codespell-project/codespell,2011-09-21,111.0,rank-0,0
Python,https://github.com/codespell-project/codespell,2011-09-28,113.0,rank-0,0
Python,https://github.com/codespell-project/codespell,2011-09-29,115.0,rank-0,0
Python,https://github.com/codespell-project/codespell,2011-09-30,116.0,rank-0,0
Python,https://github.com/codespell-project/codespell,2011-10-14,117.0,rank-0,0
Python,https://github.com/codespell-project/codespell,2011-10-15,120.0,rank-0,0
Python,https://github.com/codespell-project/codespell,2011-10-19,124.0,rank-0,0
Python,https://github.com/codespell-project/codespell,2011-12-06,125.0,rank-0,0
Python,https://github.com/codespell-project/codespell,2011-12-09,130.0,rank-0,0
Python,https://github.com/codespell-project/codespell,2012-01-20,132.0,rank-0,0
Python,https://github.com/codespell-project/codespell,2012-02-28,137.0,rank-0,0
Python,https://github.com/codespell-project/codespell,2012-03-05,138.0,rank-0,0
Python,https://github.com/codespell-project/codespell,2012-03-06,139.0,rank-0,0
Python,https://github.com/codespell-project/codespell,2012-08-22,143.0,rank-0,0
Python,https://github.com/codespell-project/codespell,2013-02-12,144.0,rank-0,0
Python,https://github.com/codespell-project/codespell,2013-02-14,145.0,rank-0,0
Python,https://github.com/codespell-project/codespell,2013-04-10,152.0,rank-0,0
Python,https://github.com/codespell-project/codespell,2013-04-19,153.0,rank-0,0
Python,https://github.com/codespell-project/codespell,2013-05-06,154.0,rank-0,0
Python,https://github.com/codespell-project/codespell,2013-05-07,156.0,rank-0,0
Python,https://github.com/codespell-project/codespell,2013-05-16,158.0,rank-0,0
Python,https://github.com/codespell-project/codespell,2013-05-28,159.0,rank-0,0
Python,https://github.com/codespell-project/codespell,2013-07-12,160.0,rank-0,0
Python,https://github.com/codespell-project/codespell,2013-07-21,161.0,rank-0,0
Python,https://github.com/codespell-project/codespell,2013-07-24,162.0,rank-0,0
Python,https://github.com/codespell-project/codespell,2013-09-25,163.0,rank-0,0
Python,https://github.com/codespell-project/codespell,2013-10-21,164.0,rank-0,0
Python,https://github.com/codespell-project/codespell,2013-12-05,165.0,rank-0,0
Python,https://github.com/codespell-project/codespell,2013-12-26,169.0,rank-0,0
Python,https://github.com/codespell-project/codespell,2013-12-29,170.0,rank-0,0
Python,https://github.com/codespell-project/codespell,2014-01-07,172.0,rank-0,0
Python,https://github.com/codespell-project/codespell,2014-01-24,176.0,rank-0,0
Python,https://github.com/codespell-project/codespell,2014-01-27,177.0,rank-0,0
Python,https://github.com/codespell-project/codespell,2014-03-22,178.0,rank-0,0
Python,https://github.com/codespell-project/codespell,2014-03-29,179.0,rank-0,0
Python,https://github.com/codespell-project/codespell,2014-04-07,180.0,rank-0,0
Python,https://github.com/codespell-project/codespell,2014-04-08,181.0,rank-0,0
Python,https://github.com/codespell-project/codespell,2014-06-07,183.0,rank-0,0
Python,https://github.com/codespell-project/codespell,2014-06-12,184.0,rank-0,0
Python,https://github.com/codespell-project/codespell,2014-06-27,185.0,rank-0,0
Python,https://github.com/codespell-project/codespell,2014-09-02,191.0,rank-0,0
Python,https://github.com/codespell-project/codespell,2014-09-29,192.0,rank-0,0
Python,https://github.com/codespell-project/codespell,2014-10-17,193.0,rank-0,0
Python,https://github.com/codespell-project/codespell,2014-11-25,194.0,rank-0,0
Python,https://github.com/codespell-project/codespell,2015-01-03,198.0,rank-0,0
Python,https://github.com/codespell-project/codespell,2015-03-09,199.0,rank-0,0
Python,https://github.com/codespell-project/codespell,2015-03-12,201.0,rank-0,0
Python,https://github.com/codespell-project/codespell,2015-03-13,202.0,rank-0,0
Python,https://github.com/codespell-project/codespell,2015-03-31,203.0,rank-0,0
Python,https://github.com/codespell-project/codespell,2015-04-11,205.0,rank-0,0
Python,https://github.com/codespell-project/codespell,2015-04-18,207.0,rank-0,0
Python,https://github.com/codespell-project/codespell,2015-05-07,208.0,rank-0,0
Python,https://github.com/codespell-project/codespell,2015-05-18,209.0,rank-0,0
Python,https://github.com/codespell-project/codespell,2015-06-15,210.0,rank-0,0
Python,https://github.com/codespell-project/codespell,2015-06-18,214.0,rank-0,0
Python,https://github.com/codespell-project/codespell,2015-06-23,217.0,rank-0,0
Python,https://github.com/codespell-project/codespell,2015-06-30,218.0,rank-0,0
Python,https://github.com/codespell-project/codespell,2015-08-02,219.0,rank-0,0
Python,https://github.com/codespell-project/codespell,2015-08-11,220.0,rank-0,0
Python,https://github.com/codespell-project/codespell,2015-08-12,221.0,rank-0,0
Python,https://github.com/codespell-project/codespell,2015-08-18,225.0,rank-0,0
Python,https://github.com/codespell-project/codespell,2015-09-09,226.0,rank-0,0
Python,https://github.com/codespell-project/codespell,2015-09-10,227.0,rank-0,0
Python,https://github.com/codespell-project/codespell,2015-09-12,232.0,rank-0,0
Python,https://github.com/codespell-project/codespell,2015-09-13,233.0,rank-0,0
Python,https://github.com/codespell-project/codespell,2015-09-14,234.0,rank-0,0
Python,https://github.com/codespell-project/codespell,2015-09-21,235.0,rank-0,0
Python,https://github.com/codespell-project/codespell,2015-10-22,236.0,rank-0,0
Python,https://github.com/codespell-project/codespell,2015-10-27,237.0,rank-0,0
Python,https://github.com/codespell-project/codespell,2015-11-17,238.0,rank-0,0
Python,https://github.com/codespell-project/codespell,2015-12-08,239.0,rank-0,0
Python,https://github.com/codespell-project/codespell,2015-12-10,240.0,rank-0,0
Python,https://github.com/codespell-project/codespell,2015-12-12,241.0,rank-0,0
Python,https://github.com/codespell-project/codespell,2016-01-07,242.0,rank-0,0
Python,https://github.com/codespell-project/codespell,2016-01-12,244.0,rank-0,0
Python,https://github.com/codespell-project/codespell,2016-01-15,247.0,rank-0,0
Python,https://github.com/codespell-project/codespell,2016-02-26,249.0,rank-0,0
Python,https://github.com/codespell-project/codespell,2016-03-06,250.0,rank-0,0
Python,https://github.com/codespell-project/codespell,2016-03-11,252.0,rank-0,0
Python,https://github.com/codespell-project/codespell,2016-04-21,253.0,rank-0,0
Python,https://github.com/codespell-project/codespell,2016-04-26,255.0,rank-0,0
Python,https://github.com/codespell-project/codespell,2016-04-27,259.0,rank-0,0
Python,https://github.com/codespell-project/codespell,2016-05-12,260.0,rank-0,0
Python,https://github.com/codespell-project/codespell,2016-05-22,264.0,rank-0,0
Python,https://github.com/codespell-project/codespell,2016-06-03,265.0,rank-0,0
Python,https://github.com/codespell-project/codespell,2016-06-06,268.0,rank-0,0
Python,https://github.com/codespell-project/codespell,2016-06-09,275.0,rank-0,0
Python,https://github.com/codespell-project/codespell,2016-06-10,287.0,rank-0,0
Python,https://github.com/codespell-project/codespell,2016-06-11,288.0,rank-0,0
Python,https://github.com/codespell-project/codespell,2016-06-16,290.0,rank-0,0
Python,https://github.com/codespell-project/codespell,2016-06-17,294.0,rank-0,0
Python,https://github.com/codespell-project/codespell,2016-08-18,295.0,rank-0,0
Python,https://github.com/codespell-project/codespell,2016-08-31,297.0,rank-0,0
Python,https://github.com/codespell-project/codespell,2016-09-04,300.0,rank-0,0
Python,https://github.com/codespell-project/codespell,2016-09-08,301.0,rank-0,0
Python,https://github.com/codespell-project/codespell,2016-09-10,302.0,rank-0,0
Python,https://github.com/codespell-project/codespell,2016-10-10,303.0,rank-0,0
Python,https://github.com/codespell-project/codespell,2016-10-14,304.0,rank-0,0
Python,https://github.com/codespell-project/codespell,2016-10-17,306.0,rank-0,0
Python,https://github.com/codespell-project/codespell,2016-10-19,310.0,rank-0,0
Python,https://github.com/codespell-project/codespell,2016-11-09,313.0,rank-0,0
Python,https://github.com/codespell-project/codespell,2016-11-11,317.0,rank-0,0
Python,https://github.com/codespell-project/codespell,2016-11-12,323.0,rank-0,0
Python,https://github.com/codespell-project/codespell,2016-11-14,324.0,rank-0,0
Python,https://github.com/codespell-project/codespell,2016-11-15,325.0,rank-0,0
Python,https://github.com/codespell-project/codespell,2016-11-16,326.0,rank-0,0
Python,https://github.com/codespell-project/codespell,2016-11-19,328.0,rank-0,0
Python,https://github.com/codespell-project/codespell,2016-11-22,331.0,rank-0,0
Python,https://github.com/codespell-project/codespell,2016-11-27,332.0,rank-0,0
Python,https://github.com/codespell-project/codespell,2016-12-01,333.0,rank-0,0
Python,https://github.com/codespell-project/codespell,2016-12-02,334.0,rank-0,0
Python,https://github.com/codespell-project/codespell,2016-12-03,338.0,rank-0,0
Python,https://github.com/codespell-project/codespell,2016-12-05,339.0,rank-0,0
Python,https://github.com/codespell-project/codespell,2016-12-08,346.0,rank-0,0
Python,https://github.com/codespell-project/codespell,2016-12-10,348.0,rank-0,0
Python,https://github.com/codespell-project/codespell,2016-12-11,349.0,rank-0,0
Python,https://github.com/codespell-project/codespell,2016-12-13,350.0,rank-0,0
Python,https://github.com/codespell-project/codespell,2016-12-15,351.0,rank-0,0
Python,https://github.com/codespell-project/codespell,2016-12-16,355.0,rank-0,0
Python,https://github.com/codespell-project/codespell,2016-12-18,356.0,rank-0,0
Python,https://github.com/codespell-project/codespell,2016-12-19,357.0,rank-0,0
Python,https://github.com/codespell-project/codespell,2016-12-22,358.0,rank-0,0
Python,https://github.com/codespell-project/codespell,2016-12-25,360.0,rank-0,0
Python,https://github.com/codespell-project/codespell,2016-12-26,361.0,rank-0,0
Python,https://github.com/codespell-project/codespell,2016-12-30,365.0,rank-0,0
Python,https://github.com/codespell-project/codespell,2016-12-31,366.0,rank-0,0
Python,https://github.com/codespell-project/codespell,2017-01-02,372.0,rank-0,0
Python,https://github.com/codespell-project/codespell,2017-01-04,378.0,rank-0,0
Python,https://github.com/codespell-project/codespell,2017-01-05,379.0,rank-0,0
Python,https://github.com/codespell-project/codespell,2017-01-07,380.0,rank-0,0
Python,https://github.com/codespell-project/codespell,2017-01-08,381.0,rank-0,0
Python,https://github.com/codespell-project/codespell,2017-01-14,382.0,rank-0,0
Python,https://github.com/codespell-project/codespell,2017-01-15,383.0,rank-0,0
Python,https://github.com/codespell-project/codespell,2017-01-16,385.0,rank-0,0
Python,https://github.com/codespell-project/codespell,2017-01-17,388.0,rank-0,0
Python,https://github.com/codespell-project/codespell,2017-01-19,389.0,rank-0,0
Python,https://github.com/codespell-project/codespell,2017-01-20,390.0,rank-0,0
Python,https://github.com/codespell-project/codespell,2017-01-21,392.0,rank-0,0
Python,https://github.com/codespell-project/codespell,2017-01-23,397.0,rank-0,0
Python,https://github.com/codespell-project/codespell,2017-01-24,399.0,rank-0,0
Python,https://github.com/codespell-project/codespell,2017-01-25,400.0,rank-0,0
Python,https://github.com/codespell-project/codespell,2017-01-29,402.0,rank-0,0
Python,https://github.com/codespell-project/codespell,2017-01-30,403.0,rank-0,0
Python,https://github.com/codespell-project/codespell,2017-01-31,404.0,rank-0,0
Python,https://github.com/codespell-project/codespell,2017-02-01,406.0,rank-0,0
Python,https://github.com/codespell-project/codespell,2017-02-02,411.0,rank-0,0
Python,https://github.com/codespell-project/codespell,2017-02-03,412.0,rank-0,0
Python,https://github.com/codespell-project/codespell,2017-02-05,414.0,rank-0,0
Python,https://github.com/codespell-project/codespell,2017-02-06,416.0,rank-0,0
Python,https://github.com/codespell-project/codespell,2017-02-10,418.0,rank-0,0
Python,https://github.com/codespell-project/codespell,2017-02-12,420.0,rank-0,0
Python,https://github.com/codespell-project/codespell,2017-02-14,421.0,rank-0,0
Python,https://github.com/codespell-project/codespell,2017-02-20,423.0,rank-0,0
Python,https://github.com/codespell-project/codespell,2017-02-21,425.0,rank-0,0
Python,https://github.com/codespell-project/codespell,2017-02-23,426.0,rank-0,0
Python,https://github.com/codespell-project/codespell,2017-02-24,427.0,rank-0,0
Python,https://github.com/codespell-project/codespell,2017-02-26,429.0,rank-0,0
Python,https://github.com/codespell-project/codespell,2017-03-03,430.0,rank-0,0
Python,https://github.com/codespell-project/codespell,2017-03-06,432.0,rank-0,0
Python,https://github.com/codespell-project/codespell,2017-03-07,434.0,rank-0,0
Python,https://github.com/codespell-project/codespell,2017-03-09,446.0,rank-0,0
Python,https://github.com/codespell-project/codespell,2017-03-10,447.0,rank-0,0
Python,https://github.com/codespell-project/codespell,2017-03-11,448.0,rank-0,0
Python,https://github.com/codespell-project/codespell,2017-03-13,449.0,rank-0,0
Python,https://github.com/codespell-project/codespell,2017-03-14,452.0,rank-0,0
Python,https://github.com/codespell-project/codespell,2017-03-15,454.0,rank-0,0
Python,https://github.com/codespell-project/codespell,2017-03-16,457.0,rank-0,0
Python,https://github.com/codespell-project/codespell,2017-03-18,458.0,rank-0,0
Python,https://github.com/codespell-project/codespell,2017-03-19,459.0,rank-0,0
Python,https://github.com/codespell-project/codespell,2017-03-20,461.0,rank-0,0
Python,https://github.com/codespell-project/codespell,2017-03-21,462.0,rank-0,0
Python,https://github.com/codespell-project/codespell,2017-03-24,463.0,rank-0,0
Python,https://github.com/codespell-project/codespell,2017-03-25,464.0,rank-0,0
Python,https://github.com/codespell-project/codespell,2017-03-27,466.0,rank-0,0
Python,https://github.com/codespell-project/codespell,2017-03-28,468.0,rank-0,0
Python,https://github.com/codespell-project/codespell,2017-03-31,470.0,rank-0,0
Python,https://github.com/codespell-project/codespell,2017-04-01,472.0,rank-0,0
Python,https://github.com/codespell-project/codespell,2017-04-02,473.0,rank-0,0
Python,https://github.com/codespell-project/codespell,2017-04-03,475.0,rank-0,0
Python,https://github.com/codespell-project/codespell,2017-04-12,476.0,rank-0,0
Python,https://github.com/codespell-project/codespell,2017-04-13,477.0,rank-0,0
Python,https://github.com/codespell-project/codespell,2017-04-14,478.0,rank-0,0
Python,https://github.com/codespell-project/codespell,2017-04-16,479.0,rank-0,0
Python,https://github.com/codespell-project/codespell,2017-04-17,482.0,rank-0,0
Python,https://github.com/codespell-project/codespell,2017-04-18,485.0,rank-0,0
Python,https://github.com/codespell-project/codespell,2017-04-20,487.0,rank-0,0
Python,https://github.com/codespell-project/codespell,2017-04-22,490.0,rank-0,0
Python,https://github.com/codespell-project/codespell,2017-04-27,491.0,rank-0,0
Python,https://github.com/codespell-project/codespell,2017-04-28,492.0,rank-0,0
Python,https://github.com/codespell-project/codespell,2017-04-29,493.0,rank-0,0
Python,https://github.com/codespell-project/codespell,2017-05-03,495.0,rank-0,0
Python,https://github.com/codespell-project/codespell,2017-05-05,496.0,rank-0,0
Python,https://github.com/codespell-project/codespell,2017-05-07,501.0,rank-0,0
Python,https://github.com/codespell-project/codespell,2017-05-08,502.0,rank-0,0
Python,https://github.com/codespell-project/codespell,2017-05-09,503.0,rank-0,0
Python,https://github.com/codespell-project/codespell,2017-05-11,504.0,rank-0,0
Python,https://github.com/codespell-project/codespell,2017-05-12,505.0,rank-0,0
Python,https://github.com/codespell-project/codespell,2017-05-14,506.0,rank-0,0
Python,https://github.com/codespell-project/codespell,2017-05-15,507.0,rank-0,0
Python,https://github.com/codespell-project/codespell,2017-05-17,508.0,rank-0,0
Python,https://github.com/codespell-project/codespell,2017-05-20,514.0,rank-0,0
Python,https://github.com/codespell-project/codespell,2017-05-22,515.0,rank-0,0
Python,https://github.com/codespell-project/codespell,2017-05-23,516.0,rank-0,0
Python,https://github.com/codespell-project/codespell,2017-05-27,517.0,rank-0,0
Python,https://github.com/codespell-project/codespell,2017-05-29,519.0,rank-0,0
Python,https://github.com/codespell-project/codespell,2017-05-30,521.0,rank-0,0
Python,https://github.com/codespell-project/codespell,2017-06-08,522.0,rank-0,0
Python,https://github.com/codespell-project/codespell,2017-06-12,524.0,rank-0,0
Python,https://github.com/codespell-project/codespell,2017-06-14,525.0,rank-0,0
Python,https://github.com/codespell-project/codespell,2017-06-16,526.0,rank-0,0
Python,https://github.com/codespell-project/codespell,2017-06-17,527.0,rank-0,0
Python,https://github.com/codespell-project/codespell,2017-06-19,529.0,rank-0,0
Python,https://github.com/codespell-project/codespell,2017-06-22,530.0,rank-0,0
Python,https://github.com/codespell-project/codespell,2017-06-26,531.0,rank-0,0
Python,https://github.com/codespell-project/codespell,2017-06-29,533.0,rank-0,0
Python,https://github.com/codespell-project/codespell,2017-07-03,534.0,rank-0,0
Python,https://github.com/codespell-project/codespell,2017-07-04,535.0,rank-0,0
Python,https://github.com/codespell-project/codespell,2017-07-10,537.0,rank-0,0
Python,https://github.com/codespell-project/codespell,2017-07-14,538.0,rank-0,0
Python,https://github.com/codespell-project/codespell,2017-07-17,541.0,rank-0,0
Python,https://github.com/codespell-project/codespell,2017-07-18,542.0,rank-0,0
Python,https://github.com/codespell-project/codespell,2017-07-21,544.0,rank-0,0
Python,https://github.com/codespell-project/codespell,2017-07-22,546.0,rank-0,0
Python,https://github.com/codespell-project/codespell,2017-07-23,547.0,rank-0,0
Python,https://github.com/codespell-project/codespell,2017-07-24,550.0,rank-0,0
Python,https://github.com/codespell-project/codespell,2017-07-25,552.0,rank-0,0
Python,https://github.com/codespell-project/codespell,2017-07-29,553.0,rank-0,0
Python,https://github.com/codespell-project/codespell,2017-08-03,554.0,rank-0,0
Python,https://github.com/codespell-project/codespell,2017-08-05,555.0,rank-0,0
Python,https://github.com/codespell-project/codespell,2017-08-10,556.0,rank-0,0
Python,https://github.com/codespell-project/codespell,2017-08-13,559.0,rank-0,0
Python,https://github.com/codespell-project/codespell,2017-08-15,566.0,rank-0,0
Python,https://github.com/codespell-project/codespell,2017-08-17,571.0,rank-0,0
Python,https://github.com/codespell-project/codespell,2017-08-22,573.0,rank-0,0
Python,https://github.com/codespell-project/codespell,2017-08-23,574.0,rank-0,0
Python,https://github.com/codespell-project/codespell,2017-08-27,577.0,rank-0,0
Python,https://github.com/codespell-project/codespell,2017-08-28,583.0,rank-0,0
Python,https://github.com/codespell-project/codespell,2017-08-31,585.0,rank-0,0
Python,https://github.com/codespell-project/codespell,2017-09-01,587.0,rank-0,0
Python,https://github.com/codespell-project/codespell,2017-09-02,589.0,rank-0,0
Python,https://github.com/codespell-project/codespell,2017-09-04,590.0,rank-0,0
Python,https://github.com/codespell-project/codespell,2017-09-06,591.0,rank-0,0
Python,https://github.com/codespell-project/codespell,2017-09-13,593.0,rank-0,0
Python,https://github.com/codespell-project/codespell,2017-09-14,594.0,rank-0,0
Python,https://github.com/codespell-project/codespell,2017-09-15,601.0,rank-0,0
Python,https://github.com/codespell-project/codespell,2017-09-16,602.0,rank-0,0
Python,https://github.com/codespell-project/codespell,2017-09-17,604.0,rank-0,0
Python,https://github.com/codespell-project/codespell,2017-09-18,606.0,rank-0,0
Python,https://github.com/codespell-project/codespell,2017-09-19,609.0,rank-0,0
Python,https://github.com/codespell-project/codespell,2017-09-20,612.0,rank-0,0
Python,https://github.com/codespell-project/codespell,2017-09-26,617.0,rank-0,0
Python,https://github.com/codespell-project/codespell,2017-09-29,621.0,rank-0,0
Python,https://github.com/codespell-project/codespell,2017-10-01,625.0,rank-0,0
Python,https://github.com/codespell-project/codespell,2017-10-03,627.0,rank-0,0
Python,https://github.com/codespell-project/codespell,2017-10-05,628.0,rank-0,0
Python,https://github.com/codespell-project/codespell,2017-10-06,632.0,rank-0,0
Python,https://github.com/codespell-project/codespell,2017-10-08,640.0,rank-0,0
Python,https://github.com/codespell-project/codespell,2017-10-09,647.0,rank-0,0
Python,https://github.com/codespell-project/codespell,2017-10-10,651.0,rank-0,0
Python,https://github.com/codespell-project/codespell,2017-10-11,656.0,rank-0,0
Python,https://github.com/codespell-project/codespell,2017-10-12,660.0,rank-0,0
Python,https://github.com/codespell-project/codespell,2017-10-13,664.0,rank-0,0
Python,https://github.com/codespell-project/codespell,2017-10-14,666.0,rank-0,0
Python,https://github.com/codespell-project/codespell,2017-10-15,670.0,rank-0,0
Python,https://github.com/codespell-project/codespell,2017-10-16,676.0,rank-0,0
Python,https://github.com/codespell-project/codespell,2017-10-17,681.0,rank-0,0
Python,https://github.com/codespell-project/codespell,2017-10-19,682.0,rank-0,0
Python,https://github.com/codespell-project/codespell,2017-10-20,684.0,rank-0,0
Python,https://github.com/codespell-project/codespell,2017-10-23,686.0,rank-0,0
Python,https://github.com/codespell-project/codespell,2017-10-24,693.0,rank-0,0
Python,https://github.com/codespell-project/codespell,2017-10-25,694.0,rank-0,0
Python,https://github.com/codespell-project/codespell,2017-10-26,696.0,rank-0,0
Python,https://github.com/codespell-project/codespell,2017-10-28,698.0,rank-0,0
Python,https://github.com/codespell-project/codespell,2017-10-29,702.0,rank-0,0
Python,https://github.com/codespell-project/codespell,2017-10-30,709.0,rank-0,0
Python,https://github.com/codespell-project/codespell,2017-10-31,711.0,rank-0,0
Python,https://github.com/codespell-project/codespell,2017-11-01,712.0,rank-0,0
Python,https://github.com/codespell-project/codespell,2017-11-03,716.0,rank-0,0
Python,https://github.com/codespell-project/codespell,2017-11-04,717.0,rank-0,0
Python,https://github.com/codespell-project/codespell,2017-11-05,719.0,rank-0,0
Python,https://github.com/codespell-project/codespell,2017-11-06,721.0,rank-0,0
Python,https://github.com/codespell-project/codespell,2017-11-07,729.0,rank-0,0
Python,https://github.com/codespell-project/codespell,2017-11-08,732.0,rank-0,0
Python,https://github.com/codespell-project/codespell,2017-11-09,745.0,rank-0,0
Python,https://github.com/codespell-project/codespell,2017-11-10,749.0,rank-0,1
Python,https://github.com/codespell-project/codespell,2017-11-12,751.0,rank-0,1
Python,https://github.com/codespell-project/codespell,2017-11-13,753.0,rank-0,1
Python,https://github.com/codespell-project/codespell,2017-11-14,765.0,rank-0,9
Python,https://github.com/codespell-project/codespell,2017-11-15,774.0,rank-0,10
Python,https://github.com/codespell-project/codespell,2017-11-16,788.0,rank-0,13
Python,https://github.com/codespell-project/codespell,2017-11-17,790.0,rank-0,13
Python,https://github.com/codespell-project/codespell,2017-11-18,792.0,rank-0,15
Python,https://github.com/codespell-project/codespell,2017-11-19,794.0,rank-0,15
Python,https://github.com/codespell-project/codespell,2017-11-22,796.0,rank-0,15
Python,https://github.com/codespell-project/codespell,2017-11-23,797.0,rank-0,15
Python,https://github.com/codespell-project/codespell,2017-11-24,799.0,rank-0,16
Python,https://github.com/codespell-project/codespell,2017-11-26,802.0,rank-0,18
Python,https://github.com/codespell-project/codespell,2017-11-27,815.0,rank-0,18
Python,https://github.com/codespell-project/codespell,2017-11-28,817.0,rank-0,19
Python,https://github.com/codespell-project/codespell,2017-11-29,825.0,rank-0,22
Python,https://github.com/codespell-project/codespell,2017-11-30,826.0,rank-0,22
Python,https://github.com/codespell-project/codespell,2017-12-01,828.0,rank-0,23
Python,https://github.com/codespell-project/codespell,2017-12-03,829.0,rank-0,23
Python,https://github.com/codespell-project/codespell,2017-12-04,839.0,rank-0,23
Python,https://github.com/codespell-project/codespell,2017-12-05,842.0,rank-0,23
Python,https://github.com/codespell-project/codespell,2017-12-06,848.0,rank-0,23
Python,https://github.com/codespell-project/codespell,2017-12-07,850.0,rank-0,23
Python,https://github.com/codespell-project/codespell,2017-12-09,851.0,rank-0,23
Python,https://github.com/codespell-project/codespell,2017-12-11,853.0,rank-0,23
Python,https://github.com/codespell-project/codespell,2017-12-12,854.0,rank-0,23
Python,https://github.com/codespell-project/codespell,2017-12-13,857.0,rank-0,23
Python,https://github.com/codespell-project/codespell,2017-12-14,858.0,rank-0,23
Python,https://github.com/codespell-project/codespell,2017-12-15,863.0,rank-0,23
Python,https://github.com/codespell-project/codespell,2017-12-18,864.0,rank-0,23
Python,https://github.com/codespell-project/codespell,2017-12-19,867.0,rank-0,23
Python,https://github.com/codespell-project/codespell,2017-12-20,869.0,rank-0,23
Python,https://github.com/codespell-project/codespell,2017-12-23,873.0,rank-0,23
Python,https://github.com/codespell-project/codespell,2017-12-24,874.0,rank-0,23
Python,https://github.com/codespell-project/codespell,2017-12-27,875.0,rank-0,23
Python,https://github.com/codespell-project/codespell,2017-12-28,876.0,rank-0,23
Python,https://github.com/codespell-project/codespell,2017-12-31,880.0,rank-0,23
Python,https://github.com/codespell-project/codespell,2018-01-01,881.0,rank-0,23
Python,https://github.com/codespell-project/codespell,2018-01-02,884.0,rank-0,26
Python,https://github.com/codespell-project/codespell,2018-01-03,889.0,rank-0,29
Python,https://github.com/codespell-project/codespell,2018-01-04,890.0,rank-0,29
Python,https://github.com/codespell-project/codespell,2018-01-05,895.0,rank-0,34
Python,https://github.com/codespell-project/codespell,2018-01-07,896.0,rank-0,34
Python,https://github.com/codespell-project/codespell,2018-01-08,899.0,rank-0,36
Python,https://github.com/codespell-project/codespell,2018-01-09,933.0,rank-0,41
Python,https://github.com/codespell-project/codespell,2018-01-10,935.0,rank-0,42
Python,https://github.com/codespell-project/codespell,2018-01-11,937.0,rank-0,44
Python,https://github.com/codespell-project/codespell,2018-01-12,945.0,rank-0,46
Python,https://github.com/codespell-project/codespell,2018-01-13,949.0,rank-0,48
Python,https://github.com/codespell-project/codespell,2018-01-14,950.0,rank-0,48
Python,https://github.com/codespell-project/codespell,2018-01-15,955.0,rank-0,49
Python,https://github.com/codespell-project/codespell,2018-01-16,957.0,rank-0,50
Python,https://github.com/codespell-project/codespell,2018-01-17,959.0,rank-0,50
Python,https://github.com/codespell-project/codespell,2018-01-18,968.0,rank-0,54
Python,https://github.com/codespell-project/codespell,2018-01-19,973.0,rank-0,55
Python,https://github.com/codespell-project/codespell,2018-01-20,975.0,rank-0,56
Python,https://github.com/codespell-project/codespell,2018-01-21,976.0,rank-0,56
Python,https://github.com/codespell-project/codespell,2018-01-22,977.0,rank-0,57
Python,https://github.com/codespell-project/codespell,2018-01-23,980.0,rank-0,58
Python,https://github.com/codespell-project/codespell,2018-01-24,982.0,rank-0,59
Python,https://github.com/codespell-project/codespell,2018-01-25,987.0,rank-0,60
Python,https://github.com/codespell-project/codespell,2018-01-26,988.0,rank-0,60
Python,https://github.com/codespell-project/codespell,2018-01-27,992.0,rank-0,61
Python,https://github.com/codespell-project/codespell,2018-01-28,993.0,rank-0,61
Python,https://github.com/codespell-project/codespell,2018-01-29,1003.0,rank-0,65
Python,https://github.com/codespell-project/codespell,2018-02-02,1004.0,rank-0,65
Python,https://github.com/codespell-project/codespell,2018-02-03,1007.0,rank-0,67
Python,https://github.com/codespell-project/codespell,2018-02-04,1008.0,rank-0,67
Python,https://github.com/codespell-project/codespell,2018-02-05,1016.0,rank-0,72
Python,https://github.com/codespell-project/codespell,2018-02-06,1018.0,rank-0,73
Python,https://github.com/codespell-project/codespell,2018-02-07,1025.0,rank-0,76
Python,https://github.com/codespell-project/codespell,2018-02-08,1029.0,rank-0,78
Python,https://github.com/codespell-project/codespell,2018-02-09,1034.0,rank-0,80
Python,https://github.com/codespell-project/codespell,2018-02-10,1035.0,rank-0,80
Python,https://github.com/codespell-project/codespell,2018-02-12,1038.0,rank-0,82
Python,https://github.com/codespell-project/codespell,2018-02-13,1040.0,rank-0,83
Python,https://github.com/codespell-project/codespell,2018-02-14,1050.0,rank-0,88
Python,https://github.com/codespell-project/codespell,2018-02-15,1062.0,rank-0,94
Python,https://github.com/codespell-project/codespell,2018-02-16,1068.0,rank-0,96
Python,https://github.com/codespell-project/codespell,2018-02-17,1073.0,rank-0,97
Python,https://github.com/codespell-project/codespell,2018-02-18,1075.0,rank-0,98
Python,https://github.com/codespell-project/codespell,2018-02-19,1078.0,rank-0,99
Python,https://github.com/codespell-project/codespell,2018-02-21,1080.0,rank-0,100
Python,https://github.com/codespell-project/codespell,2018-02-22,1084.0,rank-0,101
Python,https://github.com/codespell-project/codespell,2018-02-23,1085.0,rank-0,102
Python,https://github.com/codespell-project/codespell,2018-02-24,1087.0,rank-0,102
Python,https://github.com/codespell-project/codespell,2018-02-25,1092.0,rank-0,106
Python,https://github.com/codespell-project/codespell,2018-02-26,1094.0,rank-0,107
Python,https://github.com/codespell-project/codespell,2018-02-27,1096.0,rank-0,108
Python,https://github.com/codespell-project/codespell,2018-02-28,1100.0,rank-0,110
Python,https://github.com/codespell-project/codespell,2018-03-01,1101.0,rank-0,110
Python,https://github.com/codespell-project/codespell,2018-03-02,1103.0,rank-0,111
Python,https://github.com/codespell-project/codespell,2018-03-03,1108.0,rank-0,115
Python,https://github.com/codespell-project/codespell,2018-03-04,1109.0,rank-0,115
Python,https://github.com/codespell-project/codespell,2018-03-05,1114.0,rank-0,118
Python,https://github.com/codespell-project/codespell,2018-03-06,1116.0,rank-0,119
Python,https://github.com/codespell-project/codespell,2018-03-08,1120.0,rank-0,120
Python,https://github.com/codespell-project/codespell,2018-03-09,1122.0,rank-0,120
Python,https://github.com/codespell-project/codespell,2018-03-11,1123.0,rank-0,120
Python,https://github.com/codespell-project/codespell,2018-03-12,1131.0,rank-0,127
Python,https://github.com/codespell-project/codespell,2018-03-14,1132.0,rank-0,128
Python,https://github.com/codespell-project/codespell,2018-03-16,1133.0,rank-0,129
Python,https://github.com/codespell-project/codespell,2018-03-17,1135.0,rank-0,129
Python,https://github.com/codespell-project/codespell,2018-03-19,1137.0,rank-0,130
Python,https://github.com/codespell-project/codespell,2018-03-20,1138.0,rank-0,131
Python,https://github.com/codespell-project/codespell,2018-03-22,1140.0,rank-0,133
Python,https://github.com/codespell-project/codespell,2018-03-23,1142.0,rank-0,133
Python,https://github.com/codespell-project/codespell,2018-03-24,1145.0,rank-0,134
Python,https://github.com/codespell-project/codespell,2018-03-25,1149.0,rank-0,136
Python,https://github.com/codespell-project/codespell,2018-03-26,1151.0,rank-0,136
Python,https://github.com/codespell-project/codespell,2018-03-27,1156.0,rank-0,137
Python,https://github.com/codespell-project/codespell,2018-03-28,1157.0,rank-0,137
Python,https://github.com/codespell-project/codespell,2018-03-29,1158.0,rank-0,137
Python,https://github.com/codespell-project/codespell,2018-03-30,1159.0,rank-0,138
Python,https://github.com/codespell-project/codespell,2018-03-31,1166.0,rank-0,143
Python,https://github.com/codespell-project/codespell,2018-04-01,1167.0,rank-0,143
Python,https://github.com/codespell-project/codespell,2018-04-02,1169.0,rank-0,145
Python,https://github.com/codespell-project/codespell,2018-04-03,1171.0,rank-0,145
Python,https://github.com/codespell-project/codespell,2018-04-04,1173.0,rank-0,146
Python,https://github.com/codespell-project/codespell,2018-04-05,1176.0,rank-0,147
Python,https://github.com/codespell-project/codespell,2018-04-06,1178.0,rank-0,148
Python,https://github.com/codespell-project/codespell,2018-04-07,1180.0,rank-0,148
Python,https://github.com/codespell-project/codespell,2018-04-09,1181.0,rank-0,149
Python,https://github.com/codespell-project/codespell,2018-04-12,1182.0,rank-0,150
Python,https://github.com/codespell-project/codespell,2018-04-13,1183.0,rank-0,150
Python,https://github.com/codespell-project/codespell,2018-04-15,1184.0,rank-0,150
Python,https://github.com/codespell-project/codespell,2018-04-16,1191.0,rank-0,153
Python,https://github.com/codespell-project/codespell,2018-04-17,1193.0,rank-0,155
Python,https://github.com/codespell-project/codespell,2018-04-18,1194.0,rank-0,156
Python,https://github.com/codespell-project/codespell,2018-04-20,1197.0,rank-0,157
Python,https://github.com/codespell-project/codespell,2018-04-23,1198.0,rank-0,158
Python,https://github.com/codespell-project/codespell,2018-04-24,1201.0,rank-0,160
Python,https://github.com/codespell-project/codespell,2018-04-26,1209.0,rank-0,162
Python,https://github.com/codespell-project/codespell,2018-04-27,1213.0,rank-0,163
Python,https://github.com/codespell-project/codespell,2018-04-28,1215.0,rank-0,163
Python,https://github.com/codespell-project/codespell,2018-04-29,1216.0,rank-0,163
Python,https://github.com/codespell-project/codespell,2018-04-30,1218.0,rank-0,163
Python,https://github.com/codespell-project/codespell,2018-05-01,1219.0,rank-0,163
Python,https://github.com/codespell-project/codespell,2018-05-02,1221.0,rank-0,165
Python,https://github.com/codespell-project/codespell,2018-05-04,1228.0,rank-0,170
Python,https://github.com/codespell-project/codespell,2018-05-05,1230.0,rank-0,170
Python,https://github.com/codespell-project/codespell,2018-05-07,1241.0,rank-0,177
Python,https://github.com/codespell-project/codespell,2018-05-08,1244.0,rank-0,179
Python,https://github.com/codespell-project/codespell,2018-05-09,1246.0,rank-0,179
Python,https://github.com/codespell-project/codespell,2018-05-10,1254.0,rank-0,186
Python,https://github.com/codespell-project/codespell,2018-05-11,1255.0,rank-0,187
Python,https://github.com/codespell-project/codespell,2018-05-14,1257.0,rank-0,189
Python,https://github.com/codespell-project/codespell,2018-05-16,1260.0,rank-0,190
Python,https://github.com/codespell-project/codespell,2018-05-17,1264.0,rank-0,191
Python,https://github.com/codespell-project/codespell,2018-05-18,1265.0,rank-0,191
Python,https://github.com/codespell-project/codespell,2018-05-19,1267.0,rank-0,191
Python,https://github.com/codespell-project/codespell,2018-05-20,1268.0,rank-0,191
Python,https://github.com/codespell-project/codespell,2018-05-21,1270.0,rank-0,191
Python,https://github.com/codespell-project/codespell,2018-05-22,1273.0,rank-0,193
Python,https://github.com/codespell-project/codespell,2018-05-23,1274.0,rank-0,194
Python,https://github.com/codespell-project/codespell,2018-05-24,1275.0,rank-0,195
Python,https://github.com/codespell-project/codespell,2018-05-25,1277.0,rank-0,195
Python,https://github.com/codespell-project/codespell,2018-05-26,1278.0,rank-0,196
Python,https://github.com/codespell-project/codespell,2018-05-29,1280.0,rank-0,197
Python,https://github.com/codespell-project/codespell,2018-05-31,1282.0,rank-0,199
Python,https://github.com/codespell-project/codespell,2018-06-02,1283.0,rank-0,199
Python,https://github.com/codespell-project/codespell,2018-06-03,1284.0,rank-0,200
Python,https://github.com/codespell-project/codespell,2018-06-04,1287.0,rank-0,201
Python,https://github.com/codespell-project/codespell,2018-06-05,1288.0,rank-0,201
Python,https://github.com/codespell-project/codespell,2018-06-07,1290.0,rank-0,202
Python,https://github.com/codespell-project/codespell,2018-06-08,1292.0,rank-0,204
Python,https://github.com/codespell-project/codespell,2018-06-09,1293.0,rank-0,205
Python,https://github.com/codespell-project/codespell,2018-06-10,1296.0,rank-0,206
Python,https://github.com/codespell-project/codespell,2018-06-11,1298.0,rank-0,207
Python,https://github.com/codespell-project/codespell,2018-06-12,1299.0,rank-0,207
Python,https://github.com/codespell-project/codespell,2018-06-15,1301.0,rank-0,207
Python,https://github.com/codespell-project/codespell,2018-06-16,1302.0,rank-0,207
Python,https://github.com/codespell-project/codespell,2018-06-18,1305.0,rank-0,208
Python,https://github.com/codespell-project/codespell,2018-06-19,1307.0,rank-0,208
Python,https://github.com/codespell-project/codespell,2018-06-20,1310.0,rank-0,209
Python,https://github.com/codespell-project/codespell,2018-06-22,1311.0,rank-0,209
Python,https://github.com/codespell-project/codespell,2018-06-24,1312.0,rank-0,209
Python,https://github.com/codespell-project/codespell,2018-06-26,1313.0,rank-0,209
Python,https://github.com/codespell-project/codespell,2018-06-27,1315.0,rank-0,209
Python,https://github.com/codespell-project/codespell,2018-07-02,1316.0,rank-0,209
Python,https://github.com/codespell-project/codespell,2018-07-03,1318.0,rank-0,209
Python,https://github.com/codespell-project/codespell,2018-07-05,1320.0,rank-0,209
Python,https://github.com/codespell-project/codespell,2018-07-06,1321.0,rank-0,209
Python,https://github.com/codespell-project/codespell,2018-07-07,1322.0,rank-0,209
Python,https://github.com/codespell-project/codespell,2018-07-08,1323.0,rank-0,209
Python,https://github.com/codespell-project/codespell,2018-07-09,1324.0,rank-0,209
Python,https://github.com/codespell-project/codespell,2018-07-10,1325.0,rank-0,209
Python,https://github.com/codespell-project/codespell,2018-07-11,1327.0,rank-0,209
Python,https://github.com/codespell-project/codespell,2018-07-12,1329.0,rank-0,209
Python,https://github.com/codespell-project/codespell,2018-07-13,1330.0,rank-0,209
Python,https://github.com/codespell-project/codespell,2018-07-14,1332.0,rank-0,210
Python,https://github.com/codespell-project/codespell,2018-07-16,1334.0,rank-0,210
Python,https://github.com/codespell-project/codespell,2018-07-18,1335.0,rank-0,210
Python,https://github.com/codespell-project/codespell,2018-07-22,1337.0,rank-0,210
Python,https://github.com/codespell-project/codespell,2018-07-23,1340.0,rank-0,210
Python,https://github.com/codespell-project/codespell,2018-07-25,1342.0,rank-0,210
Python,https://github.com/codespell-project/codespell,2018-07-26,1344.0,rank-0,210
Python,https://github.com/codespell-project/codespell,2018-07-28,1345.0,rank-0,210
Python,https://github.com/codespell-project/codespell,2018-07-29,1352.0,rank-0,211
Python,https://github.com/codespell-project/codespell,2018-07-30,1353.0,rank-0,211
Python,https://github.com/codespell-project/codespell,2018-07-31,1355.0,rank-0,212
Python,https://github.com/codespell-project/codespell,2018-08-03,1356.0,rank-0,213
Python,https://github.com/codespell-project/codespell,2018-08-04,1357.0,rank-0,213
Python,https://github.com/codespell-project/codespell,2018-08-05,1359.0,rank-0,213
Python,https://github.com/codespell-project/codespell,2018-08-06,1367.0,rank-0,214
Python,https://github.com/codespell-project/codespell,2018-08-07,1370.0,rank-0,215
Python,https://github.com/codespell-project/codespell,2018-08-09,1375.0,rank-0,216
Python,https://github.com/codespell-project/codespell,2018-08-12,1378.0,rank-0,216
Python,https://github.com/codespell-project/codespell,2018-08-13,1387.0,rank-0,216
Python,https://github.com/codespell-project/codespell,2018-08-14,1390.0,rank-0,216
Python,https://github.com/codespell-project/codespell,2018-08-15,1391.0,rank-0,216
Python,https://github.com/codespell-project/codespell,2018-08-16,1392.0,rank-0,216
Python,https://github.com/codespell-project/codespell,2018-08-17,1394.0,rank-0,217
Python,https://github.com/codespell-project/codespell,2018-08-21,1395.0,rank-0,218
Python,https://github.com/codespell-project/codespell,2018-08-23,1396.0,rank-0,219
Python,https://github.com/codespell-project/codespell,2018-08-26,1397.0,rank-0,220
Python,https://github.com/codespell-project/codespell,2018-08-27,1400.0,rank-0,222
Python,https://github.com/codespell-project/codespell,2018-08-28,1401.0,rank-0,223
Python,https://github.com/codespell-project/codespell,2018-08-30,1405.0,rank-0,224
Python,https://github.com/codespell-project/codespell,2018-09-01,1408.0,rank-0,227
Python,https://github.com/codespell-project/codespell,2018-09-02,1410.0,rank-0,228
Python,https://github.com/codespell-project/codespell,2018-09-03,1412.0,rank-0,229
Python,https://github.com/codespell-project/codespell,2018-09-04,1415.0,rank-0,230
Python,https://github.com/codespell-project/codespell,2018-09-06,1416.0,rank-0,231
Python,https://github.com/codespell-project/codespell,2018-09-09,1417.0,rank-0,231
Python,https://github.com/codespell-project/codespell,2018-09-10,1421.0,rank-0,232
Python,https://github.com/codespell-project/codespell,2018-09-11,1422.0,rank-0,233
Python,https://github.com/codespell-project/codespell,2018-09-13,1423.0,rank-0,234
Python,https://github.com/codespell-project/codespell,2018-09-14,1426.0,rank-0,236
Python,https://github.com/codespell-project/codespell,2018-09-16,1428.0,rank-0,238
Python,https://github.com/codespell-project/codespell,2018-09-19,1431.0,rank-0,241
Python,https://github.com/codespell-project/codespell,2018-09-20,1432.0,rank-0,241
Python,https://github.com/codespell-project/codespell,2018-09-21,1435.0,rank-0,244
Python,https://github.com/codespell-project/codespell,2018-09-22,1436.0,rank-0,245
Python,https://github.com/codespell-project/codespell,2018-09-23,1438.0,rank-0,246
Python,https://github.com/codespell-project/codespell,2018-09-26,1439.0,rank-0,247
Python,https://github.com/codespell-project/codespell,2018-09-27,1440.0,rank-0,247
Python,https://github.com/codespell-project/codespell,2018-09-28,1448.0,rank-0,254
Python,https://github.com/codespell-project/codespell,2018-09-29,1450.0,rank-0,255
Python,https://github.com/codespell-project/codespell,2018-10-01,1451.0,rank-0,255
Python,https://github.com/codespell-project/codespell,2018-10-02,1452.0,rank-0,255
Python,https://github.com/codespell-project/codespell,2018-10-03,1458.0,rank-0,257
Python,https://github.com/codespell-project/codespell,2018-10-04,1460.0,rank-0,258
Python,https://github.com/codespell-project/codespell,2018-10-05,1464.0,rank-0,261
Python,https://github.com/codespell-project/codespell,2018-10-06,1465.0,rank-0,262
Python,https://github.com/codespell-project/codespell,2018-10-08,1468.0,rank-0,262
Python,https://github.com/codespell-project/codespell,2018-10-09,1469.0,rank-0,263
Python,https://github.com/codespell-project/codespell,2018-10-11,1471.0,rank-0,263
Python,https://github.com/codespell-project/codespell,2018-10-12,1475.0,rank-0,264
Python,https://github.com/codespell-project/codespell,2018-10-13,1476.0,rank-0,264
Python,https://github.com/codespell-project/codespell,2018-10-14,1477.0,rank-0,264
Python,https://github.com/codespell-project/codespell,2018-10-15,1479.0,rank-0,265
Python,https://github.com/codespell-project/codespell,2018-10-16,1482.0,rank-0,266
Python,https://github.com/codespell-project/codespell,2018-10-17,1486.0,rank-0,269
Python,https://github.com/codespell-project/codespell,2018-10-21,1487.0,rank-0,269
Python,https://github.com/codespell-project/codespell,2018-10-22,1494.0,rank-0,273
Python,https://github.com/codespell-project/codespell,2018-10-23,1495.0,rank-0,273
Python,https://github.com/codespell-project/codespell,2018-10-24,1499.0,rank-0,274
Python,https://github.com/codespell-project/codespell,2018-10-25,1500.0,rank-0,274
Python,https://github.com/codespell-project/codespell,2018-10-26,1502.0,rank-0,274
Python,https://github.com/codespell-project/codespell,2018-10-27,1504.0,rank-0,275
Python,https://github.com/codespell-project/codespell,2018-10-28,1505.0,rank-0,275
Python,https://github.com/codespell-project/codespell,2018-10-29,1512.0,rank-0,276
Python,https://github.com/codespell-project/codespell,2018-10-30,1516.0,rank-0,277
Python,https://github.com/codespell-project/codespell,2018-10-31,1519.0,rank-0,280
Python,https://github.com/codespell-project/codespell,2018-11-02,1520.0,rank-0,280
Python,https://github.com/codespell-project/codespell,2018-11-03,1521.0,rank-0,280
Python,https://github.com/codespell-project/codespell,2018-11-04,1522.0,rank-0,280
Python,https://github.com/codespell-project/codespell,2018-11-05,1529.0,rank-0,283
Python,https://github.com/codespell-project/codespell,2018-11-06,1531.0,rank-0,283
Python,https://github.com/codespell-project/codespell,2018-11-07,1535.0,rank-0,284
Python,https://github.com/codespell-project/codespell,2018-11-08,1536.0,rank-0,285
Python,https://github.com/codespell-project/codespell,2018-11-10,1537.0,rank-0,285
Python,https://github.com/codespell-project/codespell,2018-11-12,1539.0,rank-0,286
Python,https://github.com/codespell-project/codespell,2018-11-13,1542.0,rank-0,286
Python,https://github.com/codespell-project/codespell,2018-11-17,1543.0,rank-0,287
Python,https://github.com/codespell-project/codespell,2018-11-19,1544.0,rank-0,288
Python,https://github.com/codespell-project/codespell,2018-11-20,1547.0,rank-0,288
Python,https://github.com/codespell-project/codespell,2018-11-24,1548.0,rank-0,288
Python,https://github.com/codespell-project/codespell,2018-11-26,1551.0,rank-0,290
Python,https://github.com/codespell-project/codespell,2018-11-29,1553.0,rank-0,291
Python,https://github.com/codespell-project/codespell,2018-12-01,1554.0,rank-0,291
Python,https://github.com/codespell-project/codespell,2018-12-02,1555.0,rank-0,291
Python,https://github.com/codespell-project/codespell,2018-12-06,1556.0,rank-0,291
Python,https://github.com/codespell-project/codespell,2018-12-07,1557.0,rank-0,292
Python,https://github.com/codespell-project/codespell,2018-12-08,1561.0,rank-0,296
Python,https://github.com/codespell-project/codespell,2018-12-10,1562.0,rank-0,296
Python,https://github.com/codespell-project/codespell,2018-12-11,1564.0,rank-0,296
Python,https://github.com/codespell-project/codespell,2018-12-12,1565.0,rank-0,296
Python,https://github.com/codespell-project/codespell,2018-12-13,1566.0,rank-0,297
Python,https://github.com/codespell-project/codespell,2018-12-14,1567.0,rank-0,298
Python,https://github.com/codespell-project/codespell,2018-12-19,1568.0,rank-0,298
Python,https://github.com/codespell-project/codespell,2018-12-23,1569.0,rank-0,298
Python,https://github.com/codespell-project/codespell,2018-12-26,1570.0,rank-0,298
Python,https://github.com/codespell-project/codespell,2018-12-27,1571.0,rank-0,298
Python,https://github.com/codespell-project/codespell,2018-12-28,1572.0,rank-0,298
Python,https://github.com/codespell-project/codespell,2018-12-30,1573.0,rank-0,299
Python,https://github.com/codespell-project/codespell,2019-01-07,1581.0,rank-0,302
Python,https://github.com/codespell-project/codespell,2019-01-09,1582.0,rank-0,303
Python,https://github.com/codespell-project/codespell,2019-01-10,1584.0,rank-0,303
Python,https://github.com/codespell-project/codespell,2019-01-11,1586.0,rank-0,303
Python,https://github.com/codespell-project/codespell,2019-01-12,1587.0,rank-0,304
Python,https://github.com/codespell-project/codespell,2019-01-13,1588.0,rank-0,304
Python,https://github.com/codespell-project/codespell,2019-01-14,1590.0,rank-0,306
Python,https://github.com/codespell-project/codespell,2019-01-15,1591.0,rank-0,306
Python,https://github.com/codespell-project/codespell,2019-01-16,1595.0,rank-0,308
Python,https://github.com/codespell-project/codespell,2019-01-17,1598.0,rank-0,310
Python,https://github.com/codespell-project/codespell,2019-01-18,1601.0,rank-0,310
Python,https://github.com/codespell-project/codespell,2019-01-19,1603.0,rank-0,310
Python,https://github.com/codespell-project/codespell,2019-01-20,1604.0,rank-0,310
Python,https://github.com/codespell-project/codespell,2019-01-22,1607.0,rank-0,311
Python,https://github.com/codespell-project/codespell,2019-01-24,1609.0,rank-0,311
Python,https://github.com/codespell-project/codespell,2019-01-25,1611.0,rank-0,312
Python,https://github.com/codespell-project/codespell,2019-01-27,1612.0,rank-0,312
Python,https://github.com/codespell-project/codespell,2019-01-29,1614.0,rank-0,312
Python,https://github.com/codespell-project/codespell,2019-01-30,1615.0,rank-0,313
Python,https://github.com/codespell-project/codespell,2019-01-31,1616.0,rank-0,313
Python,https://github.com/codespell-project/codespell,2019-02-04,1617.0,rank-0,313
Python,https://github.com/codespell-project/codespell,2019-02-05,1619.0,rank-0,313
Python,https://github.com/codespell-project/codespell,2019-02-06,1620.0,rank-0,313
Python,https://github.com/codespell-project/codespell,2019-02-10,1624.0,rank-0,317
Python,https://github.com/codespell-project/codespell,2019-02-13,1627.0,rank-0,317
Python,https://github.com/codespell-project/codespell,2019-02-14,1628.0,rank-0,317
Python,https://github.com/codespell-project/codespell,2019-02-20,1630.0,rank-0,317
Python,https://github.com/codespell-project/codespell,2019-02-21,1631.0,rank-0,317
Python,https://github.com/codespell-project/codespell,2019-02-24,1633.0,rank-0,319
Python,https://github.com/codespell-project/codespell,2019-02-25,1635.0,rank-0,320
Python,https://github.com/codespell-project/codespell,2019-02-26,1636.0,rank-0,321
Python,https://github.com/codespell-project/codespell,2019-02-27,1637.0,rank-0,321
Python,https://github.com/codespell-project/codespell,2019-02-28,1638.0,rank-0,321
Python,https://github.com/codespell-project/codespell,2019-03-01,1639.0,rank-0,321
Python,https://github.com/codespell-project/codespell,2019-03-04,1641.0,rank-0,322
Python,https://github.com/codespell-project/codespell,2019-03-05,1642.0,rank-0,322
Python,https://github.com/codespell-project/codespell,2019-03-06,1645.0,rank-0,325
Python,https://github.com/codespell-project/codespell,2019-03-07,1646.0,rank-0,325
Python,https://github.com/codespell-project/codespell,2019-03-08,1647.0,rank-0,326
Python,https://github.com/codespell-project/codespell,2019-03-10,1652.0,rank-0,330
Python,https://github.com/codespell-project/codespell,2019-03-11,1654.0,rank-0,331
Python,https://github.com/codespell-project/codespell,2019-03-12,1657.0,rank-0,331
Python,https://github.com/codespell-project/codespell,2019-03-13,1661.0,rank-0,333
Python,https://github.com/codespell-project/codespell,2019-03-15,1664.0,rank-0,335
Python,https://github.com/codespell-project/codespell,2019-03-16,1735.0,rank-0,335
Python,https://github.com/codespell-project/codespell,2019-03-17,1740.0,rank-0,335
Python,https://github.com/codespell-project/codespell,2019-03-18,1746.0,rank-0,337
Python,https://github.com/codespell-project/codespell,2019-03-19,2022.0,rank-0,337
Python,https://github.com/codespell-project/codespell,2019-03-20,2028.0,rank-0,337
Python,https://github.com/codespell-project/codespell,2019-03-21,2029.0,rank-0,337
Python,https://github.com/codespell-project/codespell,2019-03-23,2030.0,rank-0,337
Python,https://github.com/codespell-project/codespell,2019-03-26,2036.0,rank-0,339
Python,https://github.com/codespell-project/codespell,2019-03-27,2037.0,rank-0,339
Python,https://github.com/codespell-project/codespell,2019-03-28,2040.0,rank-0,340
Python,https://github.com/codespell-project/codespell,2019-03-29,2044.0,rank-0,340
Python,https://github.com/codespell-project/codespell,2019-04-01,2045.0,rank-0,340
Python,https://github.com/codespell-project/codespell,2019-04-02,2046.0,rank-0,340
Python,https://github.com/codespell-project/codespell,2019-04-04,2060.0,rank-0,340
Python,https://github.com/codespell-project/codespell,2019-04-08,2069.0,rank-0,343
Python,https://github.com/codespell-project/codespell,2019-04-10,2071.0,rank-0,343
Python,https://github.com/codespell-project/codespell,2019-04-19,2072.0,rank-0,343
Python,https://github.com/codespell-project/codespell,2019-04-29,2085.0,rank-0,345
Python,https://github.com/codespell-project/codespell,2019-04-30,2094.0,rank-0,348
Python,https://github.com/codespell-project/codespell,2019-05-03,2095.0,rank-0,348
Python,https://github.com/codespell-project/codespell,2019-05-06,2099.0,rank-0,351
Python,https://github.com/codespell-project/codespell,2019-05-07,2102.0,rank-0,353
Python,https://github.com/codespell-project/codespell,2019-05-08,2105.0,rank-0,353
Python,https://github.com/codespell-project/codespell,2019-05-09,2108.0,rank-0,354
Python,https://github.com/codespell-project/codespell,2019-05-13,2109.0,rank-0,355
Python,https://github.com/codespell-project/codespell,2019-05-16,2110.0,rank-0,355
Python,https://github.com/codespell-project/codespell,2019-05-17,2114.0,rank-0,356
Python,https://github.com/codespell-project/codespell,2019-05-18,2115.0,rank-0,356
Python,https://github.com/codespell-project/codespell,2019-05-20,2118.0,rank-0,359
Python,https://github.com/codespell-project/codespell,2019-05-21,2119.0,rank-0,359
Python,https://github.com/codespell-project/codespell,2019-05-23,2124.0,rank-0,360
Python,https://github.com/codespell-project/codespell,2019-05-24,2132.0,rank-0,360
Python,https://github.com/codespell-project/codespell,2019-05-25,2135.0,rank-0,362
Python,https://github.com/codespell-project/codespell,2019-05-26,2152.0,rank-0,362
Python,https://github.com/codespell-project/codespell,2019-05-27,2170.0,rank-0,363
Python,https://github.com/codespell-project/codespell,2019-05-28,2220.0,rank-0,366
Python,https://github.com/codespell-project/codespell,2019-05-29,2237.0,rank-0,366
Python,https://github.com/codespell-project/codespell,2019-05-30,2238.0,rank-0,367
Python,https://github.com/codespell-project/codespell,2019-06-01,2241.0,rank-0,369
Python,https://github.com/codespell-project/codespell,2019-06-02,2244.0,rank-0,372
Python,https://github.com/codespell-project/codespell,2019-06-03,2245.0,rank-0,373
Python,https://github.com/codespell-project/codespell,2019-06-06,2250.0,rank-0,378
Python,https://github.com/codespell-project/codespell,2019-06-08,2252.0,rank-0,378
Python,https://github.com/codespell-project/codespell,2019-06-09,2260.0,rank-0,379
Python,https://github.com/codespell-project/codespell,2019-06-10,2264.0,rank-0,380
Python,https://github.com/codespell-project/codespell,2019-06-11,2267.0,rank-0,380
Python,https://github.com/codespell-project/codespell,2019-06-12,2273.0,rank-0,381
Python,https://github.com/codespell-project/codespell,2019-06-13,2277.0,rank-0,381
Python,https://github.com/codespell-project/codespell,2019-06-15,2278.0,rank-0,382
Python,https://github.com/codespell-project/codespell,2019-06-16,2281.0,rank-0,385
Python,https://github.com/codespell-project/codespell,2019-06-17,2286.0,rank-0,387
Python,https://github.com/codespell-project/codespell,2019-06-18,2296.0,rank-0,392
Python,https://github.com/codespell-project/codespell,2019-06-19,2298.0,rank-0,392
Python,https://github.com/codespell-project/codespell,2019-06-20,2300.0,rank-0,394
Python,https://github.com/codespell-project/codespell,2019-06-21,2301.0,rank-0,395
Python,https://github.com/codespell-project/codespell,2019-06-22,2302.0,rank-0,396
Python,https://github.com/codespell-project/codespell,2019-06-24,2303.0,rank-0,397
Python,https://github.com/codespell-project/codespell,2019-06-25,2305.0,rank-0,399
Python,https://github.com/codespell-project/codespell,2019-06-27,2306.0,rank-0,400
Python,https://github.com/codespell-project/codespell,2019-06-28,2309.0,rank-0,403
Python,https://github.com/codespell-project/codespell,2019-06-29,2310.0,rank-0,404
Python,https://github.com/codespell-project/codespell,2019-07-02,2312.0,rank-0,404
Python,https://github.com/codespell-project/codespell,2019-07-05,2321.0,rank-0,409
Python,https://github.com/codespell-project/codespell,2019-07-06,2325.0,rank-0,409
Python,https://github.com/codespell-project/codespell,2019-07-07,2326.0,rank-0,410
Python,https://github.com/codespell-project/codespell,2019-07-08,2328.0,rank-0,410
Python,https://github.com/codespell-project/codespell,2019-07-11,2329.0,rank-0,410
Python,https://github.com/codespell-project/codespell,2019-07-17,2340.0,rank-0,419
Python,https://github.com/codespell-project/codespell,2019-07-18,2341.0,rank-0,420
Python,https://github.com/codespell-project/codespell,2019-07-23,2342.0,rank-0,420
Python,https://github.com/codespell-project/codespell,2019-07-29,2351.0,rank-0,426
Python,https://github.com/codespell-project/codespell,2019-07-31,2352.0,rank-0,427
Python,https://github.com/codespell-project/codespell,2019-08-06,2357.0,rank-0,431
Python,https://github.com/codespell-project/codespell,2019-08-07,2363.0,rank-0,436
Python,https://github.com/codespell-project/codespell,2019-08-10,2364.0,rank-0,437
Python,https://github.com/codespell-project/codespell,2019-08-12,2365.0,rank-0,438
Python,https://github.com/codespell-project/codespell,2019-08-13,2366.0,rank-0,439
Python,https://github.com/codespell-project/codespell,2019-08-14,2367.0,rank-0,440
Python,https://github.com/codespell-project/codespell,2019-08-16,2372.0,rank-0,443
Python,https://github.com/codespell-project/codespell,2019-08-20,2374.0,rank-0,445
Python,https://github.com/codespell-project/codespell,2019-08-27,2375.0,rank-0,445
Python,https://github.com/codespell-project/codespell,2019-08-29,2382.0,rank-0,448
Python,https://github.com/codespell-project/codespell,2019-08-30,2383.0,rank-0,449
Python,https://github.com/codespell-project/codespell,2019-09-03,2384.0,rank-0,449
Python,https://github.com/codespell-project/codespell,2019-09-09,2387.0,rank-0,449
Python,https://github.com/codespell-project/codespell,2019-09-11,2388.0,rank-0,450
Python,https://github.com/codespell-project/codespell,2019-09-12,2392.0,rank-0,451
Python,https://github.com/codespell-project/codespell,2019-09-13,2395.0,rank-0,453
Python,https://github.com/codespell-project/codespell,2019-09-15,2398.0,rank-0,456
Python,https://github.com/codespell-project/codespell,2019-09-16,2401.0,rank-0,459
Python,https://github.com/codespell-project/codespell,2019-09-18,2403.0,rank-0,461
Python,https://github.com/codespell-project/codespell,2019-09-19,2406.0,rank-0,463
Python,https://github.com/codespell-project/codespell,2019-09-21,2407.0,rank-0,463
Python,https://github.com/codespell-project/codespell,2019-09-23,2408.0,rank-0,463
Python,https://github.com/codespell-project/codespell,2019-09-26,2418.0,rank-0,468
Python,https://github.com/codespell-project/codespell,2019-09-27,2419.0,rank-0,468
Python,https://github.com/codespell-project/codespell,2019-10-03,2420.0,rank-0,469
Python,https://github.com/codespell-project/codespell,2019-10-07,2422.0,rank-0,470
Python,https://github.com/codespell-project/codespell,2019-10-08,2425.0,rank-0,471
Python,https://github.com/codespell-project/codespell,2019-10-09,2427.0,rank-0,471
Python,https://github.com/codespell-project/codespell,2019-10-10,2437.0,rank-0,474
Python,https://github.com/codespell-project/codespell,2019-10-11,2439.0,rank-0,475
Python,https://github.com/codespell-project/codespell,2019-10-12,2446.0,rank-0,482
Python,https://github.com/codespell-project/codespell,2019-10-13,2447.0,rank-0,483
Python,https://github.com/codespell-project/codespell,2019-10-14,2448.0,rank-0,483
Python,https://github.com/codespell-project/codespell,2019-10-15,2453.0,rank-0,486
Python,https://github.com/codespell-project/codespell,2019-10-16,2455.0,rank-0,488
Python,https://github.com/codespell-project/codespell,2019-10-17,2470.0,rank-0,489
Python,https://github.com/codespell-project/codespell,2019-10-18,2471.0,rank-0,490
Python,https://github.com/codespell-project/codespell,2019-10-21,2480.0,rank-0,496
Python,https://github.com/codespell-project/codespell,2019-10-22,2483.0,rank-0,497
Python,https://github.com/codespell-project/codespell,2019-10-23,2485.0,rank-0,499
Python,https://github.com/codespell-project/codespell,2019-10-25,2488.0,rank-0,502
Python,https://github.com/codespell-project/codespell,2019-10-26,2489.0,rank-0,503
Python,https://github.com/codespell-project/codespell,2019-10-27,2490.0,rank-0,503
Python,https://github.com/codespell-project/codespell,2019-11-04,2492.0,rank-0,504
Python,https://github.com/codespell-project/codespell,2019-11-05,2493.0,rank-0,504
Python,https://github.com/codespell-project/codespell,2019-11-06,2494.0,rank-0,504
Python,https://github.com/codespell-project/codespell,2019-11-07,2498.0,rank-0,504
Python,https://github.com/codespell-project/codespell,2019-11-13,2504.0,rank-0,508
Python,https://github.com/codespell-project/codespell,2019-11-15,2505.0,rank-0,508
Python,https://github.com/codespell-project/codespell,2019-11-19,2506.0,rank-0,508
Python,https://github.com/codespell-project/codespell,2019-11-20,2507.0,rank-0,508
Python,https://github.com/codespell-project/codespell,2019-11-21,2508.0,rank-0,508
Python,https://github.com/codespell-project/codespell,2019-11-22,2509.0,rank-0,508
Python,https://github.com/codespell-project/codespell,2019-11-26,2519.0,rank-0,513
Python,https://github.com/codespell-project/codespell,2019-11-27,2521.0,rank-0,513
Python,https://github.com/codespell-project/codespell,2019-11-29,2522.0,rank-0,513
Python,https://github.com/codespell-project/codespell,2019-12-01,2523.0,rank-0,513
Python,https://github.com/codespell-project/codespell,2019-12-02,2525.0,rank-0,514
Python,https://github.com/codespell-project/codespell,2019-12-03,2529.0,rank-0,515
Python,https://github.com/codespell-project/codespell,2019-12-04,2530.0,rank-0,516
Python,https://github.com/codespell-project/codespell,2019-12-05,2533.0,rank-0,518
Python,https://github.com/codespell-project/codespell,2019-12-06,2535.0,rank-0,519
Python,https://github.com/codespell-project/codespell,2019-12-08,2537.0,rank-0,521
Python,https://github.com/codespell-project/codespell,2019-12-10,2540.0,rank-0,522
Python,https://github.com/codespell-project/codespell,2019-12-11,2541.0,rank-0,523
Python,https://github.com/codespell-project/codespell,2019-12-12,2544.0,rank-0,525
Python,https://github.com/codespell-project/codespell,2019-12-13,2545.0,rank-0,526
Python,https://github.com/codespell-project/codespell,2019-12-16,2547.0,rank-0,528
Python,https://github.com/codespell-project/codespell,2019-12-17,2548.0,rank-0,529
Python,https://github.com/codespell-project/codespell,2019-12-18,2565.0,rank-0,534
Python,https://github.com/codespell-project/codespell,2019-12-19,2601.0,rank-0,537
Python,https://github.com/codespell-project/codespell,2019-12-20,2602.0,rank-0,538
Python,https://github.com/codespell-project/codespell,2019-12-21,2603.0,rank-0,538
Python,https://github.com/codespell-project/codespell,2019-12-22,2608.0,rank-0,538
Python,https://github.com/codespell-project/codespell,2019-12-23,2611.0,rank-0,541
Python,https://github.com/codespell-project/codespell,2019-12-25,2612.0,rank-0,542
Python,https://github.com/codespell-project/codespell,2019-12-26,2616.0,rank-0,543
Python,https://github.com/codespell-project/codespell,2019-12-28,2618.0,rank-0,544
Python,https://github.com/codespell-project/codespell,2019-12-29,2619.0,rank-0,544
Python,https://github.com/codespell-project/codespell,2020-01-02,2620.0,rank-0,544
Python,https://github.com/codespell-project/codespell,2020-01-06,2623.0,rank-0,544
Python,https://github.com/codespell-project/codespell,2020-01-08,2624.0,rank-0,545
Python,https://github.com/codespell-project/codespell,2020-01-09,2628.0,rank-0,547
Python,https://github.com/codespell-project/codespell,2020-01-13,2629.0,rank-0,547
Python,https://github.com/codespell-project/codespell,2020-01-14,2632.0,rank-0,549
Python,https://github.com/codespell-project/codespell,2020-01-15,2635.0,rank-0,549
Python,https://github.com/codespell-project/codespell,2020-01-17,2636.0,rank-0,549
Python,https://github.com/codespell-project/codespell,2020-01-18,2637.0,rank-0,549
Python,https://github.com/codespell-project/codespell,2020-01-23,2640.0,rank-0,549
Python,https://github.com/codespell-project/codespell,2020-02-03,2641.0,rank-0,549
Python,https://github.com/codespell-project/codespell,2020-02-05,2643.0,rank-0,549
Python,https://github.com/codespell-project/codespell,2020-02-17,2645.0,rank-0,549
Python,https://github.com/codespell-project/codespell,2020-02-25,2646.0,rank-0,549
Python,https://github.com/codespell-project/codespell,2020-02-28,2647.0,rank-0,549
Python,https://github.com/codespell-project/codespell,2020-03-02,2648.0,rank-0,549
Python,https://github.com/codespell-project/codespell,2020-03-03,2653.0,rank-0,549
Python,https://github.com/codespell-project/codespell,2020-03-04,2655.0,rank-0,549
Python,https://github.com/codespell-project/codespell,2020-03-05,2656.0,rank-0,549
Python,https://github.com/codespell-project/codespell,2020-03-06,2657.0,rank-0,549
Python,https://github.com/codespell-project/codespell,2020-03-07,2658.0,rank-0,550
Python,https://github.com/codespell-project/codespell,2020-03-10,2660.0,rank-0,552
Python,https://github.com/codespell-project/codespell,2020-03-11,2661.0,rank-0,552
Python,https://github.com/codespell-project/codespell,2020-03-12,2662.0,rank-0,553
Python,https://github.com/codespell-project/codespell,2020-03-13,2667.0,rank-0,556
Python,https://github.com/codespell-project/codespell,2020-03-14,2670.0,rank-0,559
Python,https://github.com/codespell-project/codespell,2020-03-15,2673.0,rank-0,561
Python,https://github.com/codespell-project/codespell,2020-03-16,2675.0,rank-0,563
Python,https://github.com/codespell-project/codespell,2020-03-17,2676.0,rank-0,563
Python,https://github.com/codespell-project/codespell,2020-03-19,2677.0,rank-0,563
Python,https://github.com/codespell-project/codespell,2020-03-21,2678.0,rank-0,563
Python,https://github.com/codespell-project/codespell,2020-03-25,2679.0,rank-0,563
Python,https://github.com/codespell-project/codespell,2020-03-26,2684.0,rank-0,563
Python,https://github.com/codespell-project/codespell,2020-03-27,2686.0,rank-0,563
Python,https://github.com/codespell-project/codespell,2020-03-28,2687.0,rank-0,564
Python,https://github.com/codespell-project/codespell,2020-03-29,2689.0,rank-0,566
Python,https://github.com/codespell-project/codespell,2020-03-30,2691.0,rank-0,567
Python,https://github.com/codespell-project/codespell,2020-03-31,2694.0,rank-0,568
Python,https://github.com/codespell-project/codespell,2020-04-01,2696.0,rank-0,569
Python,https://github.com/codespell-project/codespell,2020-04-02,2697.0,rank-0,569
Python,https://github.com/codespell-project/codespell,2020-04-03,2698.0,rank-0,569
Python,https://github.com/codespell-project/codespell,2020-04-04,2702.0,rank-0,573
Python,https://github.com/codespell-project/codespell,2020-04-05,2706.0,rank-0,574
Python,https://github.com/codespell-project/codespell,2020-04-06,2708.0,rank-0,574
Python,https://github.com/codespell-project/codespell,2020-04-07,2711.0,rank-0,574
Python,https://github.com/codespell-project/codespell,2020-04-10,2712.0,rank-0,574
Python,https://github.com/codespell-project/codespell,2020-04-13,2713.0,rank-0,574
Python,https://github.com/codespell-project/codespell,2020-04-15,2714.0,rank-0,574
Python,https://github.com/codespell-project/codespell,2020-04-17,2715.0,rank-0,574
Python,https://github.com/codespell-project/codespell,2020-04-18,2716.0,rank-0,575
Python,https://github.com/codespell-project/codespell,2020-04-19,2717.0,rank-0,575
Python,https://github.com/codespell-project/codespell,2020-04-21,2719.0,rank-0,575
Python,https://github.com/codespell-project/codespell,2020-04-23,2720.0,rank-0,576
Python,https://github.com/codespell-project/codespell,2020-04-24,2726.0,rank-0,581
Python,https://github.com/codespell-project/codespell,2020-04-25,2727.0,rank-0,582
Python,https://github.com/codespell-project/codespell,2020-04-27,2729.0,rank-0,582
Python,https://github.com/codespell-project/codespell,2020-04-29,2731.0,rank-0,583
Python,https://github.com/codespell-project/codespell,2020-04-30,2735.0,rank-0,583
Python,https://github.com/codespell-project/codespell,2020-05-02,2736.0,rank-0,583
Python,https://github.com/codespell-project/codespell,2020-05-06,2737.0,rank-0,583
Python,https://github.com/codespell-project/codespell,2020-05-07,2740.0,rank-0,583
Python,https://github.com/codespell-project/codespell,2020-05-10,2741.0,rank-0,583
Python,https://github.com/codespell-project/codespell,2020-05-11,2745.0,rank-0,583
Python,https://github.com/codespell-project/codespell,2020-05-12,2746.0,rank-0,583
Python,https://github.com/codespell-project/codespell,2020-05-13,2748.0,rank-0,583
Python,https://github.com/codespell-project/codespell,2020-05-14,2749.0,rank-0,583
Python,https://github.com/codespell-project/codespell,2020-05-16,2752.0,rank-0,583
Python,https://github.com/codespell-project/codespell,2020-05-18,2756.0,rank-0,583
Python,https://github.com/codespell-project/codespell,2020-05-19,2757.0,rank-0,583
Python,https://github.com/codespell-project/codespell,2020-05-20,2764.0,rank-0,584
Python,https://github.com/codespell-project/codespell,2020-05-21,2769.0,rank-0,584
Python,https://github.com/codespell-project/codespell,2020-05-22,2777.0,rank-0,584
Python,https://github.com/codespell-project/codespell,2020-05-24,2780.0,rank-0,584
Python,https://github.com/codespell-project/codespell,2020-05-25,2781.0,rank-0,584
Python,https://github.com/codespell-project/codespell,2020-05-26,2783.0,rank-0,584
Python,https://github.com/codespell-project/codespell,2020-05-27,2788.0,rank-0,584
Python,https://github.com/codespell-project/codespell,2020-05-28,2789.0,rank-0,584
Python,https://github.com/codespell-project/codespell,2020-05-29,2790.0,rank-0,584
Python,https://github.com/codespell-project/codespell,2020-05-30,2793.0,rank-0,584
Python,https://github.com/codespell-project/codespell,2020-05-31,2796.0,rank-0,584
Python,https://github.com/codespell-project/codespell,2020-06-01,2797.0,rank-0,584
Python,https://github.com/codespell-project/codespell,2020-06-03,2800.0,rank-0,584
Python,https://github.com/codespell-project/codespell,2020-06-04,2801.0,rank-0,584
Python,https://github.com/codespell-project/codespell,2020-06-05,2804.0,rank-0,585
Python,https://github.com/codespell-project/codespell,2020-06-06,2811.0,rank-0,585
Python,https://github.com/codespell-project/codespell,2020-06-07,2812.0,rank-0,585
Python,https://github.com/codespell-project/codespell,2020-06-08,2816.0,rank-0,585
Python,https://github.com/codespell-project/codespell,2020-06-09,2819.0,rank-0,585
Python,https://github.com/codespell-project/codespell,2020-06-10,2825.0,rank-0,585
Python,https://github.com/codespell-project/codespell,2020-06-11,2829.0,rank-0,585
Python,https://github.com/codespell-project/codespell,2020-06-12,2831.0,rank-0,585
Python,https://github.com/codespell-project/codespell,2020-06-13,2832.0,rank-0,585
Python,https://github.com/codespell-project/codespell,2020-06-14,2835.0,rank-0,587
Python,https://github.com/codespell-project/codespell,2020-06-15,2840.0,rank-0,588
Python,https://github.com/codespell-project/codespell,2020-06-16,2842.0,rank-0,588
Python,https://github.com/codespell-project/codespell,2020-06-17,2848.0,rank-0,588
Python,https://github.com/codespell-project/codespell,2020-06-18,2849.0,rank-0,589
Python,https://github.com/codespell-project/codespell,2020-06-19,2850.0,rank-0,589
Python,https://github.com/codespell-project/codespell,2020-06-20,2856.0,rank-0,589
Python,https://github.com/codespell-project/codespell,2020-06-21,2857.0,rank-0,589
Python,https://github.com/codespell-project/codespell,2020-06-22,2858.0,rank-0,589
Python,https://github.com/codespell-project/codespell,2020-06-24,2859.0,rank-0,589
Python,https://github.com/codespell-project/codespell,2020-06-30,2861.0,rank-0,589
Python,https://github.com/codespell-project/codespell,2020-07-01,2863.0,rank-0,589
Python,https://github.com/codespell-project/codespell,2020-07-02,2864.0,rank-0,589
Python,https://github.com/codespell-project/codespell,2020-07-03,2865.0,rank-0,589
Python,https://github.com/codespell-project/codespell,2020-07-06,2870.0,rank-0,589
Python,https://github.com/codespell-project/codespell,2020-07-07,2876.0,rank-0,589
Python,https://github.com/codespell-project/codespell,2020-07-08,2877.0,rank-0,589
Python,https://github.com/codespell-project/codespell,2020-07-09,2878.0,rank-0,589
Python,https://github.com/codespell-project/codespell,2020-07-10,2879.0,rank-0,589
Python,https://github.com/codespell-project/codespell,2020-07-13,2880.0,rank-0,589
Python,https://github.com/codespell-project/codespell,2020-07-15,2881.0,rank-0,589
Python,https://github.com/codespell-project/codespell,2020-07-16,2883.0,rank-0,589
Python,https://github.com/codespell-project/codespell,2020-07-18,2884.0,rank-0,589
Python,https://github.com/codespell-project/codespell,2020-07-20,2885.0,rank-0,589
Python,https://github.com/codespell-project/codespell,2020-07-21,2888.0,rank-0,589
Python,https://github.com/codespell-project/codespell,2020-07-22,2890.0,rank-0,589
Python,https://github.com/codespell-project/codespell,2020-07-23,2894.0,rank-0,589
Python,https://github.com/codespell-project/codespell,2020-07-24,2895.0,rank-0,589
Python,https://github.com/codespell-project/codespell,2020-07-27,2899.0,rank-0,589
Python,https://github.com/codespell-project/codespell,2020-07-28,2905.0,rank-0,589
Python,https://github.com/codespell-project/codespell,2020-07-29,2906.0,rank-0,589
Python,https://github.com/codespell-project/codespell,2020-07-30,2907.0,rank-0,589
Python,https://github.com/codespell-project/codespell,2020-07-31,2911.0,rank-0,589
Python,https://github.com/codespell-project/codespell,2020-08-01,2912.0,rank-0,589
Python,https://github.com/codespell-project/codespell,2020-08-03,2917.0,rank-0,589
Python,https://github.com/codespell-project/codespell,2020-08-04,2919.0,rank-0,589
Python,https://github.com/codespell-project/codespell,2020-08-05,2921.0,rank-0,589
Python,https://github.com/codespell-project/codespell,2020-08-06,2926.0,rank-0,589
Python,https://github.com/codespell-project/codespell,2020-08-07,2929.0,rank-0,589
Python,https://github.com/codespell-project/codespell,2020-08-08,2930.0,rank-0,589
Python,https://github.com/codespell-project/codespell,2020-08-10,2934.0,rank-0,589
Python,https://github.com/codespell-project/codespell,2020-08-11,2951.0,rank-0,589
Python,https://github.com/codespell-project/codespell,2020-08-12,2958.0,rank-0,589
Python,https://github.com/codespell-project/codespell,2020-08-13,2969.0,rank-0,589
Python,https://github.com/codespell-project/codespell,2020-08-14,2980.0,rank-0,589
Python,https://github.com/codespell-project/codespell,2020-08-15,2981.0,rank-0,589
Python,https://github.com/codespell-project/codespell,2020-08-16,2982.0,rank-0,589
Python,https://github.com/codespell-project/codespell,2020-08-17,2989.0,rank-0,589
Python,https://github.com/codespell-project/codespell,2020-08-18,3012.0,rank-0,589
Python,https://github.com/codespell-project/codespell,2020-08-19,3015.0,rank-0,589
Python,https://github.com/codespell-project/codespell,2020-08-21,3016.0,rank-0,589
Python,https://github.com/codespell-project/codespell,2020-08-24,3019.0,rank-0,589
Python,https://github.com/codespell-project/codespell,2020-08-26,3020.0,rank-0,589
Python,https://github.com/codespell-project/codespell,2020-08-27,3023.0,rank-0,589
Python,https://github.com/codespell-project/codespell,2020-08-28,3036.0,rank-0,589
Python,https://github.com/codespell-project/codespell,2020-08-29,3037.0,rank-0,589
Python,https://github.com/codespell-project/codespell,2020-08-30,3053.0,rank-0,592
Python,https://github.com/codespell-project/codespell,2020-08-31,3066.0,rank-0,592
Python,https://github.com/codespell-project/codespell,2020-09-01,3071.0,rank-0,592
Python,https://github.com/codespell-project/codespell,2020-09-02,3090.0,rank-0,593
Python,https://github.com/codespell-project/codespell,2020-09-03,3102.0,rank-0,593
Python,https://github.com/codespell-project/codespell,2020-09-04,3105.0,rank-0,593
Python,https://github.com/codespell-project/codespell,2020-09-05,3109.0,rank-0,593
Python,https://github.com/codespell-project/codespell,2020-09-08,3110.0,rank-0,593
Python,https://github.com/codespell-project/codespell,2020-09-13,3111.0,rank-0,594
Python,https://github.com/codespell-project/codespell,2020-09-14,3119.0,rank-0,594
Python,https://github.com/codespell-project/codespell,2020-09-21,3133.0,rank-0,594
Python,https://github.com/codespell-project/codespell,2020-09-22,3153.0,rank-0,594
Python,https://github.com/codespell-project/codespell,2020-09-23,3179.0,rank-0,594
Python,https://github.com/codespell-project/codespell,2020-09-24,3183.0,rank-0,594
Python,https://github.com/codespell-project/codespell,2020-09-26,3185.0,rank-0,594
Python,https://github.com/codespell-project/codespell,2020-09-27,3186.0,rank-0,594
Python,https://github.com/codespell-project/codespell,2020-09-28,3190.0,rank-0,594
Python,https://github.com/codespell-project/codespell,2020-10-01,3193.0,rank-0,594
Python,https://github.com/codespell-project/codespell,2020-10-02,3209.0,rank-0,594
Python,https://github.com/codespell-project/codespell,2020-10-03,3210.0,rank-0,594
Python,https://github.com/codespell-project/codespell,2020-10-07,3212.0,rank-0,594
Python,https://github.com/codespell-project/codespell,2020-10-12,3214.0,rank-0,594
Python,https://github.com/codespell-project/codespell,2020-10-13,3215.0,rank-0,594
Python,https://github.com/codespell-project/codespell,2020-10-14,3218.0,rank-0,596
Python,https://github.com/codespell-project/codespell,2020-10-17,3221.0,rank-0,596
Python,https://github.com/codespell-project/codespell,2020-10-20,3222.0,rank-0,596
Python,https://github.com/codespell-project/codespell,2020-10-21,3225.0,rank-0,599
Python,https://github.com/codespell-project/codespell,2020-10-22,3232.0,rank-0,605
Python,https://github.com/codespell-project/codespell,2020-10-23,3236.0,rank-0,605
Python,https://github.com/codespell-project/codespell,2020-10-24,3240.0,rank-0,605
Python,https://github.com/codespell-project/codespell,2020-10-27,3246.0,rank-0,605
Python,https://github.com/codespell-project/codespell,2020-10-28,3249.0,rank-0,606
Python,https://github.com/codespell-project/codespell,2020-10-29,3254.0,rank-0,610
Python,https://github.com/codespell-project/codespell,2020-11-03,3275.0,rank-0,616
Python,https://github.com/codespell-project/codespell,2020-11-04,3276.0,rank-0,616
Python,https://github.com/codespell-project/codespell,2020-11-05,3279.0,rank-0,618
Python,https://github.com/codespell-project/codespell,2020-11-06,3281.0,rank-0,618
Python,https://github.com/codespell-project/codespell,2020-11-09,3285.0,rank-0,621
Python,https://github.com/codespell-project/codespell,2020-11-18,3308.0,rank-0,631
Python,https://github.com/codespell-project/codespell,2020-11-19,3313.0,rank-0,634
Python,https://github.com/codespell-project/codespell,2020-11-20,3316.0,rank-0,635
Python,https://github.com/codespell-project/codespell,2020-11-23,3325.0,rank-0,640
Python,https://github.com/codespell-project/codespell,2020-11-24,3326.0,rank-0,641
Python,https://github.com/codespell-project/codespell,2020-11-30,3329.0,rank-0,643
Python,https://github.com/codespell-project/codespell,2020-12-01,3338.0,rank-0,646
Python,https://github.com/codespell-project/codespell,2020-12-02,3341.0,rank-0,646
Python,https://github.com/codespell-project/codespell,2020-12-04,3345.0,rank-0,647
Python,https://github.com/codespell-project/codespell,2020-12-08,3359.0,rank-0,652
Python,https://github.com/codespell-project/codespell,2020-12-09,3372.0,rank-0,653
Python,https://github.com/codespell-project/codespell,2020-12-10,3375.0,rank-0,653
Python,https://github.com/codespell-project/codespell,2020-12-11,3381.0,rank-0,653
Python,https://github.com/codespell-project/codespell,2020-12-14,3387.0,rank-0,655
Python,https://github.com/codespell-project/codespell,2020-12-15,3390.0,rank-0,657
Python,https://github.com/codespell-project/codespell,2020-12-18,3391.0,rank-0,657
Python,https://github.com/codespell-project/codespell,2020-12-19,3392.0,rank-0,657
Python,https://github.com/codespell-project/codespell,2020-12-21,3396.0,rank-0,659
Python,https://github.com/codespell-project/codespell,2020-12-23,3399.0,rank-0,659
Python,https://github.com/codespell-project/codespell,2020-12-26,3400.0,rank-0,660
Python,https://github.com/codespell-project/codespell,2020-12-28,3406.0,rank-0,662
Python,https://github.com/codespell-project/codespell,2020-12-29,3410.0,rank-0,665
Python,https://github.com/codespell-project/codespell,2020-12-30,3411.0,rank-0,665
Python,https://github.com/codespell-project/codespell,2020-12-31,3412.0,rank-0,665
Python,https://github.com/codespell-project/codespell,2021-01-01,3414.0,rank-0,665
Python,https://github.com/codespell-project/codespell,2021-01-02,3415.0,rank-0,666
Python,https://github.com/codespell-project/codespell,2021-01-03,3416.0,rank-0,666
Python,https://github.com/codespell-project/codespell,2021-01-04,3418.0,rank-0,666
Python,https://github.com/codespell-project/codespell,2021-01-06,3424.0,rank-0,672
Python,https://github.com/codespell-project/codespell,2021-01-09,3430.0,rank-0,672
Python,https://github.com/codespell-project/codespell,2021-01-10,3433.0,rank-0,672
Python,https://github.com/codespell-project/codespell,2021-01-11,3437.0,rank-0,675
Python,https://github.com/codespell-project/codespell,2021-01-14,3446.0,rank-0,676
Python,https://github.com/codespell-project/codespell,2021-01-15,3447.0,rank-0,676
Python,https://github.com/codespell-project/codespell,2021-01-18,3449.0,rank-0,676
Python,https://github.com/codespell-project/codespell,2021-01-19,3452.0,rank-0,676
Python,https://github.com/codespell-project/codespell,2021-01-20,3454.0,rank-0,676
Python,https://github.com/codespell-project/codespell,2021-01-21,3455.0,rank-0,676
Python,https://github.com/codespell-project/codespell,2021-01-22,3458.0,rank-0,679
Python,https://github.com/codespell-project/codespell,2021-01-23,3461.0,rank-0,682
Python,https://github.com/codespell-project/codespell,2021-01-24,3464.0,rank-0,683
Python,https://github.com/codespell-project/codespell,2021-01-29,3465.0,rank-0,684
Python,https://github.com/codespell-project/codespell,2021-01-30,3467.0,rank-0,686
Python,https://github.com/codespell-project/codespell,2021-02-02,3469.0,rank-0,687
Python,https://github.com/codespell-project/codespell,2021-02-04,3470.0,rank-0,688
Python,https://github.com/codespell-project/codespell,2021-02-05,3471.0,rank-0,689
Python,https://github.com/codespell-project/codespell,2021-02-06,3472.0,rank-0,690
Python,https://github.com/codespell-project/codespell,2021-02-08,3474.0,rank-0,690
Python,https://github.com/codespell-project/codespell,2021-02-11,3478.0,rank-0,694
Python,https://github.com/codespell-project/codespell,2021-02-12,3479.0,rank-0,695
Python,https://github.com/codespell-project/codespell,2021-02-19,3501.0,rank-0,697
Python,https://github.com/codespell-project/codespell,2021-02-20,3509.0,rank-0,702
Python,https://github.com/codespell-project/codespell,2021-02-23,3510.0,rank-0,702
Python,https://github.com/codespell-project/codespell,2021-02-24,3512.0,rank-0,702
Python,https://github.com/codespell-project/codespell,2021-02-25,3513.0,rank-0,702
Python,https://github.com/codespell-project/codespell,2021-02-27,3515.0,rank-0,702
Python,https://github.com/codespell-project/codespell,2021-02-28,3516.0,rank-0,703
Python,https://github.com/codespell-project/codespell,2021-03-01,3519.0,rank-0,703
Python,https://github.com/codespell-project/codespell,2021-03-06,3520.0,rank-0,703
Python,https://github.com/codespell-project/codespell,2021-03-15,3521.0,rank-0,703
Python,https://github.com/codespell-project/codespell,2021-03-22,3523.0,rank-0,703
Python,https://github.com/codespell-project/codespell,2021-03-24,3524.0,rank-0,703
Python,https://github.com/codespell-project/codespell,2021-03-25,3525.0,rank-0,703
Python,https://github.com/codespell-project/codespell,2021-03-26,3526.0,rank-0,703
Python,https://github.com/codespell-project/codespell,2021-03-31,3528.0,rank-0,703
Python,https://github.com/codespell-project/codespell,2021-04-05,3530.0,rank-0,703
Python,https://github.com/codespell-project/codespell,2021-04-06,3532.0,rank-0,703
Python,https://github.com/codespell-project/codespell,2021-04-07,3533.0,rank-0,703
Python,https://github.com/codespell-project/codespell,2021-04-11,3535.0,rank-0,703
Python,https://github.com/codespell-project/codespell,2021-04-14,3540.0,rank-0,703
Python,https://github.com/codespell-project/codespell,2021-04-15,3542.0,rank-0,703
Python,https://github.com/codespell-project/codespell,2021-04-16,3545.0,rank-0,703
Python,https://github.com/codespell-project/codespell,2021-04-20,3546.0,rank-0,703
Python,https://github.com/codespell-project/codespell,2021-04-26,3547.0,rank-0,703
Python,https://github.com/codespell-project/codespell,2021-05-04,3548.0,rank-0,703
Python,https://github.com/codespell-project/codespell,2021-05-07,3549.0,rank-0,703
Python,https://github.com/codespell-project/codespell,2021-05-08,3553.0,rank-0,703
Python,https://github.com/codespell-project/codespell,2021-05-20,3554.0,rank-0,704
Python,https://github.com/codespell-project/codespell,2021-05-28,3555.0,rank-0,704
Python,https://github.com/codespell-project/codespell,2021-06-01,3561.0,rank-0,704
Python,https://github.com/codespell-project/codespell,2021-06-02,3563.0,rank-0,704
Python,https://github.com/codespell-project/codespell,2021-06-10,3566.0,rank-0,704
Python,https://github.com/codespell-project/codespell,2021-06-11,3582.0,rank-0,716
Python,https://github.com/codespell-project/codespell,2021-06-12,3592.0,rank-0,723
Python,https://github.com/codespell-project/codespell,2021-06-13,3609.0,rank-0,727
Python,https://github.com/codespell-project/codespell,2021-06-14,3637.0,rank-0,727
Python,https://github.com/codespell-project/codespell,2021-06-15,3640.0,rank-0,728
Python,https://github.com/codespell-project/codespell,2021-06-16,3642.0,rank-0,729
Python,https://github.com/codespell-project/codespell,2021-06-17,3643.0,rank-0,729
Python,https://github.com/codespell-project/codespell,2021-06-18,3645.0,rank-0,729
Python,https://github.com/codespell-project/codespell,2021-06-20,3647.0,rank-0,730
Python,https://github.com/codespell-project/codespell,2021-06-22,3650.0,rank-0,733
Python,https://github.com/codespell-project/codespell,2021-06-24,3651.0,rank-0,733
Python,https://github.com/codespell-project/codespell,2021-06-29,3653.0,rank-0,733
Python,https://github.com/codespell-project/codespell,2021-07-02,3654.0,rank-0,734
Python,https://github.com/codespell-project/codespell,2021-07-05,3660.0,rank-0,735
Python,https://github.com/codespell-project/codespell,2021-07-08,3661.0,rank-0,736
Python,https://github.com/codespell-project/codespell,2021-07-14,3663.0,rank-0,736
Python,https://github.com/codespell-project/codespell,2021-07-15,3664.0,rank-0,737
Python,https://github.com/codespell-project/codespell,2021-07-16,3665.0,rank-0,738
Python,https://github.com/codespell-project/codespell,2021-07-17,3669.0,rank-0,740
Python,https://github.com/codespell-project/codespell,2021-07-18,3670.0,rank-0,740
Python,https://github.com/codespell-project/codespell,2021-07-20,3672.0,rank-0,740
Python,https://github.com/codespell-project/codespell,2021-07-21,3675.0,rank-0,741
Python,https://github.com/codespell-project/codespell,2021-07-23,3677.0,rank-0,741
Python,https://github.com/codespell-project/codespell,2021-07-26,3678.0,rank-0,741
Python,https://github.com/codespell-project/codespell,2021-07-27,3681.0,rank-0,742
Python,https://github.com/codespell-project/codespell,2021-07-29,3682.0,rank-0,743
Python,https://github.com/codespell-project/codespell,2021-08-01,3684.0,rank-0,745
Python,https://github.com/codespell-project/codespell,2021-08-02,3685.0,rank-0,745
Python,https://github.com/codespell-project/codespell,2021-08-03,3687.0,rank-0,746
Python,https://github.com/codespell-project/codespell,2021-08-04,3688.0,rank-0,746
Python,https://github.com/codespell-project/codespell,2021-08-08,3689.0,rank-0,746
Python,https://github.com/codespell-project/codespell,2021-08-09,3690.0,rank-0,746
Python,https://github.com/codespell-project/codespell,2021-08-12,3691.0,rank-0,746
Python,https://github.com/codespell-project/codespell,2021-08-20,3692.0,rank-0,746
Python,https://github.com/codespell-project/codespell,2021-08-22,3700.0,rank-0,754
Python,https://github.com/codespell-project/codespell,2021-08-25,3703.0,rank-0,757
Python,https://github.com/codespell-project/codespell,2021-08-27,3707.0,rank-0,761
Python,https://github.com/codespell-project/codespell,2021-08-28,3708.0,rank-0,762
Python,https://github.com/codespell-project/codespell,2021-08-30,3711.0,rank-0,764
Python,https://github.com/codespell-project/codespell,2021-08-31,3712.0,rank-0,764
Python,https://github.com/codespell-project/codespell,2021-09-01,3713.0,rank-0,764
Python,https://github.com/codespell-project/codespell,2021-09-03,3715.0,rank-0,766
Python,https://github.com/codespell-project/codespell,2021-09-07,3716.0,rank-0,767
Python,https://github.com/codespell-project/codespell,2021-09-09,3718.0,rank-0,767
Python,https://github.com/codespell-project/codespell,2021-09-10,3719.0,rank-0,767
Python,https://github.com/codespell-project/codespell,2021-09-13,3721.0,rank-0,767
Python,https://github.com/codespell-project/codespell,2021-09-14,3722.0,rank-0,767
Python,https://github.com/codespell-project/codespell,2021-09-15,3723.0,rank-0,767
Python,https://github.com/codespell-project/codespell,2021-09-16,3725.0,rank-0,767
Python,https://github.com/codespell-project/codespell,2021-09-21,3728.0,rank-0,767
Python,https://github.com/codespell-project/codespell,2021-09-22,3732.0,rank-0,767
Python,https://github.com/codespell-project/codespell,2021-09-23,3738.0,rank-0,767
Python,https://github.com/codespell-project/codespell,2021-09-29,3740.0,rank-0,767
Python,https://github.com/codespell-project/codespell,2021-09-30,3741.0,rank-0,767
Python,https://github.com/codespell-project/codespell,2021-10-04,3742.0,rank-0,767
Python,https://github.com/codespell-project/codespell,2021-10-05,3744.0,rank-0,767
Python,https://github.com/codespell-project/codespell,2021-10-06,3745.0,rank-0,768
Python,https://github.com/codespell-project/codespell,2021-10-07,3747.0,rank-0,769
Python,https://github.com/codespell-project/codespell,2021-10-10,3752.0,rank-0,769
Python,https://github.com/codespell-project/codespell,2021-10-11,3756.0,rank-0,769
Python,https://github.com/codespell-project/codespell,2021-10-12,3758.0,rank-0,769
Python,https://github.com/codespell-project/codespell,2021-10-15,3761.0,rank-0,769
Python,https://github.com/codespell-project/codespell,2021-10-16,3762.0,rank-0,769
Python,https://github.com/codespell-project/codespell,2021-10-18,3763.0,rank-0,769
Python,https://github.com/codespell-project/codespell,2021-10-21,3771.0,rank-0,771
Python,https://github.com/codespell-project/codespell,2021-10-22,3773.0,rank-0,771
Python,https://github.com/codespell-project/codespell,2021-10-23,3774.0,rank-0,771
Python,https://github.com/codespell-project/codespell,2021-10-24,3775.0,rank-0,771
Python,https://github.com/codespell-project/codespell,2021-10-25,3781.0,rank-0,774
Python,https://github.com/codespell-project/codespell,2021-10-26,3783.0,rank-0,775
Python,https://github.com/codespell-project/codespell,2021-10-27,3786.0,rank-0,776
Python,https://github.com/codespell-project/codespell,2021-10-29,3787.0,rank-0,777
Python,https://github.com/codespell-project/codespell,2021-10-30,3790.0,rank-0,780
Python,https://github.com/codespell-project/codespell,2021-10-31,3791.0,rank-0,781
Python,https://github.com/codespell-project/codespell,2021-11-01,3795.0,rank-0,785
Python,https://github.com/codespell-project/codespell,2021-11-02,3797.0,rank-0,786
Python,https://github.com/codespell-project/codespell,2021-11-03,3799.0,rank-0,787
Python,https://github.com/codespell-project/codespell,2021-11-04,3800.0,rank-0,787
Python,https://github.com/codespell-project/codespell,2021-11-10,3806.0,rank-0,790
Python,https://github.com/codespell-project/codespell,2021-11-11,3816.0,rank-0,790
Python,https://github.com/codespell-project/codespell,2021-11-12,3820.0,rank-0,790
Python,https://github.com/codespell-project/codespell,2021-11-13,3827.0,rank-0,790
Python,https://github.com/codespell-project/codespell,2021-11-16,3837.0,rank-0,791
Python,https://github.com/codespell-project/codespell,2021-11-17,3838.0,rank-0,791
Python,https://github.com/codespell-project/codespell,2021-11-18,3842.0,rank-0,793
Python,https://github.com/codespell-project/codespell,2021-11-22,3844.0,rank-0,793
Python,https://github.com/codespell-project/codespell,2021-11-23,3845.0,rank-0,793
Python,https://github.com/codespell-project/codespell,2021-11-24,3848.0,rank-0,793
Python,https://github.com/codespell-project/codespell,2021-11-27,3858.0,rank-0,793
Python,https://github.com/codespell-project/codespell,2021-11-29,3859.0,rank-0,793
Python,https://github.com/codespell-project/codespell,2021-11-30,3860.0,rank-0,793
Python,https://github.com/codespell-project/codespell,2021-12-01,3861.0,rank-0,793
Python,https://github.com/codespell-project/codespell,2021-12-02,3868.0,rank-0,793
Python,https://github.com/codespell-project/codespell,2021-12-03,3873.0,rank-0,793
Python,https://github.com/codespell-project/codespell,2021-12-04,3882.0,rank-0,798
Python,https://github.com/codespell-project/codespell,2021-12-05,3884.0,rank-0,798
Python,https://github.com/codespell-project/codespell,2021-12-06,3886.0,rank-0,798
Python,https://github.com/codespell-project/codespell,2021-12-10,3890.0,rank-0,800
Python,https://github.com/codespell-project/codespell,2021-12-16,3891.0,rank-0,801
Python,https://github.com/codespell-project/codespell,2021-12-17,3892.0,rank-0,801
Python,https://github.com/codespell-project/codespell,2021-12-20,3893.0,rank-0,801
Python,https://github.com/codespell-project/codespell,2021-12-21,3895.0,rank-0,801
Python,https://github.com/codespell-project/codespell,2021-12-22,3898.0,rank-0,801
Python,https://github.com/codespell-project/codespell,2021-12-23,3899.0,rank-0,802
Python,https://github.com/codespell-project/codespell,2021-12-24,3904.0,rank-0,804
Python,https://github.com/codespell-project/codespell,2021-12-26,3907.0,rank-0,806
Python,https://github.com/codespell-project/codespell,2021-12-27,3908.0,rank-0,806
Python,https://github.com/codespell-project/codespell,2021-12-29,3915.0,rank-0,808
Python,https://github.com/codespell-project/codespell,2021-12-30,3917.0,rank-0,809
Python,https://github.com/codespell-project/codespell,2022-01-01,3919.0,rank-0,811
Python,https://github.com/codespell-project/codespell,2022-01-02,3923.0,rank-0,815
Python,https://github.com/codespell-project/codespell,2022-01-03,3928.0,rank-0,816
Python,https://github.com/codespell-project/codespell,2022-01-07,3929.0,rank-0,816
Python,https://github.com/codespell-project/codespell,2022-01-08,3930.0,rank-0,817
Python,https://github.com/codespell-project/codespell,2022-01-10,3932.0,rank-0,817
Python,https://github.com/codespell-project/codespell,2022-01-12,3934.0,rank-0,817
Python,https://github.com/codespell-project/codespell,2022-01-13,3936.0,rank-0,817
Python,https://github.com/codespell-project/codespell,2022-01-14,3938.0,rank-0,817
Python,https://github.com/codespell-project/codespell,2022-01-15,3940.0,rank-0,817
Python,https://github.com/codespell-project/codespell,2022-01-16,3941.0,rank-0,817
Python,https://github.com/codespell-project/codespell,2022-01-17,3942.0,rank-0,817
Python,https://github.com/codespell-project/codespell,2022-01-18,3943.0,rank-0,817
Python,https://github.com/codespell-project/codespell,2022-01-19,3947.0,rank-0,817
Python,https://github.com/codespell-project/codespell,2022-01-20,3950.0,rank-0,817
Python,https://github.com/codespell-project/codespell,2022-01-21,3952.0,rank-0,817
Python,https://github.com/codespell-project/codespell,2022-01-24,3954.0,rank-0,817
Python,https://github.com/codespell-project/codespell,2022-01-25,3955.0,rank-0,817
Python,https://github.com/codespell-project/codespell,2022-01-26,3959.0,rank-0,817
Python,https://github.com/codespell-project/codespell,2022-01-27,3965.0,rank-0,817
Python,https://github.com/codespell-project/codespell,2022-01-28,3966.0,rank-0,818
Python,https://github.com/codespell-project/codespell,2022-01-29,3967.0,rank-0,819
Python,https://github.com/codespell-project/codespell,2022-01-30,3968.0,rank-0,820
Python,https://github.com/codespell-project/codespell,2022-02-01,3972.0,rank-0,820
Python,https://github.com/codespell-project/codespell,2022-02-02,3975.0,rank-0,822
Python,https://github.com/codespell-project/codespell,2022-02-03,3977.0,rank-0,823
Python,https://github.com/codespell-project/codespell,2022-02-04,3978.0,rank-0,824
Python,https://github.com/codespell-project/codespell,2022-02-05,3985.0,rank-0,824
Python,https://github.com/codespell-project/codespell,2022-02-06,3987.0,rank-0,826
Python,https://github.com/codespell-project/codespell,2022-02-07,3991.0,rank-0,826
Python,https://github.com/codespell-project/codespell,2022-02-08,3992.0,rank-0,826
Python,https://github.com/codespell-project/codespell,2022-02-09,3994.0,rank-0,826
Python,https://github.com/codespell-project/codespell,2022-02-10,3995.0,rank-0,826
Python,https://github.com/codespell-project/codespell,2022-02-13,3996.0,rank-0,826
Python,https://github.com/codespell-project/codespell,2022-02-14,4002.0,rank-0,826
Python,https://github.com/codespell-project/codespell,2022-02-15,4003.0,rank-0,826
Python,https://github.com/codespell-project/codespell,2022-02-16,4008.0,rank-0,826
Python,https://github.com/codespell-project/codespell,2022-02-17,4009.0,rank-0,826
Python,https://github.com/codespell-project/codespell,2022-02-18,4011.0,rank-0,826
Python,https://github.com/codespell-project/codespell,2022-02-21,4014.0,rank-0,826
Python,https://github.com/codespell-project/codespell,2022-02-23,4019.0,rank-0,826
Python,https://github.com/codespell-project/codespell,2022-02-24,4021.0,rank-0,826
Python,https://github.com/codespell-project/codespell,2022-02-25,4025.0,rank-0,826
Python,https://github.com/codespell-project/codespell,2022-02-26,4026.0,rank-0,826
Python,https://github.com/codespell-project/codespell,2022-02-27,4028.0,rank-0,826
Python,https://github.com/codespell-project/codespell,2022-02-28,4029.0,rank-0,826
Python,https://github.com/codespell-project/codespell,2022-03-01,4031.0,rank-0,827
Python,https://github.com/codespell-project/codespell,2022-03-02,4035.0,rank-0,827
Python,https://github.com/codespell-project/codespell,2022-03-03,4037.0,rank-0,827
Python,https://github.com/codespell-project/codespell,2022-03-04,4039.0,rank-0,827
Python,https://github.com/codespell-project/codespell,2022-03-07,4040.0,rank-0,827
Python,https://github.com/codespell-project/codespell,2022-03-10,4041.0,rank-0,827
Python,https://github.com/codespell-project/codespell,2022-03-14,4043.0,rank-0,827
Python,https://github.com/codespell-project/codespell,2022-03-15,4044.0,rank-0,827
Python,https://github.com/codespell-project/codespell,2022-03-16,4046.0,rank-0,827
Python,https://github.com/codespell-project/codespell,2022-03-17,4047.0,rank-0,827
Python,https://github.com/codespell-project/codespell,2022-03-18,4048.0,rank-0,827
Python,https://github.com/codespell-project/codespell,2022-03-20,4051.0,rank-0,827
Python,https://github.com/codespell-project/codespell,2022-03-21,4058.0,rank-0,827
Python,https://github.com/codespell-project/codespell,2022-03-23,4059.0,rank-0,827
Python,https://github.com/codespell-project/codespell,2022-03-25,4060.0,rank-0,827
Python,https://github.com/codespell-project/codespell,2022-03-26,4063.0,rank-0,827
Python,https://github.com/codespell-project/codespell,2022-03-28,4064.0,rank-0,827
Python,https://github.com/codespell-project/codespell,2022-03-30,4065.0,rank-0,827
Python,https://github.com/codespell-project/codespell,2022-04-02,4067.0,rank-0,827
Python,https://github.com/codespell-project/codespell,2022-04-04,4069.0,rank-0,827
Python,https://github.com/codespell-project/codespell,2022-04-05,4070.0,rank-0,827
Python,https://github.com/codespell-project/codespell,2022-04-08,4071.0,rank-0,827
Python,https://github.com/codespell-project/codespell,2022-04-12,4072.0,rank-0,827
Python,https://github.com/codespell-project/codespell,2022-04-14,4074.0,rank-0,827
Python,https://github.com/codespell-project/codespell,2022-04-18,4076.0,rank-0,827
Python,https://github.com/codespell-project/codespell,2022-04-24,4084.0,rank-0,827
Python,https://github.com/codespell-project/codespell,2022-04-26,4085.0,rank-0,827
Python,https://github.com/codespell-project/codespell,2022-04-29,4089.0,rank-0,827
Python,https://github.com/codespell-project/codespell,2022-04-30,4091.0,rank-0,828
Python,https://github.com/codespell-project/codespell,2022-05-04,4092.0,rank-0,828
Python,https://github.com/codespell-project/codespell,2022-05-05,4093.0,rank-0,829
Python,https://github.com/codespell-project/codespell,2022-05-06,4096.0,rank-0,829
Python,https://github.com/codespell-project/codespell,2022-05-08,4099.0,rank-0,830
Python,https://github.com/codespell-project/codespell,2022-05-10,4101.0,rank-0,830
Python,https://github.com/codespell-project/codespell,2022-05-24,4102.0,rank-0,830
Python,https://github.com/codespell-project/codespell,2022-05-26,4103.0,rank-0,830
Python,https://github.com/codespell-project/codespell,2022-06-03,4104.0,rank-0,830
Python,https://github.com/codespell-project/codespell,2022-06-06,4108.0,rank-0,832
Python,https://github.com/codespell-project/codespell,2022-06-09,4118.0,rank-0,837
Python,https://github.com/codespell-project/codespell,2022-06-10,4119.0,rank-0,838
Python,https://github.com/codespell-project/codespell,2022-06-12,4121.0,rank-0,838
Python,https://github.com/codespell-project/codespell,2022-06-13,4124.0,rank-0,838
Python,https://github.com/codespell-project/codespell,2022-06-14,4126.0,rank-0,839
Python,https://github.com/codespell-project/codespell,2022-06-16,4127.0,rank-0,839
Python,https://github.com/codespell-project/codespell,2022-06-17,4128.0,rank-0,839
Python,https://github.com/codespell-project/codespell,2022-06-22,4130.0,rank-0,839
Python,https://github.com/codespell-project/codespell,2022-06-23,4135.0,rank-0,839
Python,https://github.com/codespell-project/codespell,2022-06-25,4138.0,rank-0,839
Python,https://github.com/codespell-project/codespell,2022-06-26,4140.0,rank-0,841
Python,https://github.com/codespell-project/codespell,2022-06-27,4142.0,rank-0,842
Python,https://github.com/codespell-project/codespell,2022-07-01,4143.0,rank-0,843
Python,https://github.com/codespell-project/codespell,2022-07-04,4146.0,rank-0,843
Python,https://github.com/codespell-project/codespell,2022-07-05,4148.0,rank-0,843
Python,https://github.com/codespell-project/codespell,2022-07-07,4149.0,rank-0,843
Python,https://github.com/codespell-project/codespell,2022-07-09,4154.0,rank-0,843
Python,https://github.com/codespell-project/codespell,2022-07-10,4156.0,rank-0,843
Python,https://github.com/codespell-project/codespell,2022-07-12,4158.0,rank-0,845
Python,https://github.com/codespell-project/codespell,2022-07-13,4159.0,rank-0,845
Python,https://github.com/codespell-project/codespell,2022-07-14,4161.0,rank-0,845
Python,https://github.com/codespell-project/codespell,2022-07-17,4163.0,rank-0,845
Python,https://github.com/codespell-project/codespell,2022-07-19,4167.0,rank-0,847
Python,https://github.com/codespell-project/codespell,2022-07-20,4170.0,rank-0,849
Python,https://github.com/codespell-project/codespell,2022-07-21,4171.0,rank-0,849
Python,https://github.com/codespell-project/codespell,2022-07-23,4172.0,rank-0,850
Python,https://github.com/codespell-project/codespell,2022-07-28,4174.0,rank-0,851
Python,https://github.com/codespell-project/codespell,2022-07-29,4175.0,rank-0,852
Python,https://github.com/codespell-project/codespell,2022-07-30,4176.0,rank-0,853
Python,https://github.com/codespell-project/codespell,2022-07-31,4177.0,rank-0,854
Python,https://github.com/codespell-project/codespell,2022-08-01,4180.0,rank-0,855
Python,https://github.com/codespell-project/codespell,2022-08-02,4182.0,rank-0,857
Python,https://github.com/codespell-project/codespell,2022-08-03,4188.0,rank-0,861
Python,https://github.com/codespell-project/codespell,2022-08-04,4194.0,rank-0,867
Python,https://github.com/codespell-project/codespell,2022-08-09,4198.0,rank-0,871
Python,https://github.com/codespell-project/codespell,2022-08-10,4203.0,rank-0,875
Python,https://github.com/codespell-project/codespell,2022-08-13,4204.0,rank-0,875
Python,https://github.com/codespell-project/codespell,2022-08-16,4205.0,rank-0,876
Python,https://github.com/codespell-project/codespell,2022-08-17,4209.0,rank-0,877
Python,https://github.com/codespell-project/codespell,2022-08-18,4214.0,rank-0,877
Python,https://github.com/codespell-project/codespell,2022-08-19,4220.0,rank-0,877
Python,https://github.com/codespell-project/codespell,2022-08-20,4222.0,rank-0,877
Python,https://github.com/codespell-project/codespell,2022-08-21,4223.0,rank-0,877
Python,https://github.com/codespell-project/codespell,2022-08-23,4225.0,rank-0,877
Python,https://github.com/codespell-project/codespell,2022-08-24,4228.0,rank-0,877
Python,https://github.com/codespell-project/codespell,2022-08-25,4229.0,rank-0,877
Python,https://github.com/codespell-project/codespell,2022-08-26,4230.0,rank-0,877
Python,https://github.com/codespell-project/codespell,2022-08-27,4233.0,rank-0,877
Python,https://github.com/codespell-project/codespell,2022-08-29,4236.0,rank-0,879
Python,https://github.com/codespell-project/codespell,2022-08-30,4237.0,rank-0,879
Python,https://github.com/codespell-project/codespell,2022-08-31,4239.0,rank-0,879
Python,https://github.com/codespell-project/codespell,2022-09-01,4241.0,rank-0,879
Python,https://github.com/codespell-project/codespell,2022-09-04,4242.0,rank-0,880
Python,https://github.com/codespell-project/codespell,2022-09-06,4243.0,rank-0,880
Python,https://github.com/codespell-project/codespell,2022-09-07,4245.0,rank-0,880
Python,https://github.com/codespell-project/codespell,2022-09-08,4246.0,rank-0,880
Python,https://github.com/codespell-project/codespell,2022-09-10,4247.0,rank-0,880
Python,https://github.com/codespell-project/codespell,2022-09-11,4252.0,rank-0,880
Python,https://github.com/codespell-project/codespell,2022-09-12,4253.0,rank-0,880
Python,https://github.com/codespell-project/codespell,2022-09-14,4254.0,rank-0,880
Python,https://github.com/codespell-project/codespell,2022-09-16,4255.0,rank-0,880
Python,https://github.com/codespell-project/codespell,2022-09-18,4256.0,rank-0,880
Python,https://github.com/codespell-project/codespell,2022-09-25,4257.0,rank-0,880
Python,https://github.com/codespell-project/codespell,2022-09-26,4261.0,rank-0,880
Python,https://github.com/codespell-project/codespell,2022-10-03,4264.0,rank-0,880
Python,https://github.com/codespell-project/codespell,2022-10-04,4267.0,rank-0,880
Python,https://github.com/codespell-project/codespell,2022-10-05,4277.0,rank-0,880
Python,https://github.com/codespell-project/codespell,2022-10-06,4280.0,rank-0,880
Python,https://github.com/codespell-project/codespell,2022-10-08,4281.0,rank-0,880
Python,https://github.com/codespell-project/codespell,2022-10-11,4286.0,rank-0,880
Python,https://github.com/codespell-project/codespell,2022-10-12,4288.0,rank-0,880
Python,https://github.com/codespell-project/codespell,2022-10-14,4295.0,rank-0,880
Python,https://github.com/codespell-project/codespell,2022-10-16,4296.0,rank-0,880
Python,https://github.com/codespell-project/codespell,2022-10-17,4305.0,rank-0,880
Python,https://github.com/codespell-project/codespell,2022-10-18,4309.0,rank-0,880
Python,https://github.com/codespell-project/codespell,2022-10-19,4317.0,rank-0,880
Python,https://github.com/codespell-project/codespell,2022-10-20,4320.0,rank-0,880
Python,https://github.com/codespell-project/codespell,2022-10-21,4321.0,rank-0,880
Python,https://github.com/codespell-project/codespell,2022-10-23,4329.0,rank-0,881
Python,https://github.com/codespell-project/codespell,2022-10-24,4331.0,rank-0,881
Python,https://github.com/codespell-project/codespell,2022-10-25,4332.0,rank-0,881
Python,https://github.com/codespell-project/codespell,2022-10-26,4333.0,rank-0,881
Python,https://github.com/codespell-project/codespell,2022-10-27,4334.0,rank-0,881
Python,https://github.com/codespell-project/codespell,2022-10-28,4335.0,rank-0,881
Python,https://github.com/codespell-project/codespell,2022-10-29,4338.0,rank-0,881
Python,https://github.com/codespell-project/codespell,2022-10-30,4343.0,rank-0,881
Python,https://github.com/codespell-project/codespell,2022-10-31,4358.0,rank-0,881
Python,https://github.com/codespell-project/codespell,2022-11-02,4366.0,rank-0,881
Python,https://github.com/codespell-project/codespell,2022-11-03,4367.0,rank-0,881
Python,https://github.com/codespell-project/codespell,2022-11-04,4368.0,rank-0,881
Python,https://github.com/codespell-project/codespell,2022-11-06,4372.0,rank-0,881
Python,https://github.com/codespell-project/codespell,2022-11-07,4377.0,rank-0,882
Python,https://github.com/codespell-project/codespell,2022-11-08,4378.0,rank-0,882
Python,https://github.com/codespell-project/codespell,2022-11-11,4379.0,rank-0,882
Python,https://github.com/codespell-project/codespell,2022-11-13,4380.0,rank-0,882
Python,https://github.com/codespell-project/codespell,2022-11-15,4381.0,rank-0,882
Python,https://github.com/codespell-project/codespell,2022-11-16,4382.0,rank-0,882
Python,https://github.com/codespell-project/codespell,2022-11-17,4388.0,rank-0,882
Python,https://github.com/codespell-project/codespell,2022-11-18,4390.0,rank-0,882
Python,https://github.com/codespell-project/codespell,2022-11-19,4398.0,rank-0,882
Python,https://github.com/codespell-project/codespell,2022-11-20,4401.0,rank-0,882
Python,https://github.com/codespell-project/codespell,2022-11-21,4402.0,rank-0,882
Python,https://github.com/codespell-project/codespell,2022-11-23,4403.0,rank-0,882
Python,https://github.com/codespell-project/codespell,2022-11-25,4405.0,rank-0,882
Python,https://github.com/codespell-project/codespell,2022-11-26,4406.0,rank-0,882
Python,https://github.com/codespell-project/codespell,2022-11-27,4407.0,rank-0,882
Python,https://github.com/codespell-project/codespell,2022-11-28,4410.0,rank-0,882
Python,https://github.com/codespell-project/codespell,2022-11-29,4412.0,rank-0,882
Python,https://github.com/codespell-project/codespell,2022-12-01,4413.0,rank-0,882
Python,https://github.com/codespell-project/codespell,2022-12-05,4414.0,rank-0,882
Python,https://github.com/codespell-project/codespell,2022-12-06,4419.0,rank-0,882
Python,https://github.com/codespell-project/codespell,2022-12-07,4421.0,rank-0,882
Python,https://github.com/codespell-project/codespell,2022-12-09,4425.0,rank-0,882
Python,https://github.com/codespell-project/codespell,2022-12-12,4428.0,rank-0,882
Python,https://github.com/codespell-project/codespell,2022-12-16,4432.0,rank-0,882
Python,https://github.com/codespell-project/codespell,2022-12-17,4434.0,rank-0,882
Python,https://github.com/codespell-project/codespell,2022-12-18,4435.0,rank-0,882
Python,https://github.com/codespell-project/codespell,2022-12-22,4436.0,rank-0,882
Python,https://github.com/codespell-project/codespell,2022-12-23,4440.0,rank-0,882
Python,https://github.com/codespell-project/codespell,2022-12-24,4441.0,rank-0,882
Python,https://github.com/codespell-project/codespell,2022-12-26,4465.0,rank-0,882
Python,https://github.com/codespell-project/codespell,2022-12-27,4470.0,rank-0,882
Python,https://github.com/codespell-project/codespell,2022-12-28,4483.0,rank-0,882
Python,https://github.com/codespell-project/codespell,2022-12-29,4494.0,rank-0,882
Python,https://github.com/codespell-project/codespell,2023-01-01,4495.0,rank-0,882
Python,https://github.com/codespell-project/codespell,2023-01-02,4500.0,rank-0,882
Python,https://github.com/codespell-project/codespell,2023-01-03,4507.0,rank-0,882
Python,https://github.com/codespell-project/codespell,2023-01-04,4511.0,rank-0,882
Python,https://github.com/codespell-project/codespell,2023-01-05,4513.0,rank-0,882
Python,https://github.com/codespell-project/codespell,2023-01-06,4514.0,rank-0,882
Python,https://github.com/codespell-project/codespell,2023-01-07,4515.0,rank-0,882
Python,https://github.com/codespell-project/codespell,2023-01-12,4518.0,rank-0,882
Python,https://github.com/codespell-project/codespell,2023-01-13,4521.0,rank-0,882
Python,https://github.com/codespell-project/codespell,2023-01-15,4522.0,rank-0,882
Python,https://github.com/codespell-project/codespell,2023-01-17,4523.0,rank-0,882
Python,https://github.com/codespell-project/codespell,2023-01-18,4525.0,rank-0,882
Python,https://github.com/codespell-project/codespell,2023-01-25,4527.0,rank-0,882
Python,https://github.com/codespell-project/codespell,2023-01-26,4528.0,rank-0,882
Python,https://github.com/codespell-project/codespell,2023-02-01,4531.0,rank-0,882
Python,https://github.com/codespell-project/codespell,2023-02-04,4532.0,rank-0,883
Python,https://github.com/codespell-project/codespell,2023-02-05,4533.0,rank-0,884
Python,https://github.com/codespell-project/codespell,2023-02-08,4535.0,rank-0,884
Python,https://github.com/codespell-project/codespell,2023-02-10,4537.0,rank-0,884
Python,https://github.com/codespell-project/codespell,2023-02-11,4542.0,rank-0,887
Python,https://github.com/codespell-project/codespell,2023-02-12,4543.0,rank-0,887
Python,https://github.com/codespell-project/codespell,2023-02-14,4547.0,rank-0,887
Python,https://github.com/codespell-project/codespell,2023-02-18,4552.0,rank-0,887
Python,https://github.com/codespell-project/codespell,2023-02-19,4554.0,rank-0,887
Python,https://github.com/codespell-project/codespell,2023-02-20,4557.0,rank-0,887
Python,https://github.com/codespell-project/codespell,2023-02-22,4558.0,rank-0,887
Python,https://github.com/codespell-project/codespell,2023-02-23,4559.0,rank-0,887
Python,https://github.com/codespell-project/codespell,2023-02-28,4560.0,rank-0,887
Python,https://github.com/codespell-project/codespell,2023-03-01,4563.0,rank-0,887
Python,https://github.com/codespell-project/codespell,2023-03-03,4564.0,rank-0,887
Python,https://github.com/codespell-project/codespell,2023-03-06,4565.0,rank-0,887
Python,https://github.com/codespell-project/codespell,2023-03-07,4567.0,rank-0,887
Python,https://github.com/codespell-project/codespell,2023-03-08,4569.0,rank-0,887
Python,https://github.com/codespell-project/codespell,2023-03-09,4571.0,rank-0,887
Python,https://github.com/codespell-project/codespell,2023-03-10,4576.0,rank-0,887
Python,https://github.com/codespell-project/codespell,2023-03-11,4577.0,rank-0,887
Python,https://github.com/codespell-project/codespell,2023-03-12,4579.0,rank-0,887
Python,https://github.com/codespell-project/codespell,2023-03-13,4580.0,rank-0,887
Python,https://github.com/codespell-project/codespell,2023-03-14,4584.0,rank-0,888
Python,https://github.com/codespell-project/codespell,2023-03-15,4586.0,rank-0,888
Python,https://github.com/codespell-project/codespell,2023-03-18,4588.0,rank-0,888
Python,https://github.com/codespell-project/codespell,2023-03-20,4590.0,rank-0,888
Python,https://github.com/codespell-project/codespell,2023-03-21,4591.0,rank-0,888
Python,https://github.com/codespell-project/codespell,2023-03-22,4592.0,rank-0,888
Python,https://github.com/codespell-project/codespell,2023-03-24,4593.0,rank-0,888
Python,https://github.com/codespell-project/codespell,2023-03-25,4594.0,rank-0,888
Python,https://github.com/codespell-project/codespell,2023-03-27,4595.0,rank-0,888
Python,https://github.com/codespell-project/codespell,2023-03-28,4597.0,rank-0,888
Python,https://github.com/codespell-project/codespell,2023-03-29,4600.0,rank-0,888
Python,https://github.com/codespell-project/codespell,2023-03-30,4605.0,rank-0,888
Python,https://github.com/codespell-project/codespell,2023-03-31,4606.0,rank-0,888
Python,https://github.com/codespell-project/codespell,2023-04-02,4607.0,rank-0,888
Python,https://github.com/codespell-project/codespell,2023-04-16,4608.0,rank-0,889
Python,https://github.com/codespell-project/codespell,2023-04-17,4610.0,rank-0,889
Python,https://github.com/codespell-project/codespell,2023-04-18,4611.0,rank-0,890
Python,https://github.com/codespell-project/codespell,2023-04-19,4612.0,rank-0,890
Python,https://github.com/codespell-project/codespell,2023-04-21,4616.0,rank-0,890
Python,https://github.com/codespell-project/codespell,2023-04-23,4617.0,rank-0,891
Python,https://github.com/codespell-project/codespell,2023-04-24,4618.0,rank-0,891
Python,https://github.com/codespell-project/codespell,2023-04-26,4620.0,rank-0,891
Python,https://github.com/codespell-project/codespell,2023-04-27,4628.0,rank-0,894
Python,https://github.com/codespell-project/codespell,2023-04-28,4629.0,rank-0,894
Python,https://github.com/codespell-project/codespell,2023-05-01,4630.0,rank-0,895
Python,https://github.com/codespell-project/codespell,2023-05-02,4631.0,rank-0,895
Python,https://github.com/codespell-project/codespell,2023-05-07,4632.0,rank-0,896
Python,https://github.com/codespell-project/codespell,2023-05-09,4635.0,rank-0,896
Python,https://github.com/codespell-project/codespell,2023-05-11,4638.0,rank-0,896
Python,https://github.com/codespell-project/codespell,2023-05-17,4641.0,rank-0,896
Python,https://github.com/codespell-project/codespell,2023-05-19,4642.0,rank-0,896
Python,https://github.com/codespell-project/codespell,2023-05-23,4643.0,rank-0,896
Python,https://github.com/codespell-project/codespell,2023-05-25,4644.0,rank-0,896
Python,https://github.com/codespell-project/codespell,2023-05-30,4645.0,rank-0,896
Python,https://github.com/codespell-project/codespell,2023-06-05,4647.0,rank-0,896
Python,https://github.com/codespell-project/codespell,2023-06-06,4648.0,rank-0,896
Python,https://github.com/codespell-project/codespell,2023-06-08,4649.0,rank-0,896
Python,https://github.com/codespell-project/codespell,2023-06-10,4650.0,rank-0,896
Python,https://github.com/codespell-project/codespell,2023-06-11,4652.0,rank-0,896
Python,https://github.com/codespell-project/codespell,2023-06-14,4655.0,rank-0,896
Python,https://github.com/codespell-project/codespell,2023-06-15,4656.0,rank-0,896
Python,https://github.com/codespell-project/codespell,2023-06-18,4660.0,rank-0,896
Python,https://github.com/codespell-project/codespell,2023-06-19,4663.0,rank-0,896
Python,https://github.com/codespell-project/codespell,2023-06-20,4667.0,rank-0,896
Python,https://github.com/codespell-project/codespell,2023-06-21,4668.0,rank-0,896
Python,https://github.com/codespell-project/codespell,2023-06-22,4672.0,rank-0,896
Python,https://github.com/codespell-project/codespell,2023-06-23,4673.0,rank-0,896
Python,https://github.com/codespell-project/codespell,2023-06-24,4674.0,rank-0,896
Python,https://github.com/codespell-project/codespell,2023-06-26,4678.0,rank-0,897
Python,https://github.com/codespell-project/codespell,2023-06-27,4680.0,rank-0,898
Python,https://github.com/codespell-project/codespell,2023-06-28,4683.0,rank-0,898
Python,https://github.com/codespell-project/codespell,2023-06-29,4684.0,rank-0,899
Python,https://github.com/codespell-project/codespell,2023-06-30,4686.0,rank-0,899
Python,https://github.com/codespell-project/codespell,2023-07-01,4691.0,rank-0,900
Python,https://github.com/codespell-project/codespell,2023-07-03,4692.0,rank-0,900
Python,https://github.com/codespell-project/codespell,2023-07-04,4695.0,rank-0,900
Python,https://github.com/codespell-project/codespell,2023-07-05,4697.0,rank-0,900
Python,https://github.com/codespell-project/codespell,2023-07-06,4698.0,rank-0,900
Python,https://github.com/codespell-project/codespell,2023-07-07,4701.0,rank-0,900
Python,https://github.com/codespell-project/codespell,2023-07-08,4708.0,rank-0,902
Python,https://github.com/codespell-project/codespell,2023-07-09,4717.0,rank-0,903
Python,https://github.com/codespell-project/codespell,2023-07-10,4720.0,rank-0,903
Python,https://github.com/codespell-project/codespell,2023-07-12,4722.0,rank-0,903
Python,https://github.com/codespell-project/codespell,2023-07-13,4723.0,rank-0,903
Python,https://github.com/codespell-project/codespell,2023-07-14,4725.0,rank-0,903
Python,https://github.com/codespell-project/codespell,2023-07-15,4727.0,rank-0,903
Python,https://github.com/codespell-project/codespell,2023-07-17,4730.0,rank-0,903
Python,https://github.com/codespell-project/codespell,2023-07-18,4733.0,rank-0,903
Python,https://github.com/codespell-project/codespell,2023-07-20,4735.0,rank-0,903
Python,https://github.com/codespell-project/codespell,2023-07-23,4738.0,rank-0,903
Python,https://github.com/codespell-project/codespell,2023-07-24,4741.0,rank-0,903
Python,https://github.com/codespell-project/codespell,2023-07-25,4744.0,rank-0,903
Python,https://github.com/codespell-project/codespell,2023-07-26,4746.0,rank-0,903
Python,https://github.com/codespell-project/codespell,2023-07-27,4749.0,rank-0,903
Python,https://github.com/codespell-project/codespell,2023-07-28,4752.0,rank-0,903
Python,https://github.com/codespell-project/codespell,2023-07-29,4754.0,rank-0,903
Python,https://github.com/codespell-project/codespell,2023-07-30,4757.0,rank-0,903
Python,https://github.com/codespell-project/codespell,2023-07-31,4760.0,rank-0,903
Python,https://github.com/codespell-project/codespell,2023-08-01,4765.0,rank-0,903
Python,https://github.com/codespell-project/codespell,2023-08-04,4767.0,rank-0,903
Python,https://github.com/codespell-project/codespell,2023-08-05,4769.0,rank-0,903
Python,https://github.com/codespell-project/codespell,2023-08-06,4775.0,rank-0,906
Python,https://github.com/codespell-project/codespell,2023-08-07,4779.0,rank-0,906
Python,https://github.com/codespell-project/codespell,2023-08-08,4782.0,rank-0,906
Python,https://github.com/codespell-project/codespell,2023-08-09,4792.0,rank-0,906
Python,https://github.com/codespell-project/codespell,2023-08-10,4793.0,rank-0,906
Python,https://github.com/codespell-project/codespell,2023-08-11,4797.0,rank-0,906
Python,https://github.com/codespell-project/codespell,2023-08-13,4799.0,rank-0,906
Python,https://github.com/codespell-project/codespell,2023-08-14,4800.0,rank-0,906
Python,https://github.com/codespell-project/codespell,2023-08-15,4802.0,rank-0,906
Python,https://github.com/codespell-project/codespell,2023-08-20,4803.0,rank-0,906
Python,https://github.com/codespell-project/codespell,2023-08-21,4806.0,rank-0,906
Python,https://github.com/codespell-project/codespell,2023-08-25,4807.0,rank-0,906
Python,https://github.com/codespell-project/codespell,2023-08-26,4808.0,rank-0,906
Python,https://github.com/codespell-project/codespell,2023-08-28,4813.0,rank-0,906
Python,https://github.com/codespell-project/codespell,2023-08-29,4814.0,rank-0,906
Python,https://github.com/codespell-project/codespell,2023-08-30,4816.0,rank-0,906
Python,https://github.com/codespell-project/codespell,2023-08-31,4819.0,rank-0,906
Python,https://github.com/codespell-project/codespell,2023-09-01,4821.0,rank-0,906
Python,https://github.com/codespell-project/codespell,2023-09-02,4822.0,rank-0,906
Python,https://github.com/codespell-project/codespell,2023-09-03,4824.0,rank-0,907
Python,https://github.com/codespell-project/codespell,2023-09-04,4828.0,rank-0,907
Python,https://github.com/codespell-project/codespell,2023-09-05,4830.0,rank-0,907
Python,https://github.com/codespell-project/codespell,2023-09-06,4832.0,rank-0,907
Python,https://github.com/codespell-project/codespell,2023-09-08,4834.0,rank-0,907
Python,https://github.com/codespell-project/codespell,2023-09-10,4835.0,rank-0,907
Python,https://github.com/codespell-project/codespell,2023-09-11,4836.0,rank-0,907
Python,https://github.com/codespell-project/codespell,2023-09-12,4838.0,rank-0,907
Python,https://github.com/codespell-project/codespell,2023-09-13,4840.0,rank-0,907
Python,https://github.com/codespell-project/codespell,2023-09-14,4842.0,rank-0,907
Python,https://github.com/codespell-project/codespell,2023-09-15,4844.0,rank-0,907
Python,https://github.com/codespell-project/codespell,2023-09-17,4847.0,rank-0,908
Python,https://github.com/codespell-project/codespell,2023-09-18,4849.0,rank-0,908
Python,https://github.com/codespell-project/codespell,2023-09-19,4850.0,rank-0,908
Python,https://github.com/codespell-project/codespell,2023-09-21,4851.0,rank-0,908
Python,https://github.com/codespell-project/codespell,2023-09-22,4853.0,rank-0,908
Python,https://github.com/codespell-project/codespell,2023-09-23,4854.0,rank-0,908
Python,https://github.com/codespell-project/codespell,2023-09-24,4855.0,rank-0,908
Python,https://github.com/codespell-project/codespell,2023-09-25,4856.0,rank-0,908
Python,https://github.com/codespell-project/codespell,2023-09-26,4857.0,rank-0,908
Python,https://github.com/codespell-project/codespell,2023-09-27,4859.0,rank-0,908
Python,https://github.com/codespell-project/codespell,2023-09-28,4861.0,rank-0,908
Python,https://github.com/codespell-project/codespell,2023-09-29,4862.0,rank-0,908
Python,https://github.com/codespell-project/codespell,2023-10-01,4863.0,rank-0,908
Python,https://github.com/codespell-project/codespell,2023-10-02,4864.0,rank-0,908
Python,https://github.com/codespell-project/codespell,2023-10-04,4866.0,rank-0,908
Python,https://github.com/codespell-project/codespell,2023-10-05,4868.0,rank-0,908
Python,https://github.com/codespell-project/codespell,2023-10-08,4871.0,rank-0,908
Python,https://github.com/codespell-project/codespell,2023-10-09,4872.0,rank-0,908
Python,https://github.com/codespell-project/codespell,2023-10-11,4873.0,rank-0,908
Python,https://github.com/codespell-project/codespell,2023-10-12,4874.0,rank-0,908
Python,https://github.com/codespell-project/codespell,2023-10-14,4875.0,rank-0,908
Python,https://github.com/codespell-project/codespell,2023-10-16,4876.0,rank-0,908
Python,https://github.com/codespell-project/codespell,2023-10-17,4878.0,rank-0,908
Python,https://github.com/codespell-project/codespell,2023-10-18,4880.0,rank-0,908
Python,https://github.com/codespell-project/codespell,2023-10-19,4881.0,rank-0,908
Python,https://github.com/codespell-project/codespell,2023-10-20,4882.0,rank-0,908
Python,https://github.com/codespell-project/codespell,2023-10-21,4883.0,rank-0,908
Python,https://github.com/codespell-project/codespell,2023-10-22,4885.0,rank-0,908
Python,https://github.com/codespell-project/codespell,2023-10-23,4887.0,rank-0,908
Python,https://github.com/codespell-project/codespell,2023-10-24,4891.0,rank-0,908
Python,https://github.com/codespell-project/codespell,2023-10-25,4892.0,rank-0,908
Python,https://github.com/codespell-project/codespell,2023-10-27,4896.0,rank-0,908
Python,https://github.com/codespell-project/codespell,2023-10-28,4897.0,rank-0,908
Python,https://github.com/codespell-project/codespell,2023-10-29,4898.0,rank-0,908
Python,https://github.com/codespell-project/codespell,2023-10-30,4900.0,rank-0,908
Python,https://github.com/codespell-project/codespell,2023-10-31,4902.0,rank-0,908
Python,https://github.com/codespell-project/codespell,2023-11-01,4903.0,rank-0,908
Python,https://github.com/codespell-project/codespell,2023-11-03,4904.0,rank-0,908
Python,https://github.com/codespell-project/codespell,2023-11-05,4905.0,rank-0,908
Python,https://github.com/codespell-project/codespell,2023-11-06,4907.0,rank-0,908
Python,https://github.com/codespell-project/codespell,2023-11-08,4909.0,rank-0,908
Python,https://github.com/codespell-project/codespell,2023-11-13,4911.0,rank-0,908
Python,https://github.com/codespell-project/codespell,2023-11-14,4913.0,rank-0,908
Python,https://github.com/codespell-project/codespell,2023-11-16,4914.0,rank-0,908
Python,https://github.com/codespell-project/codespell,2023-11-20,4916.0,rank-0,908
Python,https://github.com/codespell-project/codespell,2023-11-21,4917.0,rank-0,908
Python,https://github.com/codespell-project/codespell,2023-11-22,4918.0,rank-0,908
Python,https://github.com/codespell-project/codespell,2023-11-23,4919.0,rank-0,908
Python,https://github.com/codespell-project/codespell,2023-11-27,4921.0,rank-0,908
Python,https://github.com/codespell-project/codespell,2023-11-29,4922.0,rank-0,909
Python,https://github.com/codespell-project/codespell,2023-11-30,4923.0,rank-0,909
Python,https://github.com/codespell-project/codespell,2023-12-02,4924.0,rank-0,909
Python,https://github.com/codespell-project/codespell,2011-01-28,8.0,rank-1,0
Python,https://github.com/codespell-project/codespell,2011-01-29,17.0,rank-1,0
Python,https://github.com/codespell-project/codespell,2011-01-31,23.0,rank-1,0
Python,https://github.com/codespell-project/codespell,2011-02-01,27.0,rank-1,0
Python,https://github.com/codespell-project/codespell,2011-02-02,28.0,rank-1,0
Python,https://github.com/codespell-project/codespell,2011-02-03,34.0,rank-1,0
Python,https://github.com/codespell-project/codespell,2011-02-16,36.0,rank-1,0
Python,https://github.com/codespell-project/codespell,2011-02-17,37.0,rank-1,0
Python,https://github.com/codespell-project/codespell,2011-02-21,38.0,rank-1,0
Python,https://github.com/codespell-project/codespell,2011-03-22,40.0,rank-1,0
Python,https://github.com/codespell-project/codespell,2011-03-29,44.0,rank-1,0
Python,https://github.com/codespell-project/codespell,2011-03-30,46.0,rank-1,0
Python,https://github.com/codespell-project/codespell,2011-04-01,48.0,rank-1,0
Python,https://github.com/codespell-project/codespell,2011-04-14,53.0,rank-1,0
Python,https://github.com/codespell-project/codespell,2011-04-18,54.0,rank-1,0
Python,https://github.com/codespell-project/codespell,2011-04-27,56.0,rank-1,0
Python,https://github.com/codespell-project/codespell,2011-04-28,58.0,rank-1,0
Python,https://github.com/codespell-project/codespell,2011-05-02,59.0,rank-1,0
Python,https://github.com/codespell-project/codespell,2011-05-22,61.0,rank-1,0
Python,https://github.com/codespell-project/codespell,2011-05-24,62.0,rank-1,0
Python,https://github.com/codespell-project/codespell,2011-05-25,65.0,rank-1,0
Python,https://github.com/codespell-project/codespell,2011-05-26,67.0,rank-1,0
Python,https://github.com/codespell-project/codespell,2011-05-27,69.0,rank-1,0
Python,https://github.com/codespell-project/codespell,2011-05-28,72.0,rank-1,0
Python,https://github.com/codespell-project/codespell,2011-05-29,74.0,rank-1,0
Python,https://github.com/codespell-project/codespell,2011-05-30,76.0,rank-1,0
Python,https://github.com/codespell-project/codespell,2011-06-02,77.0,rank-1,0
Python,https://github.com/codespell-project/codespell,2011-06-11,79.0,rank-1,0
Python,https://github.com/codespell-project/codespell,2011-06-14,82.0,rank-1,0
Python,https://github.com/codespell-project/codespell,2011-06-16,83.0,rank-1,0
Python,https://github.com/codespell-project/codespell,2011-06-18,92.0,rank-1,0
Python,https://github.com/codespell-project/codespell,2011-06-28,95.0,rank-1,0
Python,https://github.com/codespell-project/codespell,2011-07-02,99.0,rank-1,0
Python,https://github.com/codespell-project/codespell,2011-07-12,100.0,rank-1,0
Python,https://github.com/codespell-project/codespell,2011-07-14,102.0,rank-1,0
Python,https://github.com/codespell-project/codespell,2011-07-25,105.0,rank-1,0
Python,https://github.com/codespell-project/codespell,2011-08-17,108.0,rank-1,0
Python,https://github.com/codespell-project/codespell,2011-08-20,109.0,rank-1,0
Python,https://github.com/codespell-project/codespell,2011-09-15,110.0,rank-1,0
Python,https://github.com/codespell-project/codespell,2011-09-21,111.0,rank-1,0
Python,https://github.com/codespell-project/codespell,2011-09-28,113.0,rank-1,0
Python,https://github.com/codespell-project/codespell,2011-09-29,115.0,rank-1,0
Python,https://github.com/codespell-project/codespell,2011-09-30,116.0,rank-1,0
Python,https://github.com/codespell-project/codespell,2011-10-14,117.0,rank-1,0
Python,https://github.com/codespell-project/codespell,2011-10-15,120.0,rank-1,0
Python,https://github.com/codespell-project/codespell,2011-10-19,124.0,rank-1,0
Python,https://github.com/codespell-project/codespell,2011-12-06,125.0,rank-1,0
Python,https://github.com/codespell-project/codespell,2011-12-09,130.0,rank-1,0
Python,https://github.com/codespell-project/codespell,2012-01-20,132.0,rank-1,0
Python,https://github.com/codespell-project/codespell,2012-02-28,137.0,rank-1,0
Python,https://github.com/codespell-project/codespell,2012-03-05,138.0,rank-1,0
Python,https://github.com/codespell-project/codespell,2012-03-06,139.0,rank-1,0
Python,https://github.com/codespell-project/codespell,2012-08-22,143.0,rank-1,0
Python,https://github.com/codespell-project/codespell,2013-02-12,144.0,rank-1,0
Python,https://github.com/codespell-project/codespell,2013-02-14,145.0,rank-1,0
Python,https://github.com/codespell-project/codespell,2013-04-10,152.0,rank-1,0
Python,https://github.com/codespell-project/codespell,2013-04-19,153.0,rank-1,0
Python,https://github.com/codespell-project/codespell,2013-05-06,154.0,rank-1,0
Python,https://github.com/codespell-project/codespell,2013-05-07,156.0,rank-1,0
Python,https://github.com/codespell-project/codespell,2013-05-16,158.0,rank-1,0
Python,https://github.com/codespell-project/codespell,2013-05-28,159.0,rank-1,0
Python,https://github.com/codespell-project/codespell,2013-07-12,160.0,rank-1,0
Python,https://github.com/codespell-project/codespell,2013-07-21,161.0,rank-1,0
Python,https://github.com/codespell-project/codespell,2013-07-24,162.0,rank-1,0
Python,https://github.com/codespell-project/codespell,2013-09-25,163.0,rank-1,0
Python,https://github.com/codespell-project/codespell,2013-10-21,164.0,rank-1,0
Python,https://github.com/codespell-project/codespell,2013-12-05,165.0,rank-1,0
Python,https://github.com/codespell-project/codespell,2013-12-26,169.0,rank-1,0
Python,https://github.com/codespell-project/codespell,2013-12-29,170.0,rank-1,0
Python,https://github.com/codespell-project/codespell,2014-01-07,172.0,rank-1,0
Python,https://github.com/codespell-project/codespell,2014-01-24,176.0,rank-1,0
Python,https://github.com/codespell-project/codespell,2014-01-27,177.0,rank-1,0
Python,https://github.com/codespell-project/codespell,2014-03-22,178.0,rank-1,0
Python,https://github.com/codespell-project/codespell,2014-03-29,179.0,rank-1,0
Python,https://github.com/codespell-project/codespell,2014-04-07,180.0,rank-1,0
Python,https://github.com/codespell-project/codespell,2014-04-08,181.0,rank-1,0
Python,https://github.com/codespell-project/codespell,2014-06-07,183.0,rank-1,0
Python,https://github.com/codespell-project/codespell,2014-06-12,184.0,rank-1,0
Python,https://github.com/codespell-project/codespell,2014-06-27,185.0,rank-1,0
Python,https://github.com/codespell-project/codespell,2014-09-02,191.0,rank-1,0
Python,https://github.com/codespell-project/codespell,2014-09-29,192.0,rank-1,0
Python,https://github.com/codespell-project/codespell,2014-10-17,193.0,rank-1,0
Python,https://github.com/codespell-project/codespell,2014-11-25,194.0,rank-1,0
Python,https://github.com/codespell-project/codespell,2015-01-03,198.0,rank-1,0
Python,https://github.com/codespell-project/codespell,2015-03-09,199.0,rank-1,0
Python,https://github.com/codespell-project/codespell,2015-03-12,201.0,rank-1,0
Python,https://github.com/codespell-project/codespell,2015-03-13,202.0,rank-1,0
Python,https://github.com/codespell-project/codespell,2015-03-31,203.0,rank-1,0
Python,https://github.com/codespell-project/codespell,2015-04-11,205.0,rank-1,0
Python,https://github.com/codespell-project/codespell,2015-04-18,207.0,rank-1,0
Python,https://github.com/codespell-project/codespell,2015-05-07,208.0,rank-1,0
Python,https://github.com/codespell-project/codespell,2015-05-18,209.0,rank-1,0
Python,https://github.com/codespell-project/codespell,2015-06-15,210.0,rank-1,0
Python,https://github.com/codespell-project/codespell,2015-06-18,214.0,rank-1,0
Python,https://github.com/codespell-project/codespell,2015-06-23,217.0,rank-1,0
Python,https://github.com/codespell-project/codespell,2015-06-30,218.0,rank-1,0
Python,https://github.com/codespell-project/codespell,2015-08-02,219.0,rank-1,0
Python,https://github.com/codespell-project/codespell,2015-08-11,220.0,rank-1,0
Python,https://github.com/codespell-project/codespell,2015-08-12,221.0,rank-1,0
Python,https://github.com/codespell-project/codespell,2015-08-18,225.0,rank-1,0
Python,https://github.com/codespell-project/codespell,2015-09-09,226.0,rank-1,0
Python,https://github.com/codespell-project/codespell,2015-09-10,227.0,rank-1,0
Python,https://github.com/codespell-project/codespell,2015-09-12,232.0,rank-1,0
Python,https://github.com/codespell-project/codespell,2015-09-13,233.0,rank-1,0
Python,https://github.com/codespell-project/codespell,2015-09-14,234.0,rank-1,0
Python,https://github.com/codespell-project/codespell,2015-09-21,235.0,rank-1,0
Python,https://github.com/codespell-project/codespell,2015-10-22,236.0,rank-1,0
Python,https://github.com/codespell-project/codespell,2015-10-27,237.0,rank-1,0
Python,https://github.com/codespell-project/codespell,2015-11-17,238.0,rank-1,0
Python,https://github.com/codespell-project/codespell,2015-12-08,239.0,rank-1,0
Python,https://github.com/codespell-project/codespell,2015-12-10,240.0,rank-1,0
Python,https://github.com/codespell-project/codespell,2015-12-12,241.0,rank-1,0
Python,https://github.com/codespell-project/codespell,2016-01-07,242.0,rank-1,0
Python,https://github.com/codespell-project/codespell,2016-01-12,244.0,rank-1,0
Python,https://github.com/codespell-project/codespell,2016-01-15,247.0,rank-1,0
Python,https://github.com/codespell-project/codespell,2016-02-26,249.0,rank-1,0
Python,https://github.com/codespell-project/codespell,2016-03-06,250.0,rank-1,0
Python,https://github.com/codespell-project/codespell,2016-03-11,252.0,rank-1,0
Python,https://github.com/codespell-project/codespell,2016-04-21,253.0,rank-1,0
Python,https://github.com/codespell-project/codespell,2016-04-26,255.0,rank-1,0
Python,https://github.com/codespell-project/codespell,2016-04-27,259.0,rank-1,0
Python,https://github.com/codespell-project/codespell,2016-05-12,260.0,rank-1,0
Python,https://github.com/codespell-project/codespell,2016-05-22,264.0,rank-1,0
Python,https://github.com/codespell-project/codespell,2016-06-03,265.0,rank-1,0
Python,https://github.com/codespell-project/codespell,2016-06-06,268.0,rank-1,0
Python,https://github.com/codespell-project/codespell,2016-06-09,275.0,rank-1,0
Python,https://github.com/codespell-project/codespell,2016-06-10,287.0,rank-1,0
Python,https://github.com/codespell-project/codespell,2016-06-11,288.0,rank-1,0
Python,https://github.com/codespell-project/codespell,2016-06-16,290.0,rank-1,0
Python,https://github.com/codespell-project/codespell,2016-06-17,294.0,rank-1,0
Python,https://github.com/codespell-project/codespell,2016-08-18,295.0,rank-1,0
Python,https://github.com/codespell-project/codespell,2016-08-31,297.0,rank-1,0
Python,https://github.com/codespell-project/codespell,2016-09-04,300.0,rank-1,0
Python,https://github.com/codespell-project/codespell,2016-09-08,301.0,rank-1,0
Python,https://github.com/codespell-project/codespell,2016-09-10,302.0,rank-1,0
Python,https://github.com/codespell-project/codespell,2016-10-10,303.0,rank-1,0
Python,https://github.com/codespell-project/codespell,2016-10-14,304.0,rank-1,0
Python,https://github.com/codespell-project/codespell,2016-10-17,306.0,rank-1,0
Python,https://github.com/codespell-project/codespell,2016-10-19,310.0,rank-1,0
Python,https://github.com/codespell-project/codespell,2016-11-09,313.0,rank-1,0
Python,https://github.com/codespell-project/codespell,2016-11-11,317.0,rank-1,0
Python,https://github.com/codespell-project/codespell,2016-11-12,323.0,rank-1,0
Python,https://github.com/codespell-project/codespell,2016-11-14,324.0,rank-1,0
Python,https://github.com/codespell-project/codespell,2016-11-15,325.0,rank-1,0
Python,https://github.com/codespell-project/codespell,2016-11-16,326.0,rank-1,0
Python,https://github.com/codespell-project/codespell,2016-11-19,328.0,rank-1,0
Python,https://github.com/codespell-project/codespell,2016-11-22,331.0,rank-1,0
Python,https://github.com/codespell-project/codespell,2016-11-27,332.0,rank-1,0
Python,https://github.com/codespell-project/codespell,2016-12-01,333.0,rank-1,0
Python,https://github.com/codespell-project/codespell,2016-12-02,334.0,rank-1,0
Python,https://github.com/codespell-project/codespell,2016-12-03,338.0,rank-1,0
Python,https://github.com/codespell-project/codespell,2016-12-05,339.0,rank-1,0
Python,https://github.com/codespell-project/codespell,2016-12-08,346.0,rank-1,0
Python,https://github.com/codespell-project/codespell,2016-12-10,348.0,rank-1,0
Python,https://github.com/codespell-project/codespell,2016-12-11,349.0,rank-1,0
Python,https://github.com/codespell-project/codespell,2016-12-13,350.0,rank-1,0
Python,https://github.com/codespell-project/codespell,2016-12-15,351.0,rank-1,0
Python,https://github.com/codespell-project/codespell,2016-12-16,355.0,rank-1,0
Python,https://github.com/codespell-project/codespell,2016-12-18,356.0,rank-1,0
Python,https://github.com/codespell-project/codespell,2016-12-19,357.0,rank-1,0
Python,https://github.com/codespell-project/codespell,2016-12-22,358.0,rank-1,0
Python,https://github.com/codespell-project/codespell,2016-12-25,360.0,rank-1,0
Python,https://github.com/codespell-project/codespell,2016-12-26,361.0,rank-1,0
Python,https://github.com/codespell-project/codespell,2016-12-30,365.0,rank-1,0
Python,https://github.com/codespell-project/codespell,2016-12-31,366.0,rank-1,0
Python,https://github.com/codespell-project/codespell,2017-01-02,372.0,rank-1,0
Python,https://github.com/codespell-project/codespell,2017-01-04,378.0,rank-1,0
Python,https://github.com/codespell-project/codespell,2017-01-05,379.0,rank-1,0
Python,https://github.com/codespell-project/codespell,2017-01-07,380.0,rank-1,0
Python,https://github.com/codespell-project/codespell,2017-01-08,381.0,rank-1,0
Python,https://github.com/codespell-project/codespell,2017-01-14,382.0,rank-1,0
Python,https://github.com/codespell-project/codespell,2017-01-15,383.0,rank-1,0
Python,https://github.com/codespell-project/codespell,2017-01-16,385.0,rank-1,0
Python,https://github.com/codespell-project/codespell,2017-01-17,388.0,rank-1,0
Python,https://github.com/codespell-project/codespell,2017-01-19,389.0,rank-1,0
Python,https://github.com/codespell-project/codespell,2017-01-20,390.0,rank-1,0
Python,https://github.com/codespell-project/codespell,2017-01-21,392.0,rank-1,0
Python,https://github.com/codespell-project/codespell,2017-01-23,397.0,rank-1,0
Python,https://github.com/codespell-project/codespell,2017-01-24,399.0,rank-1,0
Python,https://github.com/codespell-project/codespell,2017-01-25,400.0,rank-1,0
Python,https://github.com/codespell-project/codespell,2017-01-29,402.0,rank-1,0
Python,https://github.com/codespell-project/codespell,2017-01-30,403.0,rank-1,0
Python,https://github.com/codespell-project/codespell,2017-01-31,404.0,rank-1,0
Python,https://github.com/codespell-project/codespell,2017-02-01,406.0,rank-1,0
Python,https://github.com/codespell-project/codespell,2017-02-02,411.0,rank-1,0
Python,https://github.com/codespell-project/codespell,2017-02-03,412.0,rank-1,0
Python,https://github.com/codespell-project/codespell,2017-02-05,414.0,rank-1,0
Python,https://github.com/codespell-project/codespell,2017-02-06,416.0,rank-1,0
Python,https://github.com/codespell-project/codespell,2017-02-10,418.0,rank-1,0
Python,https://github.com/codespell-project/codespell,2017-02-12,420.0,rank-1,0
Python,https://github.com/codespell-project/codespell,2017-02-14,421.0,rank-1,0
Python,https://github.com/codespell-project/codespell,2017-02-20,423.0,rank-1,0
Python,https://github.com/codespell-project/codespell,2017-02-21,425.0,rank-1,0
Python,https://github.com/codespell-project/codespell,2017-02-23,426.0,rank-1,0
Python,https://github.com/codespell-project/codespell,2017-02-24,427.0,rank-1,0
Python,https://github.com/codespell-project/codespell,2017-02-26,429.0,rank-1,0
Python,https://github.com/codespell-project/codespell,2017-03-03,430.0,rank-1,0
Python,https://github.com/codespell-project/codespell,2017-03-06,432.0,rank-1,0
Python,https://github.com/codespell-project/codespell,2017-03-07,434.0,rank-1,0
Python,https://github.com/codespell-project/codespell,2017-03-09,446.0,rank-1,0
Python,https://github.com/codespell-project/codespell,2017-03-10,447.0,rank-1,0
Python,https://github.com/codespell-project/codespell,2017-03-11,448.0,rank-1,0
Python,https://github.com/codespell-project/codespell,2017-03-13,449.0,rank-1,0
Python,https://github.com/codespell-project/codespell,2017-03-14,452.0,rank-1,0
Python,https://github.com/codespell-project/codespell,2017-03-15,454.0,rank-1,0
Python,https://github.com/codespell-project/codespell,2017-03-16,457.0,rank-1,0
Python,https://github.com/codespell-project/codespell,2017-03-18,458.0,rank-1,0
Python,https://github.com/codespell-project/codespell,2017-03-19,459.0,rank-1,0
Python,https://github.com/codespell-project/codespell,2017-03-20,461.0,rank-1,0
Python,https://github.com/codespell-project/codespell,2017-03-21,462.0,rank-1,0
Python,https://github.com/codespell-project/codespell,2017-03-24,463.0,rank-1,0
Python,https://github.com/codespell-project/codespell,2017-03-25,464.0,rank-1,0
Python,https://github.com/codespell-project/codespell,2017-03-27,466.0,rank-1,0
Python,https://github.com/codespell-project/codespell,2017-03-28,468.0,rank-1,0
Python,https://github.com/codespell-project/codespell,2017-03-31,470.0,rank-1,0
Python,https://github.com/codespell-project/codespell,2017-04-01,472.0,rank-1,0
Python,https://github.com/codespell-project/codespell,2017-04-02,473.0,rank-1,0
Python,https://github.com/codespell-project/codespell,2017-04-03,475.0,rank-1,0
Python,https://github.com/codespell-project/codespell,2017-04-12,476.0,rank-1,0
Python,https://github.com/codespell-project/codespell,2017-04-13,477.0,rank-1,0
Python,https://github.com/codespell-project/codespell,2017-04-14,478.0,rank-1,0
Python,https://github.com/codespell-project/codespell,2017-04-16,479.0,rank-1,0
Python,https://github.com/codespell-project/codespell,2017-04-17,482.0,rank-1,0
Python,https://github.com/codespell-project/codespell,2017-04-18,485.0,rank-1,0
Python,https://github.com/codespell-project/codespell,2017-04-20,487.0,rank-1,0
Python,https://github.com/codespell-project/codespell,2017-04-22,490.0,rank-1,0
Python,https://github.com/codespell-project/codespell,2017-04-27,491.0,rank-1,0
Python,https://github.com/codespell-project/codespell,2017-04-28,492.0,rank-1,0
Python,https://github.com/codespell-project/codespell,2017-04-29,493.0,rank-1,0
Python,https://github.com/codespell-project/codespell,2017-05-03,495.0,rank-1,0
Python,https://github.com/codespell-project/codespell,2017-05-05,496.0,rank-1,0
Python,https://github.com/codespell-project/codespell,2017-05-07,501.0,rank-1,0
Python,https://github.com/codespell-project/codespell,2017-05-08,502.0,rank-1,0
Python,https://github.com/codespell-project/codespell,2017-05-09,503.0,rank-1,0
Python,https://github.com/codespell-project/codespell,2017-05-11,504.0,rank-1,0
Python,https://github.com/codespell-project/codespell,2017-05-12,505.0,rank-1,0
Python,https://github.com/codespell-project/codespell,2017-05-14,506.0,rank-1,0
Python,https://github.com/codespell-project/codespell,2017-05-15,507.0,rank-1,0
Python,https://github.com/codespell-project/codespell,2017-05-17,508.0,rank-1,0
Python,https://github.com/codespell-project/codespell,2017-05-20,514.0,rank-1,0
Python,https://github.com/codespell-project/codespell,2017-05-22,515.0,rank-1,0
Python,https://github.com/codespell-project/codespell,2017-05-23,516.0,rank-1,0
Python,https://github.com/codespell-project/codespell,2017-05-27,517.0,rank-1,0
Python,https://github.com/codespell-project/codespell,2017-05-29,519.0,rank-1,0
Python,https://github.com/codespell-project/codespell,2017-05-30,521.0,rank-1,0
Python,https://github.com/codespell-project/codespell,2017-06-08,522.0,rank-1,0
Python,https://github.com/codespell-project/codespell,2017-06-12,524.0,rank-1,0
Python,https://github.com/codespell-project/codespell,2017-06-14,525.0,rank-1,0
Python,https://github.com/codespell-project/codespell,2017-06-16,526.0,rank-1,0
Python,https://github.com/codespell-project/codespell,2017-06-17,527.0,rank-1,0
Python,https://github.com/codespell-project/codespell,2017-06-19,529.0,rank-1,0
Python,https://github.com/codespell-project/codespell,2017-06-22,530.0,rank-1,0
Python,https://github.com/codespell-project/codespell,2017-06-26,531.0,rank-1,0
Python,https://github.com/codespell-project/codespell,2017-06-29,533.0,rank-1,0
Python,https://github.com/codespell-project/codespell,2017-07-03,534.0,rank-1,0
Python,https://github.com/codespell-project/codespell,2017-07-04,535.0,rank-1,0
Python,https://github.com/codespell-project/codespell,2017-07-10,537.0,rank-1,0
Python,https://github.com/codespell-project/codespell,2017-07-14,538.0,rank-1,0
Python,https://github.com/codespell-project/codespell,2017-07-17,541.0,rank-1,0
Python,https://github.com/codespell-project/codespell,2017-07-18,542.0,rank-1,0
Python,https://github.com/codespell-project/codespell,2017-07-21,544.0,rank-1,0
Python,https://github.com/codespell-project/codespell,2017-07-22,546.0,rank-1,0
Python,https://github.com/codespell-project/codespell,2017-07-23,547.0,rank-1,0
Python,https://github.com/codespell-project/codespell,2017-07-24,550.0,rank-1,0
Python,https://github.com/codespell-project/codespell,2017-07-25,552.0,rank-1,0
Python,https://github.com/codespell-project/codespell,2017-07-29,553.0,rank-1,0
Python,https://github.com/codespell-project/codespell,2017-08-03,554.0,rank-1,0
Python,https://github.com/codespell-project/codespell,2017-08-05,555.0,rank-1,0
Python,https://github.com/codespell-project/codespell,2017-08-10,556.0,rank-1,0
Python,https://github.com/codespell-project/codespell,2017-08-13,559.0,rank-1,0
Python,https://github.com/codespell-project/codespell,2017-08-15,566.0,rank-1,0
Python,https://github.com/codespell-project/codespell,2017-08-17,571.0,rank-1,0
Python,https://github.com/codespell-project/codespell,2017-08-22,573.0,rank-1,0
Python,https://github.com/codespell-project/codespell,2017-08-23,574.0,rank-1,0
Python,https://github.com/codespell-project/codespell,2017-08-27,577.0,rank-1,0
Python,https://github.com/codespell-project/codespell,2017-08-28,583.0,rank-1,0
Python,https://github.com/codespell-project/codespell,2017-08-31,585.0,rank-1,0
Python,https://github.com/codespell-project/codespell,2017-09-01,587.0,rank-1,0
Python,https://github.com/codespell-project/codespell,2017-09-02,589.0,rank-1,0
Python,https://github.com/codespell-project/codespell,2017-09-04,590.0,rank-1,0
Python,https://github.com/codespell-project/codespell,2017-09-06,591.0,rank-1,0
Python,https://github.com/codespell-project/codespell,2017-09-13,593.0,rank-1,0
Python,https://github.com/codespell-project/codespell,2017-09-14,594.0,rank-1,0
Python,https://github.com/codespell-project/codespell,2017-09-15,601.0,rank-1,0
Python,https://github.com/codespell-project/codespell,2017-09-16,602.0,rank-1,0
Python,https://github.com/codespell-project/codespell,2017-09-17,604.0,rank-1,0
Python,https://github.com/codespell-project/codespell,2017-09-18,606.0,rank-1,0
Python,https://github.com/codespell-project/codespell,2017-09-19,609.0,rank-1,0
Python,https://github.com/codespell-project/codespell,2017-09-20,612.0,rank-1,0
Python,https://github.com/codespell-project/codespell,2017-09-26,617.0,rank-1,0
Python,https://github.com/codespell-project/codespell,2017-09-29,621.0,rank-1,0
Python,https://github.com/codespell-project/codespell,2017-10-01,625.0,rank-1,0
Python,https://github.com/codespell-project/codespell,2017-10-03,627.0,rank-1,0
Python,https://github.com/codespell-project/codespell,2017-10-05,628.0,rank-1,0
Python,https://github.com/codespell-project/codespell,2017-10-06,632.0,rank-1,0
Python,https://github.com/codespell-project/codespell,2017-10-08,640.0,rank-1,0
Python,https://github.com/codespell-project/codespell,2017-10-09,647.0,rank-1,0
Python,https://github.com/codespell-project/codespell,2017-10-10,651.0,rank-1,0
Python,https://github.com/codespell-project/codespell,2017-10-11,656.0,rank-1,0
Python,https://github.com/codespell-project/codespell,2017-10-12,660.0,rank-1,0
Python,https://github.com/codespell-project/codespell,2017-10-13,664.0,rank-1,0
Python,https://github.com/codespell-project/codespell,2017-10-14,666.0,rank-1,0
Python,https://github.com/codespell-project/codespell,2017-10-15,670.0,rank-1,0
Python,https://github.com/codespell-project/codespell,2017-10-16,676.0,rank-1,0
Python,https://github.com/codespell-project/codespell,2017-10-17,681.0,rank-1,0
Python,https://github.com/codespell-project/codespell,2017-10-19,682.0,rank-1,0
Python,https://github.com/codespell-project/codespell,2017-10-20,684.0,rank-1,0
Python,https://github.com/codespell-project/codespell,2017-10-23,686.0,rank-1,0
Python,https://github.com/codespell-project/codespell,2017-10-24,693.0,rank-1,0
Python,https://github.com/codespell-project/codespell,2017-10-25,694.0,rank-1,0
Python,https://github.com/codespell-project/codespell,2017-10-26,696.0,rank-1,0
Python,https://github.com/codespell-project/codespell,2017-10-28,698.0,rank-1,0
Python,https://github.com/codespell-project/codespell,2017-10-29,702.0,rank-1,0
Python,https://github.com/codespell-project/codespell,2017-10-30,709.0,rank-1,0
Python,https://github.com/codespell-project/codespell,2017-10-31,711.0,rank-1,0
Python,https://github.com/codespell-project/codespell,2017-11-01,712.0,rank-1,0
Python,https://github.com/codespell-project/codespell,2017-11-03,716.0,rank-1,0
Python,https://github.com/codespell-project/codespell,2017-11-04,717.0,rank-1,0
Python,https://github.com/codespell-project/codespell,2017-11-05,719.0,rank-1,0
Python,https://github.com/codespell-project/codespell,2017-11-06,721.0,rank-1,0
Python,https://github.com/codespell-project/codespell,2017-11-07,729.0,rank-1,0
Python,https://github.com/codespell-project/codespell,2017-11-08,732.0,rank-1,0
Python,https://github.com/codespell-project/codespell,2017-11-09,745.0,rank-1,0
Python,https://github.com/codespell-project/codespell,2017-11-10,749.0,rank-1,0
Python,https://github.com/codespell-project/codespell,2017-11-12,751.0,rank-1,0
Python,https://github.com/codespell-project/codespell,2017-11-13,753.0,rank-1,0
Python,https://github.com/codespell-project/codespell,2017-11-14,765.0,rank-1,0
Python,https://github.com/codespell-project/codespell,2017-11-15,774.0,rank-1,0
Python,https://github.com/codespell-project/codespell,2017-11-16,788.0,rank-1,0
Python,https://github.com/codespell-project/codespell,2017-11-17,790.0,rank-1,0
Python,https://github.com/codespell-project/codespell,2017-11-18,792.0,rank-1,0
Python,https://github.com/codespell-project/codespell,2017-11-19,794.0,rank-1,0
Python,https://github.com/codespell-project/codespell,2017-11-22,796.0,rank-1,0
Python,https://github.com/codespell-project/codespell,2017-11-23,797.0,rank-1,0
Python,https://github.com/codespell-project/codespell,2017-11-24,799.0,rank-1,0
Python,https://github.com/codespell-project/codespell,2017-11-26,802.0,rank-1,0
Python,https://github.com/codespell-project/codespell,2017-11-27,815.0,rank-1,0
Python,https://github.com/codespell-project/codespell,2017-11-28,817.0,rank-1,0
Python,https://github.com/codespell-project/codespell,2017-11-29,825.0,rank-1,0
Python,https://github.com/codespell-project/codespell,2017-11-30,826.0,rank-1,0
Python,https://github.com/codespell-project/codespell,2017-12-01,828.0,rank-1,0
Python,https://github.com/codespell-project/codespell,2017-12-03,829.0,rank-1,0
Python,https://github.com/codespell-project/codespell,2017-12-04,839.0,rank-1,0
Python,https://github.com/codespell-project/codespell,2017-12-05,842.0,rank-1,0
Python,https://github.com/codespell-project/codespell,2017-12-06,848.0,rank-1,0
Python,https://github.com/codespell-project/codespell,2017-12-07,850.0,rank-1,0
Python,https://github.com/codespell-project/codespell,2017-12-09,851.0,rank-1,0
Python,https://github.com/codespell-project/codespell,2017-12-11,853.0,rank-1,0
Python,https://github.com/codespell-project/codespell,2017-12-12,854.0,rank-1,0
Python,https://github.com/codespell-project/codespell,2017-12-13,857.0,rank-1,0
Python,https://github.com/codespell-project/codespell,2017-12-14,858.0,rank-1,0
Python,https://github.com/codespell-project/codespell,2017-12-15,863.0,rank-1,0
Python,https://github.com/codespell-project/codespell,2017-12-18,864.0,rank-1,0
Python,https://github.com/codespell-project/codespell,2017-12-19,867.0,rank-1,0
Python,https://github.com/codespell-project/codespell,2017-12-20,869.0,rank-1,0
Python,https://github.com/codespell-project/codespell,2017-12-23,873.0,rank-1,0
Python,https://github.com/codespell-project/codespell,2017-12-24,874.0,rank-1,0
Python,https://github.com/codespell-project/codespell,2017-12-27,875.0,rank-1,0
Python,https://github.com/codespell-project/codespell,2017-12-28,876.0,rank-1,0
Python,https://github.com/codespell-project/codespell,2017-12-31,880.0,rank-1,0
Python,https://github.com/codespell-project/codespell,2018-01-01,881.0,rank-1,1
Python,https://github.com/codespell-project/codespell,2018-01-02,884.0,rank-1,1
Python,https://github.com/codespell-project/codespell,2018-01-03,889.0,rank-1,1
Python,https://github.com/codespell-project/codespell,2018-01-04,890.0,rank-1,1
Python,https://github.com/codespell-project/codespell,2018-01-05,895.0,rank-1,1
Python,https://github.com/codespell-project/codespell,2018-01-07,896.0,rank-1,1
Python,https://github.com/codespell-project/codespell,2018-01-08,899.0,rank-1,1
Python,https://github.com/codespell-project/codespell,2018-01-09,933.0,rank-1,1
Python,https://github.com/codespell-project/codespell,2018-01-10,935.0,rank-1,1
Python,https://github.com/codespell-project/codespell,2018-01-11,937.0,rank-1,1
Python,https://github.com/codespell-project/codespell,2018-01-12,945.0,rank-1,1
Python,https://github.com/codespell-project/codespell,2018-01-13,949.0,rank-1,1
Python,https://github.com/codespell-project/codespell,2018-01-14,950.0,rank-1,1
Python,https://github.com/codespell-project/codespell,2018-01-15,955.0,rank-1,1
Python,https://github.com/codespell-project/codespell,2018-01-16,957.0,rank-1,1
Python,https://github.com/codespell-project/codespell,2018-01-17,959.0,rank-1,1
Python,https://github.com/codespell-project/codespell,2018-01-18,968.0,rank-1,1
Python,https://github.com/codespell-project/codespell,2018-01-19,973.0,rank-1,1
Python,https://github.com/codespell-project/codespell,2018-01-20,975.0,rank-1,1
Python,https://github.com/codespell-project/codespell,2018-01-21,976.0,rank-1,1
Python,https://github.com/codespell-project/codespell,2018-01-22,977.0,rank-1,1
Python,https://github.com/codespell-project/codespell,2018-01-23,980.0,rank-1,1
Python,https://github.com/codespell-project/codespell,2018-01-24,982.0,rank-1,1
Python,https://github.com/codespell-project/codespell,2018-01-25,987.0,rank-1,1
Python,https://github.com/codespell-project/codespell,2018-01-26,988.0,rank-1,1
Python,https://github.com/codespell-project/codespell,2018-01-27,992.0,rank-1,1
Python,https://github.com/codespell-project/codespell,2018-01-28,993.0,rank-1,1
Python,https://github.com/codespell-project/codespell,2018-01-29,1003.0,rank-1,1
Python,https://github.com/codespell-project/codespell,2018-02-02,1004.0,rank-1,1
Python,https://github.com/codespell-project/codespell,2018-02-03,1007.0,rank-1,1
Python,https://github.com/codespell-project/codespell,2018-02-04,1008.0,rank-1,1
Python,https://github.com/codespell-project/codespell,2018-02-05,1016.0,rank-1,1
Python,https://github.com/codespell-project/codespell,2018-02-06,1018.0,rank-1,1
Python,https://github.com/codespell-project/codespell,2018-02-07,1025.0,rank-1,1
Python,https://github.com/codespell-project/codespell,2018-02-08,1029.0,rank-1,1
Python,https://github.com/codespell-project/codespell,2018-02-09,1034.0,rank-1,1
Python,https://github.com/codespell-project/codespell,2018-02-10,1035.0,rank-1,1
Python,https://github.com/codespell-project/codespell,2018-02-12,1038.0,rank-1,1
Python,https://github.com/codespell-project/codespell,2018-02-13,1040.0,rank-1,1
Python,https://github.com/codespell-project/codespell,2018-02-14,1050.0,rank-1,1
Python,https://github.com/codespell-project/codespell,2018-02-15,1062.0,rank-1,1
Python,https://github.com/codespell-project/codespell,2018-02-16,1068.0,rank-1,2
Python,https://github.com/codespell-project/codespell,2018-02-17,1073.0,rank-1,2
Python,https://github.com/codespell-project/codespell,2018-02-18,1075.0,rank-1,2
Python,https://github.com/codespell-project/codespell,2018-02-19,1078.0,rank-1,2
Python,https://github.com/codespell-project/codespell,2018-02-21,1080.0,rank-1,2
Python,https://github.com/codespell-project/codespell,2018-02-22,1084.0,rank-1,2
Python,https://github.com/codespell-project/codespell,2018-02-23,1085.0,rank-1,2
Python,https://github.com/codespell-project/codespell,2018-02-24,1087.0,rank-1,2
Python,https://github.com/codespell-project/codespell,2018-02-25,1092.0,rank-1,3
Python,https://github.com/codespell-project/codespell,2018-02-26,1094.0,rank-1,3
Python,https://github.com/codespell-project/codespell,2018-02-27,1096.0,rank-1,3
Python,https://github.com/codespell-project/codespell,2018-02-28,1100.0,rank-1,3
Python,https://github.com/codespell-project/codespell,2018-03-01,1101.0,rank-1,3
Python,https://github.com/codespell-project/codespell,2018-03-02,1103.0,rank-1,3
Python,https://github.com/codespell-project/codespell,2018-03-03,1108.0,rank-1,3
Python,https://github.com/codespell-project/codespell,2018-03-04,1109.0,rank-1,3
Python,https://github.com/codespell-project/codespell,2018-03-05,1114.0,rank-1,3
Python,https://github.com/codespell-project/codespell,2018-03-06,1116.0,rank-1,3
Python,https://github.com/codespell-project/codespell,2018-03-08,1120.0,rank-1,3
Python,https://github.com/codespell-project/codespell,2018-03-09,1122.0,rank-1,3
Python,https://github.com/codespell-project/codespell,2018-03-11,1123.0,rank-1,3
Python,https://github.com/codespell-project/codespell,2018-03-12,1131.0,rank-1,3
Python,https://github.com/codespell-project/codespell,2018-03-14,1132.0,rank-1,3
Python,https://github.com/codespell-project/codespell,2018-03-16,1133.0,rank-1,3
Python,https://github.com/codespell-project/codespell,2018-03-17,1135.0,rank-1,3
Python,https://github.com/codespell-project/codespell,2018-03-19,1137.0,rank-1,3
Python,https://github.com/codespell-project/codespell,2018-03-20,1138.0,rank-1,3
Python,https://github.com/codespell-project/codespell,2018-03-22,1140.0,rank-1,3
Python,https://github.com/codespell-project/codespell,2018-03-23,1142.0,rank-1,3
Python,https://github.com/codespell-project/codespell,2018-03-24,1145.0,rank-1,3
Python,https://github.com/codespell-project/codespell,2018-03-25,1149.0,rank-1,3
Python,https://github.com/codespell-project/codespell,2018-03-26,1151.0,rank-1,3
Python,https://github.com/codespell-project/codespell,2018-03-27,1156.0,rank-1,3
Python,https://github.com/codespell-project/codespell,2018-03-28,1157.0,rank-1,3
Python,https://github.com/codespell-project/codespell,2018-03-29,1158.0,rank-1,3
Python,https://github.com/codespell-project/codespell,2018-03-30,1159.0,rank-1,3
Python,https://github.com/codespell-project/codespell,2018-03-31,1166.0,rank-1,3
Python,https://github.com/codespell-project/codespell,2018-04-01,1167.0,rank-1,3
Python,https://github.com/codespell-project/codespell,2018-04-02,1169.0,rank-1,3
Python,https://github.com/codespell-project/codespell,2018-04-03,1171.0,rank-1,3
Python,https://github.com/codespell-project/codespell,2018-04-04,1173.0,rank-1,3
Python,https://github.com/codespell-project/codespell,2018-04-05,1176.0,rank-1,3
Python,https://github.com/codespell-project/codespell,2018-04-06,1178.0,rank-1,3
Python,https://github.com/codespell-project/codespell,2018-04-07,1180.0,rank-1,3
Python,https://github.com/codespell-project/codespell,2018-04-09,1181.0,rank-1,3
Python,https://github.com/codespell-project/codespell,2018-04-12,1182.0,rank-1,3
Python,https://github.com/codespell-project/codespell,2018-04-13,1183.0,rank-1,3
Python,https://github.com/codespell-project/codespell,2018-04-15,1184.0,rank-1,3
Python,https://github.com/codespell-project/codespell,2018-04-16,1191.0,rank-1,3
Python,https://github.com/codespell-project/codespell,2018-04-17,1193.0,rank-1,3
Python,https://github.com/codespell-project/codespell,2018-04-18,1194.0,rank-1,3
Python,https://github.com/codespell-project/codespell,2018-04-20,1197.0,rank-1,3
Python,https://github.com/codespell-project/codespell,2018-04-23,1198.0,rank-1,3
Python,https://github.com/codespell-project/codespell,2018-04-24,1201.0,rank-1,3
Python,https://github.com/codespell-project/codespell,2018-04-26,1209.0,rank-1,3
Python,https://github.com/codespell-project/codespell,2018-04-27,1213.0,rank-1,3
Python,https://github.com/codespell-project/codespell,2018-04-28,1215.0,rank-1,3
Python,https://github.com/codespell-project/codespell,2018-04-29,1216.0,rank-1,3
Python,https://github.com/codespell-project/codespell,2018-04-30,1218.0,rank-1,4
Python,https://github.com/codespell-project/codespell,2018-05-01,1219.0,rank-1,4
Python,https://github.com/codespell-project/codespell,2018-05-02,1221.0,rank-1,4
Python,https://github.com/codespell-project/codespell,2018-05-04,1228.0,rank-1,4
Python,https://github.com/codespell-project/codespell,2018-05-05,1230.0,rank-1,4
Python,https://github.com/codespell-project/codespell,2018-05-07,1241.0,rank-1,5
Python,https://github.com/codespell-project/codespell,2018-05-08,1244.0,rank-1,5
Python,https://github.com/codespell-project/codespell,2018-05-09,1246.0,rank-1,5
Python,https://github.com/codespell-project/codespell,2018-05-10,1254.0,rank-1,5
Python,https://github.com/codespell-project/codespell,2018-05-11,1255.0,rank-1,5
Python,https://github.com/codespell-project/codespell,2018-05-14,1257.0,rank-1,5
Python,https://github.com/codespell-project/codespell,2018-05-16,1260.0,rank-1,5
Python,https://github.com/codespell-project/codespell,2018-05-17,1264.0,rank-1,5
Python,https://github.com/codespell-project/codespell,2018-05-18,1265.0,rank-1,5
Python,https://github.com/codespell-project/codespell,2018-05-19,1267.0,rank-1,5
Python,https://github.com/codespell-project/codespell,2018-05-20,1268.0,rank-1,5
Python,https://github.com/codespell-project/codespell,2018-05-21,1270.0,rank-1,5
Python,https://github.com/codespell-project/codespell,2018-05-22,1273.0,rank-1,5
Python,https://github.com/codespell-project/codespell,2018-05-23,1274.0,rank-1,5
Python,https://github.com/codespell-project/codespell,2018-05-24,1275.0,rank-1,5
Python,https://github.com/codespell-project/codespell,2018-05-25,1277.0,rank-1,5
Python,https://github.com/codespell-project/codespell,2018-05-26,1278.0,rank-1,5
Python,https://github.com/codespell-project/codespell,2018-05-29,1280.0,rank-1,5
Python,https://github.com/codespell-project/codespell,2018-05-31,1282.0,rank-1,5
Python,https://github.com/codespell-project/codespell,2018-06-02,1283.0,rank-1,6
Python,https://github.com/codespell-project/codespell,2018-06-03,1284.0,rank-1,6
Python,https://github.com/codespell-project/codespell,2018-06-04,1287.0,rank-1,6
Python,https://github.com/codespell-project/codespell,2018-06-05,1288.0,rank-1,6
Python,https://github.com/codespell-project/codespell,2018-06-07,1290.0,rank-1,6
Python,https://github.com/codespell-project/codespell,2018-06-08,1292.0,rank-1,6
Python,https://github.com/codespell-project/codespell,2018-06-09,1293.0,rank-1,6
Python,https://github.com/codespell-project/codespell,2018-06-10,1296.0,rank-1,6
Python,https://github.com/codespell-project/codespell,2018-06-11,1298.0,rank-1,7
Python,https://github.com/codespell-project/codespell,2018-06-12,1299.0,rank-1,7
Python,https://github.com/codespell-project/codespell,2018-06-15,1301.0,rank-1,7
Python,https://github.com/codespell-project/codespell,2018-06-16,1302.0,rank-1,7
Python,https://github.com/codespell-project/codespell,2018-06-18,1305.0,rank-1,7
Python,https://github.com/codespell-project/codespell,2018-06-19,1307.0,rank-1,7
Python,https://github.com/codespell-project/codespell,2018-06-20,1310.0,rank-1,7
Python,https://github.com/codespell-project/codespell,2018-06-22,1311.0,rank-1,7
Python,https://github.com/codespell-project/codespell,2018-06-24,1312.0,rank-1,7
Python,https://github.com/codespell-project/codespell,2018-06-26,1313.0,rank-1,7
Python,https://github.com/codespell-project/codespell,2018-06-27,1315.0,rank-1,7
Python,https://github.com/codespell-project/codespell,2018-07-02,1316.0,rank-1,7
Python,https://github.com/codespell-project/codespell,2018-07-03,1318.0,rank-1,7
Python,https://github.com/codespell-project/codespell,2018-07-05,1320.0,rank-1,7
Python,https://github.com/codespell-project/codespell,2018-07-06,1321.0,rank-1,7
Python,https://github.com/codespell-project/codespell,2018-07-07,1322.0,rank-1,7
Python,https://github.com/codespell-project/codespell,2018-07-08,1323.0,rank-1,7
Python,https://github.com/codespell-project/codespell,2018-07-09,1324.0,rank-1,7
Python,https://github.com/codespell-project/codespell,2018-07-10,1325.0,rank-1,7
Python,https://github.com/codespell-project/codespell,2018-07-11,1327.0,rank-1,7
Python,https://github.com/codespell-project/codespell,2018-07-12,1329.0,rank-1,7
Python,https://github.com/codespell-project/codespell,2018-07-13,1330.0,rank-1,7
Python,https://github.com/codespell-project/codespell,2018-07-14,1332.0,rank-1,7
Python,https://github.com/codespell-project/codespell,2018-07-16,1334.0,rank-1,7
Python,https://github.com/codespell-project/codespell,2018-07-18,1335.0,rank-1,7
Python,https://github.com/codespell-project/codespell,2018-07-22,1337.0,rank-1,7
Python,https://github.com/codespell-project/codespell,2018-07-23,1340.0,rank-1,7
Python,https://github.com/codespell-project/codespell,2018-07-25,1342.0,rank-1,7
Python,https://github.com/codespell-project/codespell,2018-07-26,1344.0,rank-1,7
Python,https://github.com/codespell-project/codespell,2018-07-28,1345.0,rank-1,7
Python,https://github.com/codespell-project/codespell,2018-07-29,1352.0,rank-1,8
Python,https://github.com/codespell-project/codespell,2018-07-30,1353.0,rank-1,9
Python,https://github.com/codespell-project/codespell,2018-07-31,1355.0,rank-1,9
Python,https://github.com/codespell-project/codespell,2018-08-03,1356.0,rank-1,9
Python,https://github.com/codespell-project/codespell,2018-08-04,1357.0,rank-1,9
Python,https://github.com/codespell-project/codespell,2018-08-05,1359.0,rank-1,10
Python,https://github.com/codespell-project/codespell,2018-08-06,1367.0,rank-1,10
Python,https://github.com/codespell-project/codespell,2018-08-07,1370.0,rank-1,10
Python,https://github.com/codespell-project/codespell,2018-08-09,1375.0,rank-1,10
Python,https://github.com/codespell-project/codespell,2018-08-12,1378.0,rank-1,11
Python,https://github.com/codespell-project/codespell,2018-08-13,1387.0,rank-1,11
Python,https://github.com/codespell-project/codespell,2018-08-14,1390.0,rank-1,13
Python,https://github.com/codespell-project/codespell,2018-08-15,1391.0,rank-1,13
Python,https://github.com/codespell-project/codespell,2018-08-16,1392.0,rank-1,14
Python,https://github.com/codespell-project/codespell,2018-08-17,1394.0,rank-1,14
Python,https://github.com/codespell-project/codespell,2018-08-21,1395.0,rank-1,14
Python,https://github.com/codespell-project/codespell,2018-08-23,1396.0,rank-1,14
Python,https://github.com/codespell-project/codespell,2018-08-26,1397.0,rank-1,14
Python,https://github.com/codespell-project/codespell,2018-08-27,1400.0,rank-1,14
Python,https://github.com/codespell-project/codespell,2018-08-28,1401.0,rank-1,14
Python,https://github.com/codespell-project/codespell,2018-08-30,1405.0,rank-1,14
Python,https://github.com/codespell-project/codespell,2018-09-01,1408.0,rank-1,14
Python,https://github.com/codespell-project/codespell,2018-09-02,1410.0,rank-1,14
Python,https://github.com/codespell-project/codespell,2018-09-03,1412.0,rank-1,14
Python,https://github.com/codespell-project/codespell,2018-09-04,1415.0,rank-1,14
Python,https://github.com/codespell-project/codespell,2018-09-06,1416.0,rank-1,14
Python,https://github.com/codespell-project/codespell,2018-09-09,1417.0,rank-1,14
Python,https://github.com/codespell-project/codespell,2018-09-10,1421.0,rank-1,14
Python,https://github.com/codespell-project/codespell,2018-09-11,1422.0,rank-1,14
Python,https://github.com/codespell-project/codespell,2018-09-13,1423.0,rank-1,14
Python,https://github.com/codespell-project/codespell,2018-09-14,1426.0,rank-1,14
Python,https://github.com/codespell-project/codespell,2018-09-16,1428.0,rank-1,14
Python,https://github.com/codespell-project/codespell,2018-09-19,1431.0,rank-1,14
Python,https://github.com/codespell-project/codespell,2018-09-20,1432.0,rank-1,15
Python,https://github.com/codespell-project/codespell,2018-09-21,1435.0,rank-1,15
Python,https://github.com/codespell-project/codespell,2018-09-22,1436.0,rank-1,15
Python,https://github.com/codespell-project/codespell,2018-09-23,1438.0,rank-1,15
Python,https://github.com/codespell-project/codespell,2018-09-26,1439.0,rank-1,15
Python,https://github.com/codespell-project/codespell,2018-09-27,1440.0,rank-1,15
Python,https://github.com/codespell-project/codespell,2018-09-28,1448.0,rank-1,15
Python,https://github.com/codespell-project/codespell,2018-09-29,1450.0,rank-1,15
Python,https://github.com/codespell-project/codespell,2018-10-01,1451.0,rank-1,15
Python,https://github.com/codespell-project/codespell,2018-10-02,1452.0,rank-1,16
Python,https://github.com/codespell-project/codespell,2018-10-03,1458.0,rank-1,16
Python,https://github.com/codespell-project/codespell,2018-10-04,1460.0,rank-1,17
Python,https://github.com/codespell-project/codespell,2018-10-05,1464.0,rank-1,18
Python,https://github.com/codespell-project/codespell,2018-10-06,1465.0,rank-1,18
Python,https://github.com/codespell-project/codespell,2018-10-08,1468.0,rank-1,19
Python,https://github.com/codespell-project/codespell,2018-10-09,1469.0,rank-1,19
Python,https://github.com/codespell-project/codespell,2018-10-11,1471.0,rank-1,19
Python,https://github.com/codespell-project/codespell,2018-10-12,1475.0,rank-1,19
Python,https://github.com/codespell-project/codespell,2018-10-13,1476.0,rank-1,19
Python,https://github.com/codespell-project/codespell,2018-10-14,1477.0,rank-1,19
Python,https://github.com/codespell-project/codespell,2018-10-15,1479.0,rank-1,19
Python,https://github.com/codespell-project/codespell,2018-10-16,1482.0,rank-1,19
Python,https://github.com/codespell-project/codespell,2018-10-17,1486.0,rank-1,19
Python,https://github.com/codespell-project/codespell,2018-10-21,1487.0,rank-1,19
Python,https://github.com/codespell-project/codespell,2018-10-22,1494.0,rank-1,19
Python,https://github.com/codespell-project/codespell,2018-10-23,1495.0,rank-1,19
Python,https://github.com/codespell-project/codespell,2018-10-24,1499.0,rank-1,19
Python,https://github.com/codespell-project/codespell,2018-10-25,1500.0,rank-1,19
Python,https://github.com/codespell-project/codespell,2018-10-26,1502.0,rank-1,19
Python,https://github.com/codespell-project/codespell,2018-10-27,1504.0,rank-1,19
Python,https://github.com/codespell-project/codespell,2018-10-28,1505.0,rank-1,19
Python,https://github.com/codespell-project/codespell,2018-10-29,1512.0,rank-1,19
Python,https://github.com/codespell-project/codespell,2018-10-30,1516.0,rank-1,19
Python,https://github.com/codespell-project/codespell,2018-10-31,1519.0,rank-1,19
Python,https://github.com/codespell-project/codespell,2018-11-02,1520.0,rank-1,19
Python,https://github.com/codespell-project/codespell,2018-11-03,1521.0,rank-1,19
Python,https://github.com/codespell-project/codespell,2018-11-04,1522.0,rank-1,19
Python,https://github.com/codespell-project/codespell,2018-11-05,1529.0,rank-1,19
Python,https://github.com/codespell-project/codespell,2018-11-06,1531.0,rank-1,19
Python,https://github.com/codespell-project/codespell,2018-11-07,1535.0,rank-1,20
Python,https://github.com/codespell-project/codespell,2018-11-08,1536.0,rank-1,20
Python,https://github.com/codespell-project/codespell,2018-11-10,1537.0,rank-1,20
Python,https://github.com/codespell-project/codespell,2018-11-12,1539.0,rank-1,21
Python,https://github.com/codespell-project/codespell,2018-11-13,1542.0,rank-1,21
Python,https://github.com/codespell-project/codespell,2018-11-17,1543.0,rank-1,21
Python,https://github.com/codespell-project/codespell,2018-11-19,1544.0,rank-1,21
Python,https://github.com/codespell-project/codespell,2018-11-20,1547.0,rank-1,22
Python,https://github.com/codespell-project/codespell,2018-11-24,1548.0,rank-1,22
Python,https://github.com/codespell-project/codespell,2018-11-26,1551.0,rank-1,23
Python,https://github.com/codespell-project/codespell,2018-11-29,1553.0,rank-1,23
Python,https://github.com/codespell-project/codespell,2018-12-01,1554.0,rank-1,23
Python,https://github.com/codespell-project/codespell,2018-12-02,1555.0,rank-1,23
Python,https://github.com/codespell-project/codespell,2018-12-06,1556.0,rank-1,23
Python,https://github.com/codespell-project/codespell,2018-12-07,1557.0,rank-1,23
Python,https://github.com/codespell-project/codespell,2018-12-08,1561.0,rank-1,23
Python,https://github.com/codespell-project/codespell,2018-12-10,1562.0,rank-1,23
Python,https://github.com/codespell-project/codespell,2018-12-11,1564.0,rank-1,23
Python,https://github.com/codespell-project/codespell,2018-12-12,1565.0,rank-1,23
Python,https://github.com/codespell-project/codespell,2018-12-13,1566.0,rank-1,23
Python,https://github.com/codespell-project/codespell,2018-12-14,1567.0,rank-1,23
Python,https://github.com/codespell-project/codespell,2018-12-19,1568.0,rank-1,23
Python,https://github.com/codespell-project/codespell,2018-12-23,1569.0,rank-1,23
Python,https://github.com/codespell-project/codespell,2018-12-26,1570.0,rank-1,23
Python,https://github.com/codespell-project/codespell,2018-12-27,1571.0,rank-1,23
Python,https://github.com/codespell-project/codespell,2018-12-28,1572.0,rank-1,23
Python,https://github.com/codespell-project/codespell,2018-12-30,1573.0,rank-1,23
Python,https://github.com/codespell-project/codespell,2019-01-07,1581.0,rank-1,24
Python,https://github.com/codespell-project/codespell,2019-01-09,1582.0,rank-1,24
Python,https://github.com/codespell-project/codespell,2019-01-10,1584.0,rank-1,24
Python,https://github.com/codespell-project/codespell,2019-01-11,1586.0,rank-1,24
Python,https://github.com/codespell-project/codespell,2019-01-12,1587.0,rank-1,24
Python,https://github.com/codespell-project/codespell,2019-01-13,1588.0,rank-1,24
Python,https://github.com/codespell-project/codespell,2019-01-14,1590.0,rank-1,24
Python,https://github.com/codespell-project/codespell,2019-01-15,1591.0,rank-1,24
Python,https://github.com/codespell-project/codespell,2019-01-16,1595.0,rank-1,24
Python,https://github.com/codespell-project/codespell,2019-01-17,1598.0,rank-1,24
Python,https://github.com/codespell-project/codespell,2019-01-18,1601.0,rank-1,24
Python,https://github.com/codespell-project/codespell,2019-01-19,1603.0,rank-1,24
Python,https://github.com/codespell-project/codespell,2019-01-20,1604.0,rank-1,24
Python,https://github.com/codespell-project/codespell,2019-01-22,1607.0,rank-1,24
Python,https://github.com/codespell-project/codespell,2019-01-24,1609.0,rank-1,24
Python,https://github.com/codespell-project/codespell,2019-01-25,1611.0,rank-1,24
Python,https://github.com/codespell-project/codespell,2019-01-27,1612.0,rank-1,24
Python,https://github.com/codespell-project/codespell,2019-01-29,1614.0,rank-1,24
Python,https://github.com/codespell-project/codespell,2019-01-30,1615.0,rank-1,24
Python,https://github.com/codespell-project/codespell,2019-01-31,1616.0,rank-1,24
Python,https://github.com/codespell-project/codespell,2019-02-04,1617.0,rank-1,24
Python,https://github.com/codespell-project/codespell,2019-02-05,1619.0,rank-1,24
Python,https://github.com/codespell-project/codespell,2019-02-06,1620.0,rank-1,24
Python,https://github.com/codespell-project/codespell,2019-02-10,1624.0,rank-1,24
Python,https://github.com/codespell-project/codespell,2019-02-13,1627.0,rank-1,25
Python,https://github.com/codespell-project/codespell,2019-02-14,1628.0,rank-1,25
Python,https://github.com/codespell-project/codespell,2019-02-20,1630.0,rank-1,25
Python,https://github.com/codespell-project/codespell,2019-02-21,1631.0,rank-1,25
Python,https://github.com/codespell-project/codespell,2019-02-24,1633.0,rank-1,25
Python,https://github.com/codespell-project/codespell,2019-02-25,1635.0,rank-1,25
Python,https://github.com/codespell-project/codespell,2019-02-26,1636.0,rank-1,25
Python,https://github.com/codespell-project/codespell,2019-02-27,1637.0,rank-1,25
Python,https://github.com/codespell-project/codespell,2019-02-28,1638.0,rank-1,25
Python,https://github.com/codespell-project/codespell,2019-03-01,1639.0,rank-1,25
Python,https://github.com/codespell-project/codespell,2019-03-04,1641.0,rank-1,25
Python,https://github.com/codespell-project/codespell,2019-03-05,1642.0,rank-1,25
Python,https://github.com/codespell-project/codespell,2019-03-06,1645.0,rank-1,25
Python,https://github.com/codespell-project/codespell,2019-03-07,1646.0,rank-1,25
Python,https://github.com/codespell-project/codespell,2019-03-08,1647.0,rank-1,25
Python,https://github.com/codespell-project/codespell,2019-03-10,1652.0,rank-1,26
Python,https://github.com/codespell-project/codespell,2019-03-11,1654.0,rank-1,26
Python,https://github.com/codespell-project/codespell,2019-03-12,1657.0,rank-1,26
Python,https://github.com/codespell-project/codespell,2019-03-13,1661.0,rank-1,26
Python,https://github.com/codespell-project/codespell,2019-03-15,1664.0,rank-1,26
Python,https://github.com/codespell-project/codespell,2019-03-16,1735.0,rank-1,26
Python,https://github.com/codespell-project/codespell,2019-03-17,1740.0,rank-1,26
Python,https://github.com/codespell-project/codespell,2019-03-18,1746.0,rank-1,26
Python,https://github.com/codespell-project/codespell,2019-03-19,2022.0,rank-1,27
Python,https://github.com/codespell-project/codespell,2019-03-20,2028.0,rank-1,27
Python,https://github.com/codespell-project/codespell,2019-03-21,2029.0,rank-1,27
Python,https://github.com/codespell-project/codespell,2019-03-23,2030.0,rank-1,27
Python,https://github.com/codespell-project/codespell,2019-03-26,2036.0,rank-1,27
Python,https://github.com/codespell-project/codespell,2019-03-27,2037.0,rank-1,27
Python,https://github.com/codespell-project/codespell,2019-03-28,2040.0,rank-1,27
Python,https://github.com/codespell-project/codespell,2019-03-29,2044.0,rank-1,27
Python,https://github.com/codespell-project/codespell,2019-04-01,2045.0,rank-1,27
Python,https://github.com/codespell-project/codespell,2019-04-02,2046.0,rank-1,27
Python,https://github.com/codespell-project/codespell,2019-04-04,2060.0,rank-1,27
Python,https://github.com/codespell-project/codespell,2019-04-08,2069.0,rank-1,27
Python,https://github.com/codespell-project/codespell,2019-04-10,2071.0,rank-1,27
Python,https://github.com/codespell-project/codespell,2019-04-19,2072.0,rank-1,27
Python,https://github.com/codespell-project/codespell,2019-04-29,2085.0,rank-1,27
Python,https://github.com/codespell-project/codespell,2019-04-30,2094.0,rank-1,27
Python,https://github.com/codespell-project/codespell,2019-05-03,2095.0,rank-1,27
Python,https://github.com/codespell-project/codespell,2019-05-06,2099.0,rank-1,27
Python,https://github.com/codespell-project/codespell,2019-05-07,2102.0,rank-1,27
Python,https://github.com/codespell-project/codespell,2019-05-08,2105.0,rank-1,27
Python,https://github.com/codespell-project/codespell,2019-05-09,2108.0,rank-1,27
Python,https://github.com/codespell-project/codespell,2019-05-13,2109.0,rank-1,27
Python,https://github.com/codespell-project/codespell,2019-05-16,2110.0,rank-1,27
Python,https://github.com/codespell-project/codespell,2019-05-17,2114.0,rank-1,27
Python,https://github.com/codespell-project/codespell,2019-05-18,2115.0,rank-1,27
Python,https://github.com/codespell-project/codespell,2019-05-20,2118.0,rank-1,27
Python,https://github.com/codespell-project/codespell,2019-05-21,2119.0,rank-1,27
Python,https://github.com/codespell-project/codespell,2019-05-23,2124.0,rank-1,27
Python,https://github.com/codespell-project/codespell,2019-05-24,2132.0,rank-1,27
Python,https://github.com/codespell-project/codespell,2019-05-25,2135.0,rank-1,27
Python,https://github.com/codespell-project/codespell,2019-05-26,2152.0,rank-1,27
Python,https://github.com/codespell-project/codespell,2019-05-27,2170.0,rank-1,30
Python,https://github.com/codespell-project/codespell,2019-05-28,2220.0,rank-1,45
Python,https://github.com/codespell-project/codespell,2019-05-29,2237.0,rank-1,55
Python,https://github.com/codespell-project/codespell,2019-05-30,2238.0,rank-1,55
Python,https://github.com/codespell-project/codespell,2019-06-01,2241.0,rank-1,55
Python,https://github.com/codespell-project/codespell,2019-06-02,2244.0,rank-1,55
Python,https://github.com/codespell-project/codespell,2019-06-03,2245.0,rank-1,55
Python,https://github.com/codespell-project/codespell,2019-06-06,2250.0,rank-1,55
Python,https://github.com/codespell-project/codespell,2019-06-08,2252.0,rank-1,55
Python,https://github.com/codespell-project/codespell,2019-06-09,2260.0,rank-1,60
Python,https://github.com/codespell-project/codespell,2019-06-10,2264.0,rank-1,61
Python,https://github.com/codespell-project/codespell,2019-06-11,2267.0,rank-1,61
Python,https://github.com/codespell-project/codespell,2019-06-12,2273.0,rank-1,65
Python,https://github.com/codespell-project/codespell,2019-06-13,2277.0,rank-1,68
Python,https://github.com/codespell-project/codespell,2019-06-15,2278.0,rank-1,68
Python,https://github.com/codespell-project/codespell,2019-06-16,2281.0,rank-1,68
Python,https://github.com/codespell-project/codespell,2019-06-17,2286.0,rank-1,70
Python,https://github.com/codespell-project/codespell,2019-06-18,2296.0,rank-1,74
Python,https://github.com/codespell-project/codespell,2019-06-19,2298.0,rank-1,76
Python,https://github.com/codespell-project/codespell,2019-06-20,2300.0,rank-1,76
Python,https://github.com/codespell-project/codespell,2019-06-21,2301.0,rank-1,76
Python,https://github.com/codespell-project/codespell,2019-06-22,2302.0,rank-1,76
Python,https://github.com/codespell-project/codespell,2019-06-24,2303.0,rank-1,76
Python,https://github.com/codespell-project/codespell,2019-06-25,2305.0,rank-1,76
Python,https://github.com/codespell-project/codespell,2019-06-27,2306.0,rank-1,76
Python,https://github.com/codespell-project/codespell,2019-06-28,2309.0,rank-1,76
Python,https://github.com/codespell-project/codespell,2019-06-29,2310.0,rank-1,76
Python,https://github.com/codespell-project/codespell,2019-07-02,2312.0,rank-1,76
Python,https://github.com/codespell-project/codespell,2019-07-05,2321.0,rank-1,80
Python,https://github.com/codespell-project/codespell,2019-07-06,2325.0,rank-1,84
Python,https://github.com/codespell-project/codespell,2019-07-07,2326.0,rank-1,84
Python,https://github.com/codespell-project/codespell,2019-07-08,2328.0,rank-1,86
Python,https://github.com/codespell-project/codespell,2019-07-11,2329.0,rank-1,87
Python,https://github.com/codespell-project/codespell,2019-07-17,2340.0,rank-1,88
Python,https://github.com/codespell-project/codespell,2019-07-18,2341.0,rank-1,88
Python,https://github.com/codespell-project/codespell,2019-07-23,2342.0,rank-1,88
Python,https://github.com/codespell-project/codespell,2019-07-29,2351.0,rank-1,88
Python,https://github.com/codespell-project/codespell,2019-07-31,2352.0,rank-1,88
Python,https://github.com/codespell-project/codespell,2019-08-06,2357.0,rank-1,88
Python,https://github.com/codespell-project/codespell,2019-08-07,2363.0,rank-1,88
Python,https://github.com/codespell-project/codespell,2019-08-10,2364.0,rank-1,88
Python,https://github.com/codespell-project/codespell,2019-08-12,2365.0,rank-1,88
Python,https://github.com/codespell-project/codespell,2019-08-13,2366.0,rank-1,88
Python,https://github.com/codespell-project/codespell,2019-08-14,2367.0,rank-1,88
Python,https://github.com/codespell-project/codespell,2019-08-16,2372.0,rank-1,88
Python,https://github.com/codespell-project/codespell,2019-08-20,2374.0,rank-1,88
Python,https://github.com/codespell-project/codespell,2019-08-27,2375.0,rank-1,88
Python,https://github.com/codespell-project/codespell,2019-08-29,2382.0,rank-1,90
Python,https://github.com/codespell-project/codespell,2019-08-30,2383.0,rank-1,90
Python,https://github.com/codespell-project/codespell,2019-09-03,2384.0,rank-1,90
Python,https://github.com/codespell-project/codespell,2019-09-09,2387.0,rank-1,91
Python,https://github.com/codespell-project/codespell,2019-09-11,2388.0,rank-1,91
Python,https://github.com/codespell-project/codespell,2019-09-12,2392.0,rank-1,92
Python,https://github.com/codespell-project/codespell,2019-09-13,2395.0,rank-1,93
Python,https://github.com/codespell-project/codespell,2019-09-15,2398.0,rank-1,93
Python,https://github.com/codespell-project/codespell,2019-09-16,2401.0,rank-1,93
Python,https://github.com/codespell-project/codespell,2019-09-18,2403.0,rank-1,93
Python,https://github.com/codespell-project/codespell,2019-09-19,2406.0,rank-1,94
Python,https://github.com/codespell-project/codespell,2019-09-21,2407.0,rank-1,94
Python,https://github.com/codespell-project/codespell,2019-09-23,2408.0,rank-1,94
Python,https://github.com/codespell-project/codespell,2019-09-26,2418.0,rank-1,94
Python,https://github.com/codespell-project/codespell,2019-09-27,2419.0,rank-1,94
Python,https://github.com/codespell-project/codespell,2019-10-03,2420.0,rank-1,94
Python,https://github.com/codespell-project/codespell,2019-10-07,2422.0,rank-1,94
Python,https://github.com/codespell-project/codespell,2019-10-08,2425.0,rank-1,94
Python,https://github.com/codespell-project/codespell,2019-10-09,2427.0,rank-1,96
Python,https://github.com/codespell-project/codespell,2019-10-10,2437.0,rank-1,100
Python,https://github.com/codespell-project/codespell,2019-10-11,2439.0,rank-1,100
Python,https://github.com/codespell-project/codespell,2019-10-12,2446.0,rank-1,100
Python,https://github.com/codespell-project/codespell,2019-10-13,2447.0,rank-1,100
Python,https://github.com/codespell-project/codespell,2019-10-14,2448.0,rank-1,100
Python,https://github.com/codespell-project/codespell,2019-10-15,2453.0,rank-1,100
Python,https://github.com/codespell-project/codespell,2019-10-16,2455.0,rank-1,100
Python,https://github.com/codespell-project/codespell,2019-10-17,2470.0,rank-1,113
Python,https://github.com/codespell-project/codespell,2019-10-18,2471.0,rank-1,113
Python,https://github.com/codespell-project/codespell,2019-10-21,2480.0,rank-1,113
Python,https://github.com/codespell-project/codespell,2019-10-22,2483.0,rank-1,113
Python,https://github.com/codespell-project/codespell,2019-10-23,2485.0,rank-1,113
Python,https://github.com/codespell-project/codespell,2019-10-25,2488.0,rank-1,113
Python,https://github.com/codespell-project/codespell,2019-10-26,2489.0,rank-1,113
Python,https://github.com/codespell-project/codespell,2019-10-27,2490.0,rank-1,114
Python,https://github.com/codespell-project/codespell,2019-11-04,2492.0,rank-1,114
Python,https://github.com/codespell-project/codespell,2019-11-05,2493.0,rank-1,114
Python,https://github.com/codespell-project/codespell,2019-11-06,2494.0,rank-1,114
Python,https://github.com/codespell-project/codespell,2019-11-07,2498.0,rank-1,114
Python,https://github.com/codespell-project/codespell,2019-11-13,2504.0,rank-1,114
Python,https://github.com/codespell-project/codespell,2019-11-15,2505.0,rank-1,114
Python,https://github.com/codespell-project/codespell,2019-11-19,2506.0,rank-1,114
Python,https://github.com/codespell-project/codespell,2019-11-20,2507.0,rank-1,115
Python,https://github.com/codespell-project/codespell,2019-11-21,2508.0,rank-1,116
Python,https://github.com/codespell-project/codespell,2019-11-22,2509.0,rank-1,116
Python,https://github.com/codespell-project/codespell,2019-11-26,2519.0,rank-1,117
Python,https://github.com/codespell-project/codespell,2019-11-27,2521.0,rank-1,119
Python,https://github.com/codespell-project/codespell,2019-11-29,2522.0,rank-1,119
Python,https://github.com/codespell-project/codespell,2019-12-01,2523.0,rank-1,119
Python,https://github.com/codespell-project/codespell,2019-12-02,2525.0,rank-1,119
Python,https://github.com/codespell-project/codespell,2019-12-03,2529.0,rank-1,120
Python,https://github.com/codespell-project/codespell,2019-12-04,2530.0,rank-1,120
Python,https://github.com/codespell-project/codespell,2019-12-05,2533.0,rank-1,120
Python,https://github.com/codespell-project/codespell,2019-12-06,2535.0,rank-1,120
Python,https://github.com/codespell-project/codespell,2019-12-08,2537.0,rank-1,120
Python,https://github.com/codespell-project/codespell,2019-12-10,2540.0,rank-1,120
Python,https://github.com/codespell-project/codespell,2019-12-11,2541.0,rank-1,120
Python,https://github.com/codespell-project/codespell,2019-12-12,2544.0,rank-1,120
Python,https://github.com/codespell-project/codespell,2019-12-13,2545.0,rank-1,120
Python,https://github.com/codespell-project/codespell,2019-12-16,2547.0,rank-1,120
Python,https://github.com/codespell-project/codespell,2019-12-17,2548.0,rank-1,120
Python,https://github.com/codespell-project/codespell,2019-12-18,2565.0,rank-1,125
Python,https://github.com/codespell-project/codespell,2019-12-19,2601.0,rank-1,127
Python,https://github.com/codespell-project/codespell,2019-12-20,2602.0,rank-1,127
Python,https://github.com/codespell-project/codespell,2019-12-21,2603.0,rank-1,127
Python,https://github.com/codespell-project/codespell,2019-12-22,2608.0,rank-1,129
Python,https://github.com/codespell-project/codespell,2019-12-23,2611.0,rank-1,129
Python,https://github.com/codespell-project/codespell,2019-12-25,2612.0,rank-1,129
Python,https://github.com/codespell-project/codespell,2019-12-26,2616.0,rank-1,132
Python,https://github.com/codespell-project/codespell,2019-12-28,2618.0,rank-1,133
Python,https://github.com/codespell-project/codespell,2019-12-29,2619.0,rank-1,133
Python,https://github.com/codespell-project/codespell,2020-01-02,2620.0,rank-1,133
Python,https://github.com/codespell-project/codespell,2020-01-06,2623.0,rank-1,134
Python,https://github.com/codespell-project/codespell,2020-01-08,2624.0,rank-1,134
Python,https://github.com/codespell-project/codespell,2020-01-09,2628.0,rank-1,135
Python,https://github.com/codespell-project/codespell,2020-01-13,2629.0,rank-1,136
Python,https://github.com/codespell-project/codespell,2020-01-14,2632.0,rank-1,136
Python,https://github.com/codespell-project/codespell,2020-01-15,2635.0,rank-1,136
Python,https://github.com/codespell-project/codespell,2020-01-17,2636.0,rank-1,136
Python,https://github.com/codespell-project/codespell,2020-01-18,2637.0,rank-1,137
Python,https://github.com/codespell-project/codespell,2020-01-23,2640.0,rank-1,137
Python,https://github.com/codespell-project/codespell,2020-02-03,2641.0,rank-1,138
Python,https://github.com/codespell-project/codespell,2020-02-05,2643.0,rank-1,138
Python,https://github.com/codespell-project/codespell,2020-02-17,2645.0,rank-1,139
Python,https://github.com/codespell-project/codespell,2020-02-25,2646.0,rank-1,139
Python,https://github.com/codespell-project/codespell,2020-02-28,2647.0,rank-1,139
Python,https://github.com/codespell-project/codespell,2020-03-02,2648.0,rank-1,139
Python,https://github.com/codespell-project/codespell,2020-03-03,2653.0,rank-1,142
Python,https://github.com/codespell-project/codespell,2020-03-04,2655.0,rank-1,142
Python,https://github.com/codespell-project/codespell,2020-03-05,2656.0,rank-1,142
Python,https://github.com/codespell-project/codespell,2020-03-06,2657.0,rank-1,143
Python,https://github.com/codespell-project/codespell,2020-03-07,2658.0,rank-1,143
Python,https://github.com/codespell-project/codespell,2020-03-10,2660.0,rank-1,143
Python,https://github.com/codespell-project/codespell,2020-03-11,2661.0,rank-1,143
Python,https://github.com/codespell-project/codespell,2020-03-12,2662.0,rank-1,143
Python,https://github.com/codespell-project/codespell,2020-03-13,2667.0,rank-1,145
Python,https://github.com/codespell-project/codespell,2020-03-14,2670.0,rank-1,145
Python,https://github.com/codespell-project/codespell,2020-03-15,2673.0,rank-1,146
Python,https://github.com/codespell-project/codespell,2020-03-16,2675.0,rank-1,146
Python,https://github.com/codespell-project/codespell,2020-03-17,2676.0,rank-1,147
Python,https://github.com/codespell-project/codespell,2020-03-19,2677.0,rank-1,147
Python,https://github.com/codespell-project/codespell,2020-03-21,2678.0,rank-1,147
Python,https://github.com/codespell-project/codespell,2020-03-25,2679.0,rank-1,147
Python,https://github.com/codespell-project/codespell,2020-03-26,2684.0,rank-1,150
Python,https://github.com/codespell-project/codespell,2020-03-27,2686.0,rank-1,150
Python,https://github.com/codespell-project/codespell,2020-03-28,2687.0,rank-1,150
Python,https://github.com/codespell-project/codespell,2020-03-29,2689.0,rank-1,150
Python,https://github.com/codespell-project/codespell,2020-03-30,2691.0,rank-1,151
Python,https://github.com/codespell-project/codespell,2020-03-31,2694.0,rank-1,151
Python,https://github.com/codespell-project/codespell,2020-04-01,2696.0,rank-1,151
Python,https://github.com/codespell-project/codespell,2020-04-02,2697.0,rank-1,152
Python,https://github.com/codespell-project/codespell,2020-04-03,2698.0,rank-1,152
Python,https://github.com/codespell-project/codespell,2020-04-04,2702.0,rank-1,152
Python,https://github.com/codespell-project/codespell,2020-04-05,2706.0,rank-1,153
Python,https://github.com/codespell-project/codespell,2020-04-06,2708.0,rank-1,155
Python,https://github.com/codespell-project/codespell,2020-04-07,2711.0,rank-1,157
Python,https://github.com/codespell-project/codespell,2020-04-10,2712.0,rank-1,157
Python,https://github.com/codespell-project/codespell,2020-04-13,2713.0,rank-1,158
Python,https://github.com/codespell-project/codespell,2020-04-15,2714.0,rank-1,159
Python,https://github.com/codespell-project/codespell,2020-04-17,2715.0,rank-1,160
Python,https://github.com/codespell-project/codespell,2020-04-18,2716.0,rank-1,160
Python,https://github.com/codespell-project/codespell,2020-04-19,2717.0,rank-1,160
Python,https://github.com/codespell-project/codespell,2020-04-21,2719.0,rank-1,160
Python,https://github.com/codespell-project/codespell,2020-04-23,2720.0,rank-1,160
Python,https://github.com/codespell-project/codespell,2020-04-24,2726.0,rank-1,161
Python,https://github.com/codespell-project/codespell,2020-04-25,2727.0,rank-1,161
Python,https://github.com/codespell-project/codespell,2020-04-27,2729.0,rank-1,162
Python,https://github.com/codespell-project/codespell,2020-04-29,2731.0,rank-1,163
Python,https://github.com/codespell-project/codespell,2020-04-30,2735.0,rank-1,164
Python,https://github.com/codespell-project/codespell,2020-05-02,2736.0,rank-1,164
Python,https://github.com/codespell-project/codespell,2020-05-06,2737.0,rank-1,164
Python,https://github.com/codespell-project/codespell,2020-05-07,2740.0,rank-1,164
Python,https://github.com/codespell-project/codespell,2020-05-10,2741.0,rank-1,165
Python,https://github.com/codespell-project/codespell,2020-05-11,2745.0,rank-1,166
Python,https://github.com/codespell-project/codespell,2020-05-12,2746.0,rank-1,166
Python,https://github.com/codespell-project/codespell,2020-05-13,2748.0,rank-1,168
Python,https://github.com/codespell-project/codespell,2020-05-14,2749.0,rank-1,169
Python,https://github.com/codespell-project/codespell,2020-05-16,2752.0,rank-1,171
Python,https://github.com/codespell-project/codespell,2020-05-18,2756.0,rank-1,174
Python,https://github.com/codespell-project/codespell,2020-05-19,2757.0,rank-1,175
Python,https://github.com/codespell-project/codespell,2020-05-20,2764.0,rank-1,179
Python,https://github.com/codespell-project/codespell,2020-05-21,2769.0,rank-1,180
Python,https://github.com/codespell-project/codespell,2020-05-22,2777.0,rank-1,185
Python,https://github.com/codespell-project/codespell,2020-05-24,2780.0,rank-1,186
Python,https://github.com/codespell-project/codespell,2020-05-25,2781.0,rank-1,186
Python,https://github.com/codespell-project/codespell,2020-05-26,2783.0,rank-1,187
Python,https://github.com/codespell-project/codespell,2020-05-27,2788.0,rank-1,189
Python,https://github.com/codespell-project/codespell,2020-05-28,2789.0,rank-1,189
Python,https://github.com/codespell-project/codespell,2020-05-29,2790.0,rank-1,190
Python,https://github.com/codespell-project/codespell,2020-05-30,2793.0,rank-1,191
Python,https://github.com/codespell-project/codespell,2020-05-31,2796.0,rank-1,192
Python,https://github.com/codespell-project/codespell,2020-06-01,2797.0,rank-1,193
Python,https://github.com/codespell-project/codespell,2020-06-03,2800.0,rank-1,194
Python,https://github.com/codespell-project/codespell,2020-06-04,2801.0,rank-1,194
Python,https://github.com/codespell-project/codespell,2020-06-05,2804.0,rank-1,194
Python,https://github.com/codespell-project/codespell,2020-06-06,2811.0,rank-1,197
Python,https://github.com/codespell-project/codespell,2020-06-07,2812.0,rank-1,198
Python,https://github.com/codespell-project/codespell,2020-06-08,2816.0,rank-1,200
Python,https://github.com/codespell-project/codespell,2020-06-09,2819.0,rank-1,201
Python,https://github.com/codespell-project/codespell,2020-06-10,2825.0,rank-1,202
Python,https://github.com/codespell-project/codespell,2020-06-11,2829.0,rank-1,203
Python,https://github.com/codespell-project/codespell,2020-06-12,2831.0,rank-1,203
Python,https://github.com/codespell-project/codespell,2020-06-13,2832.0,rank-1,203
Python,https://github.com/codespell-project/codespell,2020-06-14,2835.0,rank-1,204
Python,https://github.com/codespell-project/codespell,2020-06-15,2840.0,rank-1,205
Python,https://github.com/codespell-project/codespell,2020-06-16,2842.0,rank-1,205
Python,https://github.com/codespell-project/codespell,2020-06-17,2848.0,rank-1,208
Python,https://github.com/codespell-project/codespell,2020-06-18,2849.0,rank-1,208
Python,https://github.com/codespell-project/codespell,2020-06-19,2850.0,rank-1,208
Python,https://github.com/codespell-project/codespell,2020-06-20,2856.0,rank-1,210
Python,https://github.com/codespell-project/codespell,2020-06-21,2857.0,rank-1,210
Python,https://github.com/codespell-project/codespell,2020-06-22,2858.0,rank-1,210
Python,https://github.com/codespell-project/codespell,2020-06-24,2859.0,rank-1,211
Python,https://github.com/codespell-project/codespell,2020-06-30,2861.0,rank-1,211
Python,https://github.com/codespell-project/codespell,2020-07-01,2863.0,rank-1,211
Python,https://github.com/codespell-project/codespell,2020-07-02,2864.0,rank-1,211
Python,https://github.com/codespell-project/codespell,2020-07-03,2865.0,rank-1,211
Python,https://github.com/codespell-project/codespell,2020-07-06,2870.0,rank-1,215
Python,https://github.com/codespell-project/codespell,2020-07-07,2876.0,rank-1,218
Python,https://github.com/codespell-project/codespell,2020-07-08,2877.0,rank-1,218
Python,https://github.com/codespell-project/codespell,2020-07-09,2878.0,rank-1,219
Python,https://github.com/codespell-project/codespell,2020-07-10,2879.0,rank-1,219
Python,https://github.com/codespell-project/codespell,2020-07-13,2880.0,rank-1,219
Python,https://github.com/codespell-project/codespell,2020-07-15,2881.0,rank-1,219
Python,https://github.com/codespell-project/codespell,2020-07-16,2883.0,rank-1,220
Python,https://github.com/codespell-project/codespell,2020-07-18,2884.0,rank-1,220
Python,https://github.com/codespell-project/codespell,2020-07-20,2885.0,rank-1,221
Python,https://github.com/codespell-project/codespell,2020-07-21,2888.0,rank-1,221
Python,https://github.com/codespell-project/codespell,2020-07-22,2890.0,rank-1,222
Python,https://github.com/codespell-project/codespell,2020-07-23,2894.0,rank-1,224
Python,https://github.com/codespell-project/codespell,2020-07-24,2895.0,rank-1,224
Python,https://github.com/codespell-project/codespell,2020-07-27,2899.0,rank-1,224
Python,https://github.com/codespell-project/codespell,2020-07-28,2905.0,rank-1,225
Python,https://github.com/codespell-project/codespell,2020-07-29,2906.0,rank-1,226
Python,https://github.com/codespell-project/codespell,2020-07-30,2907.0,rank-1,226
Python,https://github.com/codespell-project/codespell,2020-07-31,2911.0,rank-1,226
Python,https://github.com/codespell-project/codespell,2020-08-01,2912.0,rank-1,226
Python,https://github.com/codespell-project/codespell,2020-08-03,2917.0,rank-1,227
Python,https://github.com/codespell-project/codespell,2020-08-04,2919.0,rank-1,228
Python,https://github.com/codespell-project/codespell,2020-08-05,2921.0,rank-1,229
Python,https://github.com/codespell-project/codespell,2020-08-06,2926.0,rank-1,230
Python,https://github.com/codespell-project/codespell,2020-08-07,2929.0,rank-1,232
Python,https://github.com/codespell-project/codespell,2020-08-08,2930.0,rank-1,232
Python,https://github.com/codespell-project/codespell,2020-08-10,2934.0,rank-1,234
Python,https://github.com/codespell-project/codespell,2020-08-11,2951.0,rank-1,237
Python,https://github.com/codespell-project/codespell,2020-08-12,2958.0,rank-1,241
Python,https://github.com/codespell-project/codespell,2020-08-13,2969.0,rank-1,242
Python,https://github.com/codespell-project/codespell,2020-08-14,2980.0,rank-1,247
Python,https://github.com/codespell-project/codespell,2020-08-15,2981.0,rank-1,247
Python,https://github.com/codespell-project/codespell,2020-08-16,2982.0,rank-1,248
Python,https://github.com/codespell-project/codespell,2020-08-17,2989.0,rank-1,252
Python,https://github.com/codespell-project/codespell,2020-08-18,3012.0,rank-1,255
Python,https://github.com/codespell-project/codespell,2020-08-19,3015.0,rank-1,257
Python,https://github.com/codespell-project/codespell,2020-08-21,3016.0,rank-1,257
Python,https://github.com/codespell-project/codespell,2020-08-24,3019.0,rank-1,257
Python,https://github.com/codespell-project/codespell,2020-08-26,3020.0,rank-1,257
Python,https://github.com/codespell-project/codespell,2020-08-27,3023.0,rank-1,258
Python,https://github.com/codespell-project/codespell,2020-08-28,3036.0,rank-1,260
Python,https://github.com/codespell-project/codespell,2020-08-29,3037.0,rank-1,261
Python,https://github.com/codespell-project/codespell,2020-08-30,3053.0,rank-1,262
Python,https://github.com/codespell-project/codespell,2020-08-31,3066.0,rank-1,266
Python,https://github.com/codespell-project/codespell,2020-09-01,3071.0,rank-1,268
Python,https://github.com/codespell-project/codespell,2020-09-02,3090.0,rank-1,272
Python,https://github.com/codespell-project/codespell,2020-09-03,3102.0,rank-1,274
Python,https://github.com/codespell-project/codespell,2020-09-04,3105.0,rank-1,275
Python,https://github.com/codespell-project/codespell,2020-09-05,3109.0,rank-1,276
Python,https://github.com/codespell-project/codespell,2020-09-08,3110.0,rank-1,276
Python,https://github.com/codespell-project/codespell,2020-09-13,3111.0,rank-1,276
Python,https://github.com/codespell-project/codespell,2020-09-14,3119.0,rank-1,277
Python,https://github.com/codespell-project/codespell,2020-09-21,3133.0,rank-1,280
Python,https://github.com/codespell-project/codespell,2020-09-22,3153.0,rank-1,285
Python,https://github.com/codespell-project/codespell,2020-09-23,3179.0,rank-1,287
Python,https://github.com/codespell-project/codespell,2020-09-24,3183.0,rank-1,288
Python,https://github.com/codespell-project/codespell,2020-09-26,3185.0,rank-1,288
Python,https://github.com/codespell-project/codespell,2020-09-27,3186.0,rank-1,288
Python,https://github.com/codespell-project/codespell,2020-09-28,3190.0,rank-1,291
Python,https://github.com/codespell-project/codespell,2020-10-01,3193.0,rank-1,291
Python,https://github.com/codespell-project/codespell,2020-10-02,3209.0,rank-1,291
Python,https://github.com/codespell-project/codespell,2020-10-03,3210.0,rank-1,291
Python,https://github.com/codespell-project/codespell,2020-10-07,3212.0,rank-1,291
Python,https://github.com/codespell-project/codespell,2020-10-12,3214.0,rank-1,291
Python,https://github.com/codespell-project/codespell,2020-10-13,3215.0,rank-1,292
Python,https://github.com/codespell-project/codespell,2020-10-14,3218.0,rank-1,293
Python,https://github.com/codespell-project/codespell,2020-10-17,3221.0,rank-1,293
Python,https://github.com/codespell-project/codespell,2020-10-20,3222.0,rank-1,293
Python,https://github.com/codespell-project/codespell,2020-10-21,3225.0,rank-1,293
Python,https://github.com/codespell-project/codespell,2020-10-22,3232.0,rank-1,293
Python,https://github.com/codespell-project/codespell,2020-10-23,3236.0,rank-1,296
Python,https://github.com/codespell-project/codespell,2020-10-24,3240.0,rank-1,297
Python,https://github.com/codespell-project/codespell,2020-10-27,3246.0,rank-1,297
Python,https://github.com/codespell-project/codespell,2020-10-28,3249.0,rank-1,298
Python,https://github.com/codespell-project/codespell,2020-10-29,3254.0,rank-1,299
Python,https://github.com/codespell-project/codespell,2020-11-03,3275.0,rank-1,303
Python,https://github.com/codespell-project/codespell,2020-11-04,3276.0,rank-1,303
Python,https://github.com/codespell-project/codespell,2020-11-05,3279.0,rank-1,303
Python,https://github.com/codespell-project/codespell,2020-11-06,3281.0,rank-1,303
Python,https://github.com/codespell-project/codespell,2020-11-09,3285.0,rank-1,303
Python,https://github.com/codespell-project/codespell,2020-11-18,3308.0,rank-1,303
Python,https://github.com/codespell-project/codespell,2020-11-19,3313.0,rank-1,303
Python,https://github.com/codespell-project/codespell,2020-11-20,3316.0,rank-1,303
Python,https://github.com/codespell-project/codespell,2020-11-23,3325.0,rank-1,304
Python,https://github.com/codespell-project/codespell,2020-11-24,3326.0,rank-1,304
Python,https://github.com/codespell-project/codespell,2020-11-30,3329.0,rank-1,304
Python,https://github.com/codespell-project/codespell,2020-12-01,3338.0,rank-1,304
Python,https://github.com/codespell-project/codespell,2020-12-02,3341.0,rank-1,305
Python,https://github.com/codespell-project/codespell,2020-12-04,3345.0,rank-1,308
Python,https://github.com/codespell-project/codespell,2020-12-08,3359.0,rank-1,310
Python,https://github.com/codespell-project/codespell,2020-12-09,3372.0,rank-1,310
Python,https://github.com/codespell-project/codespell,2020-12-10,3375.0,rank-1,310
Python,https://github.com/codespell-project/codespell,2020-12-11,3381.0,rank-1,310
Python,https://github.com/codespell-project/codespell,2020-12-14,3387.0,rank-1,310
Python,https://github.com/codespell-project/codespell,2020-12-15,3390.0,rank-1,311
Python,https://github.com/codespell-project/codespell,2020-12-18,3391.0,rank-1,311
Python,https://github.com/codespell-project/codespell,2020-12-19,3392.0,rank-1,311
Python,https://github.com/codespell-project/codespell,2020-12-21,3396.0,rank-1,311
Python,https://github.com/codespell-project/codespell,2020-12-23,3399.0,rank-1,311
Python,https://github.com/codespell-project/codespell,2020-12-26,3400.0,rank-1,311
Python,https://github.com/codespell-project/codespell,2020-12-28,3406.0,rank-1,311
Python,https://github.com/codespell-project/codespell,2020-12-29,3410.0,rank-1,311
Python,https://github.com/codespell-project/codespell,2020-12-30,3411.0,rank-1,311
Python,https://github.com/codespell-project/codespell,2020-12-31,3412.0,rank-1,312
Python,https://github.com/codespell-project/codespell,2021-01-01,3414.0,rank-1,312
Python,https://github.com/codespell-project/codespell,2021-01-02,3415.0,rank-1,312
Python,https://github.com/codespell-project/codespell,2021-01-03,3416.0,rank-1,312
Python,https://github.com/codespell-project/codespell,2021-01-04,3418.0,rank-1,312
Python,https://github.com/codespell-project/codespell,2021-01-06,3424.0,rank-1,312
Python,https://github.com/codespell-project/codespell,2021-01-09,3430.0,rank-1,318
Python,https://github.com/codespell-project/codespell,2021-01-10,3433.0,rank-1,319
Python,https://github.com/codespell-project/codespell,2021-01-11,3437.0,rank-1,319
Python,https://github.com/codespell-project/codespell,2021-01-14,3446.0,rank-1,323
Python,https://github.com/codespell-project/codespell,2021-01-15,3447.0,rank-1,323
Python,https://github.com/codespell-project/codespell,2021-01-18,3449.0,rank-1,323
Python,https://github.com/codespell-project/codespell,2021-01-19,3452.0,rank-1,323
Python,https://github.com/codespell-project/codespell,2021-01-20,3454.0,rank-1,325
Python,https://github.com/codespell-project/codespell,2021-01-21,3455.0,rank-1,325
Python,https://github.com/codespell-project/codespell,2021-01-22,3458.0,rank-1,325
Python,https://github.com/codespell-project/codespell,2021-01-23,3461.0,rank-1,325
Python,https://github.com/codespell-project/codespell,2021-01-24,3464.0,rank-1,327
Python,https://github.com/codespell-project/codespell,2021-01-29,3465.0,rank-1,327
Python,https://github.com/codespell-project/codespell,2021-01-30,3467.0,rank-1,327
Python,https://github.com/codespell-project/codespell,2021-02-02,3469.0,rank-1,328
Python,https://github.com/codespell-project/codespell,2021-02-04,3470.0,rank-1,328
Python,https://github.com/codespell-project/codespell,2021-02-05,3471.0,rank-1,328
Python,https://github.com/codespell-project/codespell,2021-02-06,3472.0,rank-1,328
Python,https://github.com/codespell-project/codespell,2021-02-08,3474.0,rank-1,328
Python,https://github.com/codespell-project/codespell,2021-02-11,3478.0,rank-1,328
Python,https://github.com/codespell-project/codespell,2021-02-12,3479.0,rank-1,328
Python,https://github.com/codespell-project/codespell,2021-02-19,3501.0,rank-1,347
Python,https://github.com/codespell-project/codespell,2021-02-20,3509.0,rank-1,350
Python,https://github.com/codespell-project/codespell,2021-02-23,3510.0,rank-1,350
Python,https://github.com/codespell-project/codespell,2021-02-24,3512.0,rank-1,350
Python,https://github.com/codespell-project/codespell,2021-02-25,3513.0,rank-1,350
Python,https://github.com/codespell-project/codespell,2021-02-27,3515.0,rank-1,352
Python,https://github.com/codespell-project/codespell,2021-02-28,3516.0,rank-1,352
Python,https://github.com/codespell-project/codespell,2021-03-01,3519.0,rank-1,354
Python,https://github.com/codespell-project/codespell,2021-03-06,3520.0,rank-1,355
Python,https://github.com/codespell-project/codespell,2021-03-15,3521.0,rank-1,355
Python,https://github.com/codespell-project/codespell,2021-03-22,3523.0,rank-1,355
Python,https://github.com/codespell-project/codespell,2021-03-24,3524.0,rank-1,355
Python,https://github.com/codespell-project/codespell,2021-03-25,3525.0,rank-1,356
Python,https://github.com/codespell-project/codespell,2021-03-26,3526.0,rank-1,357
Python,https://github.com/codespell-project/codespell,2021-03-31,3528.0,rank-1,357
Python,https://github.com/codespell-project/codespell,2021-04-05,3530.0,rank-1,359
Python,https://github.com/codespell-project/codespell,2021-04-06,3532.0,rank-1,359
Python,https://github.com/codespell-project/codespell,2021-04-07,3533.0,rank-1,359
Python,https://github.com/codespell-project/codespell,2021-04-11,3535.0,rank-1,361
Python,https://github.com/codespell-project/codespell,2021-04-14,3540.0,rank-1,361
Python,https://github.com/codespell-project/codespell,2021-04-15,3542.0,rank-1,361
Python,https://github.com/codespell-project/codespell,2021-04-16,3545.0,rank-1,363
Python,https://github.com/codespell-project/codespell,2021-04-20,3546.0,rank-1,363
Python,https://github.com/codespell-project/codespell,2021-04-26,3547.0,rank-1,363
Python,https://github.com/codespell-project/codespell,2021-05-04,3548.0,rank-1,363
Python,https://github.com/codespell-project/codespell,2021-05-07,3549.0,rank-1,364
Python,https://github.com/codespell-project/codespell,2021-05-08,3553.0,rank-1,368
Python,https://github.com/codespell-project/codespell,2021-05-20,3554.0,rank-1,368
Python,https://github.com/codespell-project/codespell,2021-05-28,3555.0,rank-1,369
Python,https://github.com/codespell-project/codespell,2021-06-01,3561.0,rank-1,369
Python,https://github.com/codespell-project/codespell,2021-06-02,3563.0,rank-1,371
Python,https://github.com/codespell-project/codespell,2021-06-10,3566.0,rank-1,372
Python,https://github.com/codespell-project/codespell,2021-06-11,3582.0,rank-1,372
Python,https://github.com/codespell-project/codespell,2021-06-12,3592.0,rank-1,372
Python,https://github.com/codespell-project/codespell,2021-06-13,3609.0,rank-1,372
Python,https://github.com/codespell-project/codespell,2021-06-14,3637.0,rank-1,372
Python,https://github.com/codespell-project/codespell,2021-06-15,3640.0,rank-1,372
Python,https://github.com/codespell-project/codespell,2021-06-16,3642.0,rank-1,372
Python,https://github.com/codespell-project/codespell,2021-06-17,3643.0,rank-1,372
Python,https://github.com/codespell-project/codespell,2021-06-18,3645.0,rank-1,372
Python,https://github.com/codespell-project/codespell,2021-06-20,3647.0,rank-1,373
Python,https://github.com/codespell-project/codespell,2021-06-22,3650.0,rank-1,373
Python,https://github.com/codespell-project/codespell,2021-06-24,3651.0,rank-1,374
Python,https://github.com/codespell-project/codespell,2021-06-29,3653.0,rank-1,376
Python,https://github.com/codespell-project/codespell,2021-07-02,3654.0,rank-1,376
Python,https://github.com/codespell-project/codespell,2021-07-05,3660.0,rank-1,380
Python,https://github.com/codespell-project/codespell,2021-07-08,3661.0,rank-1,380
Python,https://github.com/codespell-project/codespell,2021-07-14,3663.0,rank-1,382
Python,https://github.com/codespell-project/codespell,2021-07-15,3664.0,rank-1,382
Python,https://github.com/codespell-project/codespell,2021-07-16,3665.0,rank-1,382
Python,https://github.com/codespell-project/codespell,2021-07-17,3669.0,rank-1,384
Python,https://github.com/codespell-project/codespell,2021-07-18,3670.0,rank-1,384
Python,https://github.com/codespell-project/codespell,2021-07-20,3672.0,rank-1,385
Python,https://github.com/codespell-project/codespell,2021-07-21,3675.0,rank-1,386
Python,https://github.com/codespell-project/codespell,2021-07-23,3677.0,rank-1,387
Python,https://github.com/codespell-project/codespell,2021-07-26,3678.0,rank-1,388
Python,https://github.com/codespell-project/codespell,2021-07-27,3681.0,rank-1,390
Python,https://github.com/codespell-project/codespell,2021-07-29,3682.0,rank-1,390
Python,https://github.com/codespell-project/codespell,2021-08-01,3684.0,rank-1,390
Python,https://github.com/codespell-project/codespell,2021-08-02,3685.0,rank-1,390
Python,https://github.com/codespell-project/codespell,2021-08-03,3687.0,rank-1,390
Python,https://github.com/codespell-project/codespell,2021-08-04,3688.0,rank-1,390
Python,https://github.com/codespell-project/codespell,2021-08-08,3689.0,rank-1,390
Python,https://github.com/codespell-project/codespell,2021-08-09,3690.0,rank-1,390
Python,https://github.com/codespell-project/codespell,2021-08-12,3691.0,rank-1,390
Python,https://github.com/codespell-project/codespell,2021-08-20,3692.0,rank-1,391
Python,https://github.com/codespell-project/codespell,2021-08-22,3700.0,rank-1,391
Python,https://github.com/codespell-project/codespell,2021-08-25,3703.0,rank-1,391
Python,https://github.com/codespell-project/codespell,2021-08-27,3707.0,rank-1,391
Python,https://github.com/codespell-project/codespell,2021-08-28,3708.0,rank-1,391
Python,https://github.com/codespell-project/codespell,2021-08-30,3711.0,rank-1,391
Python,https://github.com/codespell-project/codespell,2021-08-31,3712.0,rank-1,391
Python,https://github.com/codespell-project/codespell,2021-09-01,3713.0,rank-1,391
Python,https://github.com/codespell-project/codespell,2021-09-03,3715.0,rank-1,391
Python,https://github.com/codespell-project/codespell,2021-09-07,3716.0,rank-1,391
Python,https://github.com/codespell-project/codespell,2021-09-09,3718.0,rank-1,391
Python,https://github.com/codespell-project/codespell,2021-09-10,3719.0,rank-1,391
Python,https://github.com/codespell-project/codespell,2021-09-13,3721.0,rank-1,392
Python,https://github.com/codespell-project/codespell,2021-09-14,3722.0,rank-1,393
Python,https://github.com/codespell-project/codespell,2021-09-15,3723.0,rank-1,393
Python,https://github.com/codespell-project/codespell,2021-09-16,3725.0,rank-1,393
Python,https://github.com/codespell-project/codespell,2021-09-21,3728.0,rank-1,394
Python,https://github.com/codespell-project/codespell,2021-09-22,3732.0,rank-1,395
Python,https://github.com/codespell-project/codespell,2021-09-23,3738.0,rank-1,400
Python,https://github.com/codespell-project/codespell,2021-09-29,3740.0,rank-1,401
Python,https://github.com/codespell-project/codespell,2021-09-30,3741.0,rank-1,401
Python,https://github.com/codespell-project/codespell,2021-10-04,3742.0,rank-1,401
Python,https://github.com/codespell-project/codespell,2021-10-05,3744.0,rank-1,401
Python,https://github.com/codespell-project/codespell,2021-10-06,3745.0,rank-1,401
Python,https://github.com/codespell-project/codespell,2021-10-07,3747.0,rank-1,401
Python,https://github.com/codespell-project/codespell,2021-10-10,3752.0,rank-1,406
Python,https://github.com/codespell-project/codespell,2021-10-11,3756.0,rank-1,409
Python,https://github.com/codespell-project/codespell,2021-10-12,3758.0,rank-1,409
Python,https://github.com/codespell-project/codespell,2021-10-15,3761.0,rank-1,409
Python,https://github.com/codespell-project/codespell,2021-10-16,3762.0,rank-1,410
Python,https://github.com/codespell-project/codespell,2021-10-18,3763.0,rank-1,411
Python,https://github.com/codespell-project/codespell,2021-10-21,3771.0,rank-1,411
Python,https://github.com/codespell-project/codespell,2021-10-22,3773.0,rank-1,411
Python,https://github.com/codespell-project/codespell,2021-10-23,3774.0,rank-1,412
Python,https://github.com/codespell-project/codespell,2021-10-24,3775.0,rank-1,413
Python,https://github.com/codespell-project/codespell,2021-10-25,3781.0,rank-1,413
Python,https://github.com/codespell-project/codespell,2021-10-26,3783.0,rank-1,413
Python,https://github.com/codespell-project/codespell,2021-10-27,3786.0,rank-1,413
Python,https://github.com/codespell-project/codespell,2021-10-29,3787.0,rank-1,413
Python,https://github.com/codespell-project/codespell,2021-10-30,3790.0,rank-1,413
Python,https://github.com/codespell-project/codespell,2021-10-31,3791.0,rank-1,413
Python,https://github.com/codespell-project/codespell,2021-11-01,3795.0,rank-1,413
Python,https://github.com/codespell-project/codespell,2021-11-02,3797.0,rank-1,413
Python,https://github.com/codespell-project/codespell,2021-11-03,3799.0,rank-1,413
Python,https://github.com/codespell-project/codespell,2021-11-04,3800.0,rank-1,414
Python,https://github.com/codespell-project/codespell,2021-11-10,3806.0,rank-1,415
Python,https://github.com/codespell-project/codespell,2021-11-11,3816.0,rank-1,419
Python,https://github.com/codespell-project/codespell,2021-11-12,3820.0,rank-1,420
Python,https://github.com/codespell-project/codespell,2021-11-13,3827.0,rank-1,425
Python,https://github.com/codespell-project/codespell,2021-11-16,3837.0,rank-1,425
Python,https://github.com/codespell-project/codespell,2021-11-17,3838.0,rank-1,425
Python,https://github.com/codespell-project/codespell,2021-11-18,3842.0,rank-1,425
Python,https://github.com/codespell-project/codespell,2021-11-22,3844.0,rank-1,425
Python,https://github.com/codespell-project/codespell,2021-11-23,3845.0,rank-1,425
Python,https://github.com/codespell-project/codespell,2021-11-24,3848.0,rank-1,425
Python,https://github.com/codespell-project/codespell,2021-11-27,3858.0,rank-1,429
Python,https://github.com/codespell-project/codespell,2021-11-29,3859.0,rank-1,429
Python,https://github.com/codespell-project/codespell,2021-11-30,3860.0,rank-1,429
Python,https://github.com/codespell-project/codespell,2021-12-01,3861.0,rank-1,429
Python,https://github.com/codespell-project/codespell,2021-12-02,3868.0,rank-1,433
Python,https://github.com/codespell-project/codespell,2021-12-03,3873.0,rank-1,438
Python,https://github.com/codespell-project/codespell,2021-12-04,3882.0,rank-1,441
Python,https://github.com/codespell-project/codespell,2021-12-05,3884.0,rank-1,442
Python,https://github.com/codespell-project/codespell,2021-12-06,3886.0,rank-1,444
Python,https://github.com/codespell-project/codespell,2021-12-10,3890.0,rank-1,444
Python,https://github.com/codespell-project/codespell,2021-12-16,3891.0,rank-1,444
Python,https://github.com/codespell-project/codespell,2021-12-17,3892.0,rank-1,444
Python,https://github.com/codespell-project/codespell,2021-12-20,3893.0,rank-1,444
Python,https://github.com/codespell-project/codespell,2021-12-21,3895.0,rank-1,444
Python,https://github.com/codespell-project/codespell,2021-12-22,3898.0,rank-1,444
Python,https://github.com/codespell-project/codespell,2021-12-23,3899.0,rank-1,444
Python,https://github.com/codespell-project/codespell,2021-12-24,3904.0,rank-1,447
Python,https://github.com/codespell-project/codespell,2021-12-26,3907.0,rank-1,447
Python,https://github.com/codespell-project/codespell,2021-12-27,3908.0,rank-1,447
Python,https://github.com/codespell-project/codespell,2021-12-29,3915.0,rank-1,452
Python,https://github.com/codespell-project/codespell,2021-12-30,3917.0,rank-1,452
Python,https://github.com/codespell-project/codespell,2022-01-01,3919.0,rank-1,452
Python,https://github.com/codespell-project/codespell,2022-01-02,3923.0,rank-1,452
Python,https://github.com/codespell-project/codespell,2022-01-03,3928.0,rank-1,454
Python,https://github.com/codespell-project/codespell,2022-01-07,3929.0,rank-1,454
Python,https://github.com/codespell-project/codespell,2022-01-08,3930.0,rank-1,454
Python,https://github.com/codespell-project/codespell,2022-01-10,3932.0,rank-1,455
Python,https://github.com/codespell-project/codespell,2022-01-12,3934.0,rank-1,455
Python,https://github.com/codespell-project/codespell,2022-01-13,3936.0,rank-1,455
Python,https://github.com/codespell-project/codespell,2022-01-14,3938.0,rank-1,455
Python,https://github.com/codespell-project/codespell,2022-01-15,3940.0,rank-1,455
Python,https://github.com/codespell-project/codespell,2022-01-16,3941.0,rank-1,455
Python,https://github.com/codespell-project/codespell,2022-01-17,3942.0,rank-1,455
Python,https://github.com/codespell-project/codespell,2022-01-18,3943.0,rank-1,455
Python,https://github.com/codespell-project/codespell,2022-01-19,3947.0,rank-1,458
Python,https://github.com/codespell-project/codespell,2022-01-20,3950.0,rank-1,458
Python,https://github.com/codespell-project/codespell,2022-01-21,3952.0,rank-1,460
Python,https://github.com/codespell-project/codespell,2022-01-24,3954.0,rank-1,461
Python,https://github.com/codespell-project/codespell,2022-01-25,3955.0,rank-1,462
Python,https://github.com/codespell-project/codespell,2022-01-26,3959.0,rank-1,466
Python,https://github.com/codespell-project/codespell,2022-01-27,3965.0,rank-1,467
Python,https://github.com/codespell-project/codespell,2022-01-28,3966.0,rank-1,467
Python,https://github.com/codespell-project/codespell,2022-01-29,3967.0,rank-1,467
Python,https://github.com/codespell-project/codespell,2022-01-30,3968.0,rank-1,467
Python,https://github.com/codespell-project/codespell,2022-02-01,3972.0,rank-1,470
Python,https://github.com/codespell-project/codespell,2022-02-02,3975.0,rank-1,470
Python,https://github.com/codespell-project/codespell,2022-02-03,3977.0,rank-1,471
Python,https://github.com/codespell-project/codespell,2022-02-04,3978.0,rank-1,471
Python,https://github.com/codespell-project/codespell,2022-02-05,3985.0,rank-1,478
Python,https://github.com/codespell-project/codespell,2022-02-06,3987.0,rank-1,478
Python,https://github.com/codespell-project/codespell,2022-02-07,3991.0,rank-1,482
Python,https://github.com/codespell-project/codespell,2022-02-08,3992.0,rank-1,482
Python,https://github.com/codespell-project/codespell,2022-02-09,3994.0,rank-1,484
Python,https://github.com/codespell-project/codespell,2022-02-10,3995.0,rank-1,484
Python,https://github.com/codespell-project/codespell,2022-02-13,3996.0,rank-1,484
Python,https://github.com/codespell-project/codespell,2022-02-14,4002.0,rank-1,486
Python,https://github.com/codespell-project/codespell,2022-02-15,4003.0,rank-1,487
Python,https://github.com/codespell-project/codespell,2022-02-16,4008.0,rank-1,490
Python,https://github.com/codespell-project/codespell,2022-02-17,4009.0,rank-1,490
Python,https://github.com/codespell-project/codespell,2022-02-18,4011.0,rank-1,490
Python,https://github.com/codespell-project/codespell,2022-02-21,4014.0,rank-1,492
Python,https://github.com/codespell-project/codespell,2022-02-23,4019.0,rank-1,494
Python,https://github.com/codespell-project/codespell,2022-02-24,4021.0,rank-1,496
Python,https://github.com/codespell-project/codespell,2022-02-25,4025.0,rank-1,498
Python,https://github.com/codespell-project/codespell,2022-02-26,4026.0,rank-1,499
Python,https://github.com/codespell-project/codespell,2022-02-27,4028.0,rank-1,500
Python,https://github.com/codespell-project/codespell,2022-02-28,4029.0,rank-1,500
Python,https://github.com/codespell-project/codespell,2022-03-01,4031.0,rank-1,500
Python,https://github.com/codespell-project/codespell,2022-03-02,4035.0,rank-1,503
Python,https://github.com/codespell-project/codespell,2022-03-03,4037.0,rank-1,503
Python,https://github.com/codespell-project/codespell,2022-03-04,4039.0,rank-1,505
Python,https://github.com/codespell-project/codespell,2022-03-07,4040.0,rank-1,506
Python,https://github.com/codespell-project/codespell,2022-03-10,4041.0,rank-1,507
Python,https://github.com/codespell-project/codespell,2022-03-14,4043.0,rank-1,509
Python,https://github.com/codespell-project/codespell,2022-03-15,4044.0,rank-1,509
Python,https://github.com/codespell-project/codespell,2022-03-16,4046.0,rank-1,511
Python,https://github.com/codespell-project/codespell,2022-03-17,4047.0,rank-1,512
Python,https://github.com/codespell-project/codespell,2022-03-18,4048.0,rank-1,513
Python,https://github.com/codespell-project/codespell,2022-03-20,4051.0,rank-1,515
Python,https://github.com/codespell-project/codespell,2022-03-21,4058.0,rank-1,522
Python,https://github.com/codespell-project/codespell,2022-03-23,4059.0,rank-1,522
Python,https://github.com/codespell-project/codespell,2022-03-25,4060.0,rank-1,522
Python,https://github.com/codespell-project/codespell,2022-03-26,4063.0,rank-1,525
Python,https://github.com/codespell-project/codespell,2022-03-28,4064.0,rank-1,525
Python,https://github.com/codespell-project/codespell,2022-03-30,4065.0,rank-1,526
Python,https://github.com/codespell-project/codespell,2022-04-02,4067.0,rank-1,526
Python,https://github.com/codespell-project/codespell,2022-04-04,4069.0,rank-1,526
Python,https://github.com/codespell-project/codespell,2022-04-05,4070.0,rank-1,526
Python,https://github.com/codespell-project/codespell,2022-04-08,4071.0,rank-1,526
Python,https://github.com/codespell-project/codespell,2022-04-12,4072.0,rank-1,526
Python,https://github.com/codespell-project/codespell,2022-04-14,4074.0,rank-1,526
Python,https://github.com/codespell-project/codespell,2022-04-18,4076.0,rank-1,528
Python,https://github.com/codespell-project/codespell,2022-04-24,4084.0,rank-1,536
Python,https://github.com/codespell-project/codespell,2022-04-26,4085.0,rank-1,536
Python,https://github.com/codespell-project/codespell,2022-04-29,4089.0,rank-1,537
Python,https://github.com/codespell-project/codespell,2022-04-30,4091.0,rank-1,537
Python,https://github.com/codespell-project/codespell,2022-05-04,4092.0,rank-1,537
Python,https://github.com/codespell-project/codespell,2022-05-05,4093.0,rank-1,537
Python,https://github.com/codespell-project/codespell,2022-05-06,4096.0,rank-1,538
Python,https://github.com/codespell-project/codespell,2022-05-08,4099.0,rank-1,539
Python,https://github.com/codespell-project/codespell,2022-05-10,4101.0,rank-1,540
Python,https://github.com/codespell-project/codespell,2022-05-24,4102.0,rank-1,540
Python,https://github.com/codespell-project/codespell,2022-05-26,4103.0,rank-1,541
Python,https://github.com/codespell-project/codespell,2022-06-03,4104.0,rank-1,541
Python,https://github.com/codespell-project/codespell,2022-06-06,4108.0,rank-1,541
Python,https://github.com/codespell-project/codespell,2022-06-09,4118.0,rank-1,543
Python,https://github.com/codespell-project/codespell,2022-06-10,4119.0,rank-1,543
Python,https://github.com/codespell-project/codespell,2022-06-12,4121.0,rank-1,543
Python,https://github.com/codespell-project/codespell,2022-06-13,4124.0,rank-1,545
Python,https://github.com/codespell-project/codespell,2022-06-14,4126.0,rank-1,545
Python,https://github.com/codespell-project/codespell,2022-06-16,4127.0,rank-1,546
Python,https://github.com/codespell-project/codespell,2022-06-17,4128.0,rank-1,546
Python,https://github.com/codespell-project/codespell,2022-06-22,4130.0,rank-1,547
Python,https://github.com/codespell-project/codespell,2022-06-23,4135.0,rank-1,551
Python,https://github.com/codespell-project/codespell,2022-06-25,4138.0,rank-1,553
Python,https://github.com/codespell-project/codespell,2022-06-26,4140.0,rank-1,553
Python,https://github.com/codespell-project/codespell,2022-06-27,4142.0,rank-1,553
Python,https://github.com/codespell-project/codespell,2022-07-01,4143.0,rank-1,553
Python,https://github.com/codespell-project/codespell,2022-07-04,4146.0,rank-1,553
Python,https://github.com/codespell-project/codespell,2022-07-05,4148.0,rank-1,553
Python,https://github.com/codespell-project/codespell,2022-07-07,4149.0,rank-1,553
Python,https://github.com/codespell-project/codespell,2022-07-09,4154.0,rank-1,558
Python,https://github.com/codespell-project/codespell,2022-07-10,4156.0,rank-1,560
Python,https://github.com/codespell-project/codespell,2022-07-12,4158.0,rank-1,560
Python,https://github.com/codespell-project/codespell,2022-07-13,4159.0,rank-1,561
Python,https://github.com/codespell-project/codespell,2022-07-14,4161.0,rank-1,562
Python,https://github.com/codespell-project/codespell,2022-07-17,4163.0,rank-1,563
Python,https://github.com/codespell-project/codespell,2022-07-19,4167.0,rank-1,563
Python,https://github.com/codespell-project/codespell,2022-07-20,4170.0,rank-1,563
Python,https://github.com/codespell-project/codespell,2022-07-21,4171.0,rank-1,563
Python,https://github.com/codespell-project/codespell,2022-07-23,4172.0,rank-1,563
Python,https://github.com/codespell-project/codespell,2022-07-28,4174.0,rank-1,563
Python,https://github.com/codespell-project/codespell,2022-07-29,4175.0,rank-1,563
Python,https://github.com/codespell-project/codespell,2022-07-30,4176.0,rank-1,563
Python,https://github.com/codespell-project/codespell,2022-07-31,4177.0,rank-1,563
Python,https://github.com/codespell-project/codespell,2022-08-01,4180.0,rank-1,563
Python,https://github.com/codespell-project/codespell,2022-08-02,4182.0,rank-1,563
Python,https://github.com/codespell-project/codespell,2022-08-03,4188.0,rank-1,563
Python,https://github.com/codespell-project/codespell,2022-08-04,4194.0,rank-1,563
Python,https://github.com/codespell-project/codespell,2022-08-09,4198.0,rank-1,563
Python,https://github.com/codespell-project/codespell,2022-08-10,4203.0,rank-1,563
Python,https://github.com/codespell-project/codespell,2022-08-13,4204.0,rank-1,563
Python,https://github.com/codespell-project/codespell,2022-08-16,4205.0,rank-1,563
Python,https://github.com/codespell-project/codespell,2022-08-17,4209.0,rank-1,563
Python,https://github.com/codespell-project/codespell,2022-08-18,4214.0,rank-1,564
Python,https://github.com/codespell-project/codespell,2022-08-19,4220.0,rank-1,564
Python,https://github.com/codespell-project/codespell,2022-08-20,4222.0,rank-1,565
Python,https://github.com/codespell-project/codespell,2022-08-21,4223.0,rank-1,565
Python,https://github.com/codespell-project/codespell,2022-08-23,4225.0,rank-1,565
Python,https://github.com/codespell-project/codespell,2022-08-24,4228.0,rank-1,565
Python,https://github.com/codespell-project/codespell,2022-08-25,4229.0,rank-1,565
Python,https://github.com/codespell-project/codespell,2022-08-26,4230.0,rank-1,565
Python,https://github.com/codespell-project/codespell,2022-08-27,4233.0,rank-1,567
Python,https://github.com/codespell-project/codespell,2022-08-29,4236.0,rank-1,568
Python,https://github.com/codespell-project/codespell,2022-08-30,4237.0,rank-1,569
Python,https://github.com/codespell-project/codespell,2022-08-31,4239.0,rank-1,570
Python,https://github.com/codespell-project/codespell,2022-09-01,4241.0,rank-1,571
Python,https://github.com/codespell-project/codespell,2022-09-04,4242.0,rank-1,571
Python,https://github.com/codespell-project/codespell,2022-09-06,4243.0,rank-1,571
Python,https://github.com/codespell-project/codespell,2022-09-07,4245.0,rank-1,571
Python,https://github.com/codespell-project/codespell,2022-09-08,4246.0,rank-1,571
Python,https://github.com/codespell-project/codespell,2022-09-10,4247.0,rank-1,571
Python,https://github.com/codespell-project/codespell,2022-09-11,4252.0,rank-1,574
Python,https://github.com/codespell-project/codespell,2022-09-12,4253.0,rank-1,575
Python,https://github.com/codespell-project/codespell,2022-09-14,4254.0,rank-1,575
Python,https://github.com/codespell-project/codespell,2022-09-16,4255.0,rank-1,575
Python,https://github.com/codespell-project/codespell,2022-09-18,4256.0,rank-1,575
Python,https://github.com/codespell-project/codespell,2022-09-25,4257.0,rank-1,575
Python,https://github.com/codespell-project/codespell,2022-09-26,4261.0,rank-1,576
Python,https://github.com/codespell-project/codespell,2022-10-03,4264.0,rank-1,576
Python,https://github.com/codespell-project/codespell,2022-10-04,4267.0,rank-1,576
Python,https://github.com/codespell-project/codespell,2022-10-05,4277.0,rank-1,577
Python,https://github.com/codespell-project/codespell,2022-10-06,4280.0,rank-1,580
Python,https://github.com/codespell-project/codespell,2022-10-08,4281.0,rank-1,580
Python,https://github.com/codespell-project/codespell,2022-10-11,4286.0,rank-1,583
Python,https://github.com/codespell-project/codespell,2022-10-12,4288.0,rank-1,583
Python,https://github.com/codespell-project/codespell,2022-10-14,4295.0,rank-1,583
Python,https://github.com/codespell-project/codespell,2022-10-16,4296.0,rank-1,583
Python,https://github.com/codespell-project/codespell,2022-10-17,4305.0,rank-1,588
Python,https://github.com/codespell-project/codespell,2022-10-18,4309.0,rank-1,589
Python,https://github.com/codespell-project/codespell,2022-10-19,4317.0,rank-1,596
Python,https://github.com/codespell-project/codespell,2022-10-20,4320.0,rank-1,596
Python,https://github.com/codespell-project/codespell,2022-10-21,4321.0,rank-1,596
Python,https://github.com/codespell-project/codespell,2022-10-23,4329.0,rank-1,600
Python,https://github.com/codespell-project/codespell,2022-10-24,4331.0,rank-1,600
Python,https://github.com/codespell-project/codespell,2022-10-25,4332.0,rank-1,600
Python,https://github.com/codespell-project/codespell,2022-10-26,4333.0,rank-1,600
Python,https://github.com/codespell-project/codespell,2022-10-27,4334.0,rank-1,600
Python,https://github.com/codespell-project/codespell,2022-10-28,4335.0,rank-1,600
Python,https://github.com/codespell-project/codespell,2022-10-29,4338.0,rank-1,600
Python,https://github.com/codespell-project/codespell,2022-10-30,4343.0,rank-1,603
Python,https://github.com/codespell-project/codespell,2022-10-31,4358.0,rank-1,607
Python,https://github.com/codespell-project/codespell,2022-11-02,4366.0,rank-1,610
Python,https://github.com/codespell-project/codespell,2022-11-03,4367.0,rank-1,610
Python,https://github.com/codespell-project/codespell,2022-11-04,4368.0,rank-1,610
Python,https://github.com/codespell-project/codespell,2022-11-06,4372.0,rank-1,610
Python,https://github.com/codespell-project/codespell,2022-11-07,4377.0,rank-1,610
Python,https://github.com/codespell-project/codespell,2022-11-08,4378.0,rank-1,610
Python,https://github.com/codespell-project/codespell,2022-11-11,4379.0,rank-1,610
Python,https://github.com/codespell-project/codespell,2022-11-13,4380.0,rank-1,610
Python,https://github.com/codespell-project/codespell,2022-11-15,4381.0,rank-1,610
Python,https://github.com/codespell-project/codespell,2022-11-16,4382.0,rank-1,610
Python,https://github.com/codespell-project/codespell,2022-11-17,4388.0,rank-1,611
Python,https://github.com/codespell-project/codespell,2022-11-18,4390.0,rank-1,612
Python,https://github.com/codespell-project/codespell,2022-11-19,4398.0,rank-1,613
Python,https://github.com/codespell-project/codespell,2022-11-20,4401.0,rank-1,615
Python,https://github.com/codespell-project/codespell,2022-11-21,4402.0,rank-1,615
Python,https://github.com/codespell-project/codespell,2022-11-23,4403.0,rank-1,615
Python,https://github.com/codespell-project/codespell,2022-11-25,4405.0,rank-1,615
Python,https://github.com/codespell-project/codespell,2022-11-26,4406.0,rank-1,615
Python,https://github.com/codespell-project/codespell,2022-11-27,4407.0,rank-1,615
Python,https://github.com/codespell-project/codespell,2022-11-28,4410.0,rank-1,615
Python,https://github.com/codespell-project/codespell,2022-11-29,4412.0,rank-1,615
Python,https://github.com/codespell-project/codespell,2022-12-01,4413.0,rank-1,615
Python,https://github.com/codespell-project/codespell,2022-12-05,4414.0,rank-1,615
Python,https://github.com/codespell-project/codespell,2022-12-06,4419.0,rank-1,615
Python,https://github.com/codespell-project/codespell,2022-12-07,4421.0,rank-1,615
Python,https://github.com/codespell-project/codespell,2022-12-09,4425.0,rank-1,615
Python,https://github.com/codespell-project/codespell,2022-12-12,4428.0,rank-1,615
Python,https://github.com/codespell-project/codespell,2022-12-16,4432.0,rank-1,615
Python,https://github.com/codespell-project/codespell,2022-12-17,4434.0,rank-1,615
Python,https://github.com/codespell-project/codespell,2022-12-18,4435.0,rank-1,615
Python,https://github.com/codespell-project/codespell,2022-12-22,4436.0,rank-1,615
Python,https://github.com/codespell-project/codespell,2022-12-23,4440.0,rank-1,615
Python,https://github.com/codespell-project/codespell,2022-12-24,4441.0,rank-1,615
Python,https://github.com/codespell-project/codespell,2022-12-26,4465.0,rank-1,615
Python,https://github.com/codespell-project/codespell,2022-12-27,4470.0,rank-1,615
Python,https://github.com/codespell-project/codespell,2022-12-28,4483.0,rank-1,615
Python,https://github.com/codespell-project/codespell,2022-12-29,4494.0,rank-1,615
Python,https://github.com/codespell-project/codespell,2023-01-01,4495.0,rank-1,615
Python,https://github.com/codespell-project/codespell,2023-01-02,4500.0,rank-1,615
Python,https://github.com/codespell-project/codespell,2023-01-03,4507.0,rank-1,615
Python,https://github.com/codespell-project/codespell,2023-01-04,4511.0,rank-1,615
Python,https://github.com/codespell-project/codespell,2023-01-05,4513.0,rank-1,615
Python,https://github.com/codespell-project/codespell,2023-01-06,4514.0,rank-1,615
Python,https://github.com/codespell-project/codespell,2023-01-07,4515.0,rank-1,615
Python,https://github.com/codespell-project/codespell,2023-01-12,4518.0,rank-1,615
Python,https://github.com/codespell-project/codespell,2023-01-13,4521.0,rank-1,615
Python,https://github.com/codespell-project/codespell,2023-01-15,4522.0,rank-1,615
Python,https://github.com/codespell-project/codespell,2023-01-17,4523.0,rank-1,615
Python,https://github.com/codespell-project/codespell,2023-01-18,4525.0,rank-1,615
Python,https://github.com/codespell-project/codespell,2023-01-25,4527.0,rank-1,615
Python,https://github.com/codespell-project/codespell,2023-01-26,4528.0,rank-1,615
Python,https://github.com/codespell-project/codespell,2023-02-01,4531.0,rank-1,615
Python,https://github.com/codespell-project/codespell,2023-02-04,4532.0,rank-1,615
Python,https://github.com/codespell-project/codespell,2023-02-05,4533.0,rank-1,615
Python,https://github.com/codespell-project/codespell,2023-02-08,4535.0,rank-1,615
Python,https://github.com/codespell-project/codespell,2023-02-10,4537.0,rank-1,615
Python,https://github.com/codespell-project/codespell,2023-02-11,4542.0,rank-1,615
Python,https://github.com/codespell-project/codespell,2023-02-12,4543.0,rank-1,615
Python,https://github.com/codespell-project/codespell,2023-02-14,4547.0,rank-1,615
Python,https://github.com/codespell-project/codespell,2023-02-18,4552.0,rank-1,615
Python,https://github.com/codespell-project/codespell,2023-02-19,4554.0,rank-1,615
Python,https://github.com/codespell-project/codespell,2023-02-20,4557.0,rank-1,615
Python,https://github.com/codespell-project/codespell,2023-02-22,4558.0,rank-1,615
Python,https://github.com/codespell-project/codespell,2023-02-23,4559.0,rank-1,615
Python,https://github.com/codespell-project/codespell,2023-02-28,4560.0,rank-1,615
Python,https://github.com/codespell-project/codespell,2023-03-01,4563.0,rank-1,615
Python,https://github.com/codespell-project/codespell,2023-03-03,4564.0,rank-1,615
Python,https://github.com/codespell-project/codespell,2023-03-06,4565.0,rank-1,615
Python,https://github.com/codespell-project/codespell,2023-03-07,4567.0,rank-1,615
Python,https://github.com/codespell-project/codespell,2023-03-08,4569.0,rank-1,615
Python,https://github.com/codespell-project/codespell,2023-03-09,4571.0,rank-1,615
Python,https://github.com/codespell-project/codespell,2023-03-10,4576.0,rank-1,615
Python,https://github.com/codespell-project/codespell,2023-03-11,4577.0,rank-1,615
Python,https://github.com/codespell-project/codespell,2023-03-12,4579.0,rank-1,615
Python,https://github.com/codespell-project/codespell,2023-03-13,4580.0,rank-1,615
Python,https://github.com/codespell-project/codespell,2023-03-14,4584.0,rank-1,615
Python,https://github.com/codespell-project/codespell,2023-03-15,4586.0,rank-1,615
Python,https://github.com/codespell-project/codespell,2023-03-18,4588.0,rank-1,615
Python,https://github.com/codespell-project/codespell,2023-03-20,4590.0,rank-1,615
Python,https://github.com/codespell-project/codespell,2023-03-21,4591.0,rank-1,615
Python,https://github.com/codespell-project/codespell,2023-03-22,4592.0,rank-1,615
Python,https://github.com/codespell-project/codespell,2023-03-24,4593.0,rank-1,615
Python,https://github.com/codespell-project/codespell,2023-03-25,4594.0,rank-1,616
Python,https://github.com/codespell-project/codespell,2023-03-27,4595.0,rank-1,616
Python,https://github.com/codespell-project/codespell,2023-03-28,4597.0,rank-1,617
Python,https://github.com/codespell-project/codespell,2023-03-29,4600.0,rank-1,620
Python,https://github.com/codespell-project/codespell,2023-03-30,4605.0,rank-1,625
Python,https://github.com/codespell-project/codespell,2023-03-31,4606.0,rank-1,626
Python,https://github.com/codespell-project/codespell,2023-04-02,4607.0,rank-1,627
Python,https://github.com/codespell-project/codespell,2023-04-16,4608.0,rank-1,627
Python,https://github.com/codespell-project/codespell,2023-04-17,4610.0,rank-1,627
Python,https://github.com/codespell-project/codespell,2023-04-18,4611.0,rank-1,627
Python,https://github.com/codespell-project/codespell,2023-04-19,4612.0,rank-1,627
Python,https://github.com/codespell-project/codespell,2023-04-21,4616.0,rank-1,627
Python,https://github.com/codespell-project/codespell,2023-04-23,4617.0,rank-1,627
Python,https://github.com/codespell-project/codespell,2023-04-24,4618.0,rank-1,627
Python,https://github.com/codespell-project/codespell,2023-04-26,4620.0,rank-1,627
Python,https://github.com/codespell-project/codespell,2023-04-27,4628.0,rank-1,627
Python,https://github.com/codespell-project/codespell,2023-04-28,4629.0,rank-1,627
Python,https://github.com/codespell-project/codespell,2023-05-01,4630.0,rank-1,627
Python,https://github.com/codespell-project/codespell,2023-05-02,4631.0,rank-1,627
Python,https://github.com/codespell-project/codespell,2023-05-07,4632.0,rank-1,627
Python,https://github.com/codespell-project/codespell,2023-05-09,4635.0,rank-1,627
Python,https://github.com/codespell-project/codespell,2023-05-11,4638.0,rank-1,629
Python,https://github.com/codespell-project/codespell,2023-05-17,4641.0,rank-1,629
Python,https://github.com/codespell-project/codespell,2023-05-19,4642.0,rank-1,629
Python,https://github.com/codespell-project/codespell,2023-05-23,4643.0,rank-1,629
Python,https://github.com/codespell-project/codespell,2023-05-25,4644.0,rank-1,629
Python,https://github.com/codespell-project/codespell,2023-05-30,4645.0,rank-1,629
Python,https://github.com/codespell-project/codespell,2023-06-05,4647.0,rank-1,629
Python,https://github.com/codespell-project/codespell,2023-06-06,4648.0,rank-1,629
Python,https://github.com/codespell-project/codespell,2023-06-08,4649.0,rank-1,629
Python,https://github.com/codespell-project/codespell,2023-06-10,4650.0,rank-1,629
Python,https://github.com/codespell-project/codespell,2023-06-11,4652.0,rank-1,631
Python,https://github.com/codespell-project/codespell,2023-06-14,4655.0,rank-1,631
Python,https://github.com/codespell-project/codespell,2023-06-15,4656.0,rank-1,632
Python,https://github.com/codespell-project/codespell,2023-06-18,4660.0,rank-1,632
Python,https://github.com/codespell-project/codespell,2023-06-19,4663.0,rank-1,632
Python,https://github.com/codespell-project/codespell,2023-06-20,4667.0,rank-1,632
Python,https://github.com/codespell-project/codespell,2023-06-21,4668.0,rank-1,632
Python,https://github.com/codespell-project/codespell,2023-06-22,4672.0,rank-1,635
Python,https://github.com/codespell-project/codespell,2023-06-23,4673.0,rank-1,635
Python,https://github.com/codespell-project/codespell,2023-06-24,4674.0,rank-1,635
Python,https://github.com/codespell-project/codespell,2023-06-26,4678.0,rank-1,635
Python,https://github.com/codespell-project/codespell,2023-06-27,4680.0,rank-1,635
Python,https://github.com/codespell-project/codespell,2023-06-28,4683.0,rank-1,635
Python,https://github.com/codespell-project/codespell,2023-06-29,4684.0,rank-1,635
Python,https://github.com/codespell-project/codespell,2023-06-30,4686.0,rank-1,635
Python,https://github.com/codespell-project/codespell,2023-07-01,4691.0,rank-1,635
Python,https://github.com/codespell-project/codespell,2023-07-03,4692.0,rank-1,635
Python,https://github.com/codespell-project/codespell,2023-07-04,4695.0,rank-1,635
Python,https://github.com/codespell-project/codespell,2023-07-05,4697.0,rank-1,635
Python,https://github.com/codespell-project/codespell,2023-07-06,4698.0,rank-1,635
Python,https://github.com/codespell-project/codespell,2023-07-07,4701.0,rank-1,635
Python,https://github.com/codespell-project/codespell,2023-07-08,4708.0,rank-1,635
Python,https://github.com/codespell-project/codespell,2023-07-09,4717.0,rank-1,635
Python,https://github.com/codespell-project/codespell,2023-07-10,4720.0,rank-1,635
Python,https://github.com/codespell-project/codespell,2023-07-12,4722.0,rank-1,635
Python,https://github.com/codespell-project/codespell,2023-07-13,4723.0,rank-1,635
Python,https://github.com/codespell-project/codespell,2023-07-14,4725.0,rank-1,635
Python,https://github.com/codespell-project/codespell,2023-07-15,4727.0,rank-1,635
Python,https://github.com/codespell-project/codespell,2023-07-17,4730.0,rank-1,635
Python,https://github.com/codespell-project/codespell,2023-07-18,4733.0,rank-1,635
Python,https://github.com/codespell-project/codespell,2023-07-20,4735.0,rank-1,635
Python,https://github.com/codespell-project/codespell,2023-07-23,4738.0,rank-1,635
Python,https://github.com/codespell-project/codespell,2023-07-24,4741.0,rank-1,635
Python,https://github.com/codespell-project/codespell,2023-07-25,4744.0,rank-1,635
Python,https://github.com/codespell-project/codespell,2023-07-26,4746.0,rank-1,635
Python,https://github.com/codespell-project/codespell,2023-07-27,4749.0,rank-1,635
Python,https://github.com/codespell-project/codespell,2023-07-28,4752.0,rank-1,636
Python,https://github.com/codespell-project/codespell,2023-07-29,4754.0,rank-1,636
Python,https://github.com/codespell-project/codespell,2023-07-30,4757.0,rank-1,636
Python,https://github.com/codespell-project/codespell,2023-07-31,4760.0,rank-1,636
Python,https://github.com/codespell-project/codespell,2023-08-01,4765.0,rank-1,636
Python,https://github.com/codespell-project/codespell,2023-08-04,4767.0,rank-1,636
Python,https://github.com/codespell-project/codespell,2023-08-05,4769.0,rank-1,636
Python,https://github.com/codespell-project/codespell,2023-08-06,4775.0,rank-1,636
Python,https://github.com/codespell-project/codespell,2023-08-07,4779.0,rank-1,636
Python,https://github.com/codespell-project/codespell,2023-08-08,4782.0,rank-1,636
Python,https://github.com/codespell-project/codespell,2023-08-09,4792.0,rank-1,642
Python,https://github.com/codespell-project/codespell,2023-08-10,4793.0,rank-1,642
Python,https://github.com/codespell-project/codespell,2023-08-11,4797.0,rank-1,642
Python,https://github.com/codespell-project/codespell,2023-08-13,4799.0,rank-1,642
Python,https://github.com/codespell-project/codespell,2023-08-14,4800.0,rank-1,642
Python,https://github.com/codespell-project/codespell,2023-08-15,4802.0,rank-1,642
Python,https://github.com/codespell-project/codespell,2023-08-20,4803.0,rank-1,642
Python,https://github.com/codespell-project/codespell,2023-08-21,4806.0,rank-1,642
Python,https://github.com/codespell-project/codespell,2023-08-25,4807.0,rank-1,642
Python,https://github.com/codespell-project/codespell,2023-08-26,4808.0,rank-1,642
Python,https://github.com/codespell-project/codespell,2023-08-28,4813.0,rank-1,642
Python,https://github.com/codespell-project/codespell,2023-08-29,4814.0,rank-1,642
Python,https://github.com/codespell-project/codespell,2023-08-30,4816.0,rank-1,642
Python,https://github.com/codespell-project/codespell,2023-08-31,4819.0,rank-1,642
Python,https://github.com/codespell-project/codespell,2023-09-01,4821.0,rank-1,642
Python,https://github.com/codespell-project/codespell,2023-09-02,4822.0,rank-1,642
Python,https://github.com/codespell-project/codespell,2023-09-03,4824.0,rank-1,642
Python,https://github.com/codespell-project/codespell,2023-09-04,4828.0,rank-1,642
Python,https://github.com/codespell-project/codespell,2023-09-05,4830.0,rank-1,642
Python,https://github.com/codespell-project/codespell,2023-09-06,4832.0,rank-1,642
Python,https://github.com/codespell-project/codespell,2023-09-08,4834.0,rank-1,642
Python,https://github.com/codespell-project/codespell,2023-09-10,4835.0,rank-1,642
Python,https://github.com/codespell-project/codespell,2023-09-11,4836.0,rank-1,642
Python,https://github.com/codespell-project/codespell,2023-09-12,4838.0,rank-1,642
Python,https://github.com/codespell-project/codespell,2023-09-13,4840.0,rank-1,642
Python,https://github.com/codespell-project/codespell,2023-09-14,4842.0,rank-1,642
Python,https://github.com/codespell-project/codespell,2023-09-15,4844.0,rank-1,642
Python,https://github.com/codespell-project/codespell,2023-09-17,4847.0,rank-1,642
Python,https://github.com/codespell-project/codespell,2023-09-18,4849.0,rank-1,642
Python,https://github.com/codespell-project/codespell,2023-09-19,4850.0,rank-1,642
Python,https://github.com/codespell-project/codespell,2023-09-21,4851.0,rank-1,642
Python,https://github.com/codespell-project/codespell,2023-09-22,4853.0,rank-1,642
Python,https://github.com/codespell-project/codespell,2023-09-23,4854.0,rank-1,642
Python,https://github.com/codespell-project/codespell,2023-09-24,4855.0,rank-1,642
Python,https://github.com/codespell-project/codespell,2023-09-25,4856.0,rank-1,642
Python,https://github.com/codespell-project/codespell,2023-09-26,4857.0,rank-1,642
Python,https://github.com/codespell-project/codespell,2023-09-27,4859.0,rank-1,642
Python,https://github.com/codespell-project/codespell,2023-09-28,4861.0,rank-1,642
Python,https://github.com/codespell-project/codespell,2023-09-29,4862.0,rank-1,642
Python,https://github.com/codespell-project/codespell,2023-10-01,4863.0,rank-1,642
Python,https://github.com/codespell-project/codespell,2023-10-02,4864.0,rank-1,642
Python,https://github.com/codespell-project/codespell,2023-10-04,4866.0,rank-1,642
Python,https://github.com/codespell-project/codespell,2023-10-05,4868.0,rank-1,642
Python,https://github.com/codespell-project/codespell,2023-10-08,4871.0,rank-1,642
Python,https://github.com/codespell-project/codespell,2023-10-09,4872.0,rank-1,642
Python,https://github.com/codespell-project/codespell,2023-10-11,4873.0,rank-1,642
Python,https://github.com/codespell-project/codespell,2023-10-12,4874.0,rank-1,642
Python,https://github.com/codespell-project/codespell,2023-10-14,4875.0,rank-1,642
Python,https://github.com/codespell-project/codespell,2023-10-16,4876.0,rank-1,642
Python,https://github.com/codespell-project/codespell,2023-10-17,4878.0,rank-1,642
Python,https://github.com/codespell-project/codespell,2023-10-18,4880.0,rank-1,642
Python,https://github.com/codespell-project/codespell,2023-10-19,4881.0,rank-1,642
Python,https://github.com/codespell-project/codespell,2023-10-20,4882.0,rank-1,642
Python,https://github.com/codespell-project/codespell,2023-10-21,4883.0,rank-1,643
Python,https://github.com/codespell-project/codespell,2023-10-22,4885.0,rank-1,643
Python,https://github.com/codespell-project/codespell,2023-10-23,4887.0,rank-1,643
Python,https://github.com/codespell-project/codespell,2023-10-24,4891.0,rank-1,643
Python,https://github.com/codespell-project/codespell,2023-10-25,4892.0,rank-1,643
Python,https://github.com/codespell-project/codespell,2023-10-27,4896.0,rank-1,643
Python,https://github.com/codespell-project/codespell,2023-10-28,4897.0,rank-1,643
Python,https://github.com/codespell-project/codespell,2023-10-29,4898.0,rank-1,643
Python,https://github.com/codespell-project/codespell,2023-10-30,4900.0,rank-1,643
Python,https://github.com/codespell-project/codespell,2023-10-31,4902.0,rank-1,643
Python,https://github.com/codespell-project/codespell,2023-11-01,4903.0,rank-1,643
Python,https://github.com/codespell-project/codespell,2023-11-03,4904.0,rank-1,643
Python,https://github.com/codespell-project/codespell,2023-11-05,4905.0,rank-1,643
Python,https://github.com/codespell-project/codespell,2023-11-06,4907.0,rank-1,643
Python,https://github.com/codespell-project/codespell,2023-11-08,4909.0,rank-1,643
Python,https://github.com/codespell-project/codespell,2023-11-13,4911.0,rank-1,643
Python,https://github.com/codespell-project/codespell,2023-11-14,4913.0,rank-1,643
Python,https://github.com/codespell-project/codespell,2023-11-16,4914.0,rank-1,643
Python,https://github.com/codespell-project/codespell,2023-11-20,4916.0,rank-1,643
Python,https://github.com/codespell-project/codespell,2023-11-21,4917.0,rank-1,643
Python,https://github.com/codespell-project/codespell,2023-11-22,4918.0,rank-1,643
Python,https://github.com/codespell-project/codespell,2023-11-23,4919.0,rank-1,643
Python,https://github.com/codespell-project/codespell,2023-11-27,4921.0,rank-1,643
Python,https://github.com/codespell-project/codespell,2023-11-29,4922.0,rank-1,643
Python,https://github.com/codespell-project/codespell,2023-11-30,4923.0,rank-1,643
Python,https://github.com/codespell-project/codespell,2023-12-02,4924.0,rank-1,643
Python,https://github.com/codespell-project/codespell,2011-01-28,8.0,rank-2,0
Python,https://github.com/codespell-project/codespell,2011-01-29,17.0,rank-2,0
Python,https://github.com/codespell-project/codespell,2011-01-31,23.0,rank-2,0
Python,https://github.com/codespell-project/codespell,2011-02-01,27.0,rank-2,0
Python,https://github.com/codespell-project/codespell,2011-02-02,28.0,rank-2,0
Python,https://github.com/codespell-project/codespell,2011-02-03,34.0,rank-2,0
Python,https://github.com/codespell-project/codespell,2011-02-16,36.0,rank-2,0
Python,https://github.com/codespell-project/codespell,2011-02-17,37.0,rank-2,0
Python,https://github.com/codespell-project/codespell,2011-02-21,38.0,rank-2,0
Python,https://github.com/codespell-project/codespell,2011-03-22,40.0,rank-2,0
Python,https://github.com/codespell-project/codespell,2011-03-29,44.0,rank-2,0
Python,https://github.com/codespell-project/codespell,2011-03-30,46.0,rank-2,0
Python,https://github.com/codespell-project/codespell,2011-04-01,48.0,rank-2,0
Python,https://github.com/codespell-project/codespell,2011-04-14,53.0,rank-2,0
Python,https://github.com/codespell-project/codespell,2011-04-18,54.0,rank-2,0
Python,https://github.com/codespell-project/codespell,2011-04-27,56.0,rank-2,0
Python,https://github.com/codespell-project/codespell,2011-04-28,58.0,rank-2,0
Python,https://github.com/codespell-project/codespell,2011-05-02,59.0,rank-2,0
Python,https://github.com/codespell-project/codespell,2011-05-22,61.0,rank-2,0
Python,https://github.com/codespell-project/codespell,2011-05-24,62.0,rank-2,0
Python,https://github.com/codespell-project/codespell,2011-05-25,65.0,rank-2,0
Python,https://github.com/codespell-project/codespell,2011-05-26,67.0,rank-2,0
Python,https://github.com/codespell-project/codespell,2011-05-27,69.0,rank-2,0
Python,https://github.com/codespell-project/codespell,2011-05-28,72.0,rank-2,0
Python,https://github.com/codespell-project/codespell,2011-05-29,74.0,rank-2,0
Python,https://github.com/codespell-project/codespell,2011-05-30,76.0,rank-2,0
Python,https://github.com/codespell-project/codespell,2011-06-02,77.0,rank-2,0
Python,https://github.com/codespell-project/codespell,2011-06-11,79.0,rank-2,0
Python,https://github.com/codespell-project/codespell,2011-06-14,82.0,rank-2,0
Python,https://github.com/codespell-project/codespell,2011-06-16,83.0,rank-2,0
Python,https://github.com/codespell-project/codespell,2011-06-18,92.0,rank-2,0
Python,https://github.com/codespell-project/codespell,2011-06-28,95.0,rank-2,0
Python,https://github.com/codespell-project/codespell,2011-07-02,99.0,rank-2,0
Python,https://github.com/codespell-project/codespell,2011-07-12,100.0,rank-2,0
Python,https://github.com/codespell-project/codespell,2011-07-14,102.0,rank-2,0
Python,https://github.com/codespell-project/codespell,2011-07-25,105.0,rank-2,0
Python,https://github.com/codespell-project/codespell,2011-08-17,108.0,rank-2,0
Python,https://github.com/codespell-project/codespell,2011-08-20,109.0,rank-2,0
Python,https://github.com/codespell-project/codespell,2011-09-15,110.0,rank-2,0
Python,https://github.com/codespell-project/codespell,2011-09-21,111.0,rank-2,0
Python,https://github.com/codespell-project/codespell,2011-09-28,113.0,rank-2,0
Python,https://github.com/codespell-project/codespell,2011-09-29,115.0,rank-2,0
Python,https://github.com/codespell-project/codespell,2011-09-30,116.0,rank-2,0
Python,https://github.com/codespell-project/codespell,2011-10-14,117.0,rank-2,0
Python,https://github.com/codespell-project/codespell,2011-10-15,120.0,rank-2,0
Python,https://github.com/codespell-project/codespell,2011-10-19,124.0,rank-2,0
Python,https://github.com/codespell-project/codespell,2011-12-06,125.0,rank-2,0
Python,https://github.com/codespell-project/codespell,2011-12-09,130.0,rank-2,0
Python,https://github.com/codespell-project/codespell,2012-01-20,132.0,rank-2,0
Python,https://github.com/codespell-project/codespell,2012-02-28,137.0,rank-2,0
Python,https://github.com/codespell-project/codespell,2012-03-05,138.0,rank-2,0
Python,https://github.com/codespell-project/codespell,2012-03-06,139.0,rank-2,0
Python,https://github.com/codespell-project/codespell,2012-08-22,143.0,rank-2,0
Python,https://github.com/codespell-project/codespell,2013-02-12,144.0,rank-2,0
Python,https://github.com/codespell-project/codespell,2013-02-14,145.0,rank-2,0
Python,https://github.com/codespell-project/codespell,2013-04-10,152.0,rank-2,0
Python,https://github.com/codespell-project/codespell,2013-04-19,153.0,rank-2,0
Python,https://github.com/codespell-project/codespell,2013-05-06,154.0,rank-2,0
Python,https://github.com/codespell-project/codespell,2013-05-07,156.0,rank-2,0
Python,https://github.com/codespell-project/codespell,2013-05-16,158.0,rank-2,0
Python,https://github.com/codespell-project/codespell,2013-05-28,159.0,rank-2,0
Python,https://github.com/codespell-project/codespell,2013-07-12,160.0,rank-2,0
Python,https://github.com/codespell-project/codespell,2013-07-21,161.0,rank-2,0
Python,https://github.com/codespell-project/codespell,2013-07-24,162.0,rank-2,0
Python,https://github.com/codespell-project/codespell,2013-09-25,163.0,rank-2,0
Python,https://github.com/codespell-project/codespell,2013-10-21,164.0,rank-2,0
Python,https://github.com/codespell-project/codespell,2013-12-05,165.0,rank-2,0
Python,https://github.com/codespell-project/codespell,2013-12-26,169.0,rank-2,0
Python,https://github.com/codespell-project/codespell,2013-12-29,170.0,rank-2,0
Python,https://github.com/codespell-project/codespell,2014-01-07,172.0,rank-2,0
Python,https://github.com/codespell-project/codespell,2014-01-24,176.0,rank-2,0
Python,https://github.com/codespell-project/codespell,2014-01-27,177.0,rank-2,0
Python,https://github.com/codespell-project/codespell,2014-03-22,178.0,rank-2,0
Python,https://github.com/codespell-project/codespell,2014-03-29,179.0,rank-2,0
Python,https://github.com/codespell-project/codespell,2014-04-07,180.0,rank-2,0
Python,https://github.com/codespell-project/codespell,2014-04-08,181.0,rank-2,0
Python,https://github.com/codespell-project/codespell,2014-06-07,183.0,rank-2,0
Python,https://github.com/codespell-project/codespell,2014-06-12,184.0,rank-2,0
Python,https://github.com/codespell-project/codespell,2014-06-27,185.0,rank-2,0
Python,https://github.com/codespell-project/codespell,2014-09-02,191.0,rank-2,0
Python,https://github.com/codespell-project/codespell,2014-09-29,192.0,rank-2,0
Python,https://github.com/codespell-project/codespell,2014-10-17,193.0,rank-2,0
Python,https://github.com/codespell-project/codespell,2014-11-25,194.0,rank-2,0
Python,https://github.com/codespell-project/codespell,2015-01-03,198.0,rank-2,0
Python,https://github.com/codespell-project/codespell,2015-03-09,199.0,rank-2,0
Python,https://github.com/codespell-project/codespell,2015-03-12,201.0,rank-2,0
Python,https://github.com/codespell-project/codespell,2015-03-13,202.0,rank-2,0
Python,https://github.com/codespell-project/codespell,2015-03-31,203.0,rank-2,0
Python,https://github.com/codespell-project/codespell,2015-04-11,205.0,rank-2,0
Python,https://github.com/codespell-project/codespell,2015-04-18,207.0,rank-2,0
Python,https://github.com/codespell-project/codespell,2015-05-07,208.0,rank-2,0
Python,https://github.com/codespell-project/codespell,2015-05-18,209.0,rank-2,0
Python,https://github.com/codespell-project/codespell,2015-06-15,210.0,rank-2,0
Python,https://github.com/codespell-project/codespell,2015-06-18,214.0,rank-2,0
Python,https://github.com/codespell-project/codespell,2015-06-23,217.0,rank-2,0
Python,https://github.com/codespell-project/codespell,2015-06-30,218.0,rank-2,0
Python,https://github.com/codespell-project/codespell,2015-08-02,219.0,rank-2,0
Python,https://github.com/codespell-project/codespell,2015-08-11,220.0,rank-2,0
Python,https://github.com/codespell-project/codespell,2015-08-12,221.0,rank-2,0
Python,https://github.com/codespell-project/codespell,2015-08-18,225.0,rank-2,0
Python,https://github.com/codespell-project/codespell,2015-09-09,226.0,rank-2,0
Python,https://github.com/codespell-project/codespell,2015-09-10,227.0,rank-2,0
Python,https://github.com/codespell-project/codespell,2015-09-12,232.0,rank-2,0
Python,https://github.com/codespell-project/codespell,2015-09-13,233.0,rank-2,0
Python,https://github.com/codespell-project/codespell,2015-09-14,234.0,rank-2,0
Python,https://github.com/codespell-project/codespell,2015-09-21,235.0,rank-2,0
Python,https://github.com/codespell-project/codespell,2015-10-22,236.0,rank-2,0
Python,https://github.com/codespell-project/codespell,2015-10-27,237.0,rank-2,0
Python,https://github.com/codespell-project/codespell,2015-11-17,238.0,rank-2,0
Python,https://github.com/codespell-project/codespell,2015-12-08,239.0,rank-2,0
Python,https://github.com/codespell-project/codespell,2015-12-10,240.0,rank-2,0
Python,https://github.com/codespell-project/codespell,2015-12-12,241.0,rank-2,0
Python,https://github.com/codespell-project/codespell,2016-01-07,242.0,rank-2,0
Python,https://github.com/codespell-project/codespell,2016-01-12,244.0,rank-2,0
Python,https://github.com/codespell-project/codespell,2016-01-15,247.0,rank-2,0
Python,https://github.com/codespell-project/codespell,2016-02-26,249.0,rank-2,0
Python,https://github.com/codespell-project/codespell,2016-03-06,250.0,rank-2,0
Python,https://github.com/codespell-project/codespell,2016-03-11,252.0,rank-2,0
Python,https://github.com/codespell-project/codespell,2016-04-21,253.0,rank-2,0
Python,https://github.com/codespell-project/codespell,2016-04-26,255.0,rank-2,0
Python,https://github.com/codespell-project/codespell,2016-04-27,259.0,rank-2,0
Python,https://github.com/codespell-project/codespell,2016-05-12,260.0,rank-2,0
Python,https://github.com/codespell-project/codespell,2016-05-22,264.0,rank-2,0
Python,https://github.com/codespell-project/codespell,2016-06-03,265.0,rank-2,0
Python,https://github.com/codespell-project/codespell,2016-06-06,268.0,rank-2,0
Python,https://github.com/codespell-project/codespell,2016-06-09,275.0,rank-2,0
Python,https://github.com/codespell-project/codespell,2016-06-10,287.0,rank-2,0
Python,https://github.com/codespell-project/codespell,2016-06-11,288.0,rank-2,0
Python,https://github.com/codespell-project/codespell,2016-06-16,290.0,rank-2,0
Python,https://github.com/codespell-project/codespell,2016-06-17,294.0,rank-2,0
Python,https://github.com/codespell-project/codespell,2016-08-18,295.0,rank-2,0
Python,https://github.com/codespell-project/codespell,2016-08-31,297.0,rank-2,0
Python,https://github.com/codespell-project/codespell,2016-09-04,300.0,rank-2,0
Python,https://github.com/codespell-project/codespell,2016-09-08,301.0,rank-2,0
Python,https://github.com/codespell-project/codespell,2016-09-10,302.0,rank-2,0
Python,https://github.com/codespell-project/codespell,2016-10-10,303.0,rank-2,0
Python,https://github.com/codespell-project/codespell,2016-10-14,304.0,rank-2,0
Python,https://github.com/codespell-project/codespell,2016-10-17,306.0,rank-2,0
Python,https://github.com/codespell-project/codespell,2016-10-19,310.0,rank-2,0
Python,https://github.com/codespell-project/codespell,2016-11-09,313.0,rank-2,0
Python,https://github.com/codespell-project/codespell,2016-11-11,317.0,rank-2,0
Python,https://github.com/codespell-project/codespell,2016-11-12,323.0,rank-2,0
Python,https://github.com/codespell-project/codespell,2016-11-14,324.0,rank-2,0
Python,https://github.com/codespell-project/codespell,2016-11-15,325.0,rank-2,0
Python,https://github.com/codespell-project/codespell,2016-11-16,326.0,rank-2,0
Python,https://github.com/codespell-project/codespell,2016-11-19,328.0,rank-2,0
Python,https://github.com/codespell-project/codespell,2016-11-22,331.0,rank-2,0
Python,https://github.com/codespell-project/codespell,2016-11-27,332.0,rank-2,0
Python,https://github.com/codespell-project/codespell,2016-12-01,333.0,rank-2,0
Python,https://github.com/codespell-project/codespell,2016-12-02,334.0,rank-2,0
Python,https://github.com/codespell-project/codespell,2016-12-03,338.0,rank-2,0
Python,https://github.com/codespell-project/codespell,2016-12-05,339.0,rank-2,0
Python,https://github.com/codespell-project/codespell,2016-12-08,346.0,rank-2,0
Python,https://github.com/codespell-project/codespell,2016-12-10,348.0,rank-2,0
Python,https://github.com/codespell-project/codespell,2016-12-11,349.0,rank-2,0
Python,https://github.com/codespell-project/codespell,2016-12-13,350.0,rank-2,0
Python,https://github.com/codespell-project/codespell,2016-12-15,351.0,rank-2,0
Python,https://github.com/codespell-project/codespell,2016-12-16,355.0,rank-2,0
Python,https://github.com/codespell-project/codespell,2016-12-18,356.0,rank-2,0
Python,https://github.com/codespell-project/codespell,2016-12-19,357.0,rank-2,0
Python,https://github.com/codespell-project/codespell,2016-12-22,358.0,rank-2,0
Python,https://github.com/codespell-project/codespell,2016-12-25,360.0,rank-2,0
Python,https://github.com/codespell-project/codespell,2016-12-26,361.0,rank-2,0
Python,https://github.com/codespell-project/codespell,2016-12-30,365.0,rank-2,0
Python,https://github.com/codespell-project/codespell,2016-12-31,366.0,rank-2,0
Python,https://github.com/codespell-project/codespell,2017-01-02,372.0,rank-2,0
Python,https://github.com/codespell-project/codespell,2017-01-04,378.0,rank-2,0
Python,https://github.com/codespell-project/codespell,2017-01-05,379.0,rank-2,0
Python,https://github.com/codespell-project/codespell,2017-01-07,380.0,rank-2,0
Python,https://github.com/codespell-project/codespell,2017-01-08,381.0,rank-2,0
Python,https://github.com/codespell-project/codespell,2017-01-14,382.0,rank-2,0
Python,https://github.com/codespell-project/codespell,2017-01-15,383.0,rank-2,0
Python,https://github.com/codespell-project/codespell,2017-01-16,385.0,rank-2,0
Python,https://github.com/codespell-project/codespell,2017-01-17,388.0,rank-2,0
Python,https://github.com/codespell-project/codespell,2017-01-19,389.0,rank-2,0
Python,https://github.com/codespell-project/codespell,2017-01-20,390.0,rank-2,0
Python,https://github.com/codespell-project/codespell,2017-01-21,392.0,rank-2,0
Python,https://github.com/codespell-project/codespell,2017-01-23,397.0,rank-2,0
Python,https://github.com/codespell-project/codespell,2017-01-24,399.0,rank-2,0
Python,https://github.com/codespell-project/codespell,2017-01-25,400.0,rank-2,0
Python,https://github.com/codespell-project/codespell,2017-01-29,402.0,rank-2,0
Python,https://github.com/codespell-project/codespell,2017-01-30,403.0,rank-2,0
Python,https://github.com/codespell-project/codespell,2017-01-31,404.0,rank-2,0
Python,https://github.com/codespell-project/codespell,2017-02-01,406.0,rank-2,0
Python,https://github.com/codespell-project/codespell,2017-02-02,411.0,rank-2,0
Python,https://github.com/codespell-project/codespell,2017-02-03,412.0,rank-2,0
Python,https://github.com/codespell-project/codespell,2017-02-05,414.0,rank-2,0
Python,https://github.com/codespell-project/codespell,2017-02-06,416.0,rank-2,0
Python,https://github.com/codespell-project/codespell,2017-02-10,418.0,rank-2,0
Python,https://github.com/codespell-project/codespell,2017-02-12,420.0,rank-2,0
Python,https://github.com/codespell-project/codespell,2017-02-14,421.0,rank-2,0
Python,https://github.com/codespell-project/codespell,2017-02-20,423.0,rank-2,0
Python,https://github.com/codespell-project/codespell,2017-02-21,425.0,rank-2,0
Python,https://github.com/codespell-project/codespell,2017-02-23,426.0,rank-2,0
Python,https://github.com/codespell-project/codespell,2017-02-24,427.0,rank-2,0
Python,https://github.com/codespell-project/codespell,2017-02-26,429.0,rank-2,0
Python,https://github.com/codespell-project/codespell,2017-03-03,430.0,rank-2,0
Python,https://github.com/codespell-project/codespell,2017-03-06,432.0,rank-2,0
Python,https://github.com/codespell-project/codespell,2017-03-07,434.0,rank-2,0
Python,https://github.com/codespell-project/codespell,2017-03-09,446.0,rank-2,0
Python,https://github.com/codespell-project/codespell,2017-03-10,447.0,rank-2,0
Python,https://github.com/codespell-project/codespell,2017-03-11,448.0,rank-2,0
Python,https://github.com/codespell-project/codespell,2017-03-13,449.0,rank-2,0
Python,https://github.com/codespell-project/codespell,2017-03-14,452.0,rank-2,0
Python,https://github.com/codespell-project/codespell,2017-03-15,454.0,rank-2,0
Python,https://github.com/codespell-project/codespell,2017-03-16,457.0,rank-2,0
Python,https://github.com/codespell-project/codespell,2017-03-18,458.0,rank-2,0
Python,https://github.com/codespell-project/codespell,2017-03-19,459.0,rank-2,0
Python,https://github.com/codespell-project/codespell,2017-03-20,461.0,rank-2,0
Python,https://github.com/codespell-project/codespell,2017-03-21,462.0,rank-2,0
Python,https://github.com/codespell-project/codespell,2017-03-24,463.0,rank-2,0
Python,https://github.com/codespell-project/codespell,2017-03-25,464.0,rank-2,0
Python,https://github.com/codespell-project/codespell,2017-03-27,466.0,rank-2,0
Python,https://github.com/codespell-project/codespell,2017-03-28,468.0,rank-2,0
Python,https://github.com/codespell-project/codespell,2017-03-31,470.0,rank-2,0
Python,https://github.com/codespell-project/codespell,2017-04-01,472.0,rank-2,0
Python,https://github.com/codespell-project/codespell,2017-04-02,473.0,rank-2,0
Python,https://github.com/codespell-project/codespell,2017-04-03,475.0,rank-2,0
Python,https://github.com/codespell-project/codespell,2017-04-12,476.0,rank-2,0
Python,https://github.com/codespell-project/codespell,2017-04-13,477.0,rank-2,0
Python,https://github.com/codespell-project/codespell,2017-04-14,478.0,rank-2,0
Python,https://github.com/codespell-project/codespell,2017-04-16,479.0,rank-2,0
Python,https://github.com/codespell-project/codespell,2017-04-17,482.0,rank-2,0
Python,https://github.com/codespell-project/codespell,2017-04-18,485.0,rank-2,0
Python,https://github.com/codespell-project/codespell,2017-04-20,487.0,rank-2,0
Python,https://github.com/codespell-project/codespell,2017-04-22,490.0,rank-2,0
Python,https://github.com/codespell-project/codespell,2017-04-27,491.0,rank-2,0
Python,https://github.com/codespell-project/codespell,2017-04-28,492.0,rank-2,0
Python,https://github.com/codespell-project/codespell,2017-04-29,493.0,rank-2,0
Python,https://github.com/codespell-project/codespell,2017-05-03,495.0,rank-2,0
Python,https://github.com/codespell-project/codespell,2017-05-05,496.0,rank-2,0
Python,https://github.com/codespell-project/codespell,2017-05-07,501.0,rank-2,0
Python,https://github.com/codespell-project/codespell,2017-05-08,502.0,rank-2,0
Python,https://github.com/codespell-project/codespell,2017-05-09,503.0,rank-2,0
Python,https://github.com/codespell-project/codespell,2017-05-11,504.0,rank-2,0
Python,https://github.com/codespell-project/codespell,2017-05-12,505.0,rank-2,0
Python,https://github.com/codespell-project/codespell,2017-05-14,506.0,rank-2,0
Python,https://github.com/codespell-project/codespell,2017-05-15,507.0,rank-2,0
Python,https://github.com/codespell-project/codespell,2017-05-17,508.0,rank-2,0
Python,https://github.com/codespell-project/codespell,2017-05-20,514.0,rank-2,0
Python,https://github.com/codespell-project/codespell,2017-05-22,515.0,rank-2,0
Python,https://github.com/codespell-project/codespell,2017-05-23,516.0,rank-2,0
Python,https://github.com/codespell-project/codespell,2017-05-27,517.0,rank-2,0
Python,https://github.com/codespell-project/codespell,2017-05-29,519.0,rank-2,0
Python,https://github.com/codespell-project/codespell,2017-05-30,521.0,rank-2,0
Python,https://github.com/codespell-project/codespell,2017-06-08,522.0,rank-2,0
Python,https://github.com/codespell-project/codespell,2017-06-12,524.0,rank-2,0
Python,https://github.com/codespell-project/codespell,2017-06-14,525.0,rank-2,0
Python,https://github.com/codespell-project/codespell,2017-06-16,526.0,rank-2,0
Python,https://github.com/codespell-project/codespell,2017-06-17,527.0,rank-2,0
Python,https://github.com/codespell-project/codespell,2017-06-19,529.0,rank-2,0
Python,https://github.com/codespell-project/codespell,2017-06-22,530.0,rank-2,0
Python,https://github.com/codespell-project/codespell,2017-06-26,531.0,rank-2,0
Python,https://github.com/codespell-project/codespell,2017-06-29,533.0,rank-2,0
Python,https://github.com/codespell-project/codespell,2017-07-03,534.0,rank-2,0
Python,https://github.com/codespell-project/codespell,2017-07-04,535.0,rank-2,0
Python,https://github.com/codespell-project/codespell,2017-07-10,537.0,rank-2,0
Python,https://github.com/codespell-project/codespell,2017-07-14,538.0,rank-2,0
Python,https://github.com/codespell-project/codespell,2017-07-17,541.0,rank-2,0
Python,https://github.com/codespell-project/codespell,2017-07-18,542.0,rank-2,0
Python,https://github.com/codespell-project/codespell,2017-07-21,544.0,rank-2,0
Python,https://github.com/codespell-project/codespell,2017-07-22,546.0,rank-2,0
Python,https://github.com/codespell-project/codespell,2017-07-23,547.0,rank-2,0
Python,https://github.com/codespell-project/codespell,2017-07-24,550.0,rank-2,0
Python,https://github.com/codespell-project/codespell,2017-07-25,552.0,rank-2,0
Python,https://github.com/codespell-project/codespell,2017-07-29,553.0,rank-2,0
Python,https://github.com/codespell-project/codespell,2017-08-03,554.0,rank-2,0
Python,https://github.com/codespell-project/codespell,2017-08-05,555.0,rank-2,0
Python,https://github.com/codespell-project/codespell,2017-08-10,556.0,rank-2,0
Python,https://github.com/codespell-project/codespell,2017-08-13,559.0,rank-2,0
Python,https://github.com/codespell-project/codespell,2017-08-15,566.0,rank-2,0
Python,https://github.com/codespell-project/codespell,2017-08-17,571.0,rank-2,0
Python,https://github.com/codespell-project/codespell,2017-08-22,573.0,rank-2,0
Python,https://github.com/codespell-project/codespell,2017-08-23,574.0,rank-2,0
Python,https://github.com/codespell-project/codespell,2017-08-27,577.0,rank-2,0
Python,https://github.com/codespell-project/codespell,2017-08-28,583.0,rank-2,0
Python,https://github.com/codespell-project/codespell,2017-08-31,585.0,rank-2,0
Python,https://github.com/codespell-project/codespell,2017-09-01,587.0,rank-2,0
Python,https://github.com/codespell-project/codespell,2017-09-02,589.0,rank-2,0
Python,https://github.com/codespell-project/codespell,2017-09-04,590.0,rank-2,0
Python,https://github.com/codespell-project/codespell,2017-09-06,591.0,rank-2,0
Python,https://github.com/codespell-project/codespell,2017-09-13,593.0,rank-2,0
Python,https://github.com/codespell-project/codespell,2017-09-14,594.0,rank-2,0
Python,https://github.com/codespell-project/codespell,2017-09-15,601.0,rank-2,0
Python,https://github.com/codespell-project/codespell,2017-09-16,602.0,rank-2,0
Python,https://github.com/codespell-project/codespell,2017-09-17,604.0,rank-2,0
Python,https://github.com/codespell-project/codespell,2017-09-18,606.0,rank-2,0
Python,https://github.com/codespell-project/codespell,2017-09-19,609.0,rank-2,0
Python,https://github.com/codespell-project/codespell,2017-09-20,612.0,rank-2,0
Python,https://github.com/codespell-project/codespell,2017-09-26,617.0,rank-2,0
Python,https://github.com/codespell-project/codespell,2017-09-29,621.0,rank-2,0
Python,https://github.com/codespell-project/codespell,2017-10-01,625.0,rank-2,0
Python,https://github.com/codespell-project/codespell,2017-10-03,627.0,rank-2,0
Python,https://github.com/codespell-project/codespell,2017-10-05,628.0,rank-2,0
Python,https://github.com/codespell-project/codespell,2017-10-06,632.0,rank-2,0
Python,https://github.com/codespell-project/codespell,2017-10-08,640.0,rank-2,0
Python,https://github.com/codespell-project/codespell,2017-10-09,647.0,rank-2,0
Python,https://github.com/codespell-project/codespell,2017-10-10,651.0,rank-2,0
Python,https://github.com/codespell-project/codespell,2017-10-11,656.0,rank-2,0
Python,https://github.com/codespell-project/codespell,2017-10-12,660.0,rank-2,0
Python,https://github.com/codespell-project/codespell,2017-10-13,664.0,rank-2,0
Python,https://github.com/codespell-project/codespell,2017-10-14,666.0,rank-2,0
Python,https://github.com/codespell-project/codespell,2017-10-15,670.0,rank-2,0
Python,https://github.com/codespell-project/codespell,2017-10-16,676.0,rank-2,0
Python,https://github.com/codespell-project/codespell,2017-10-17,681.0,rank-2,0
Python,https://github.com/codespell-project/codespell,2017-10-19,682.0,rank-2,0
Python,https://github.com/codespell-project/codespell,2017-10-20,684.0,rank-2,0
Python,https://github.com/codespell-project/codespell,2017-10-23,686.0,rank-2,0
Python,https://github.com/codespell-project/codespell,2017-10-24,693.0,rank-2,0
Python,https://github.com/codespell-project/codespell,2017-10-25,694.0,rank-2,0
Python,https://github.com/codespell-project/codespell,2017-10-26,696.0,rank-2,0
Python,https://github.com/codespell-project/codespell,2017-10-28,698.0,rank-2,0
Python,https://github.com/codespell-project/codespell,2017-10-29,702.0,rank-2,0
Python,https://github.com/codespell-project/codespell,2017-10-30,709.0,rank-2,0
Python,https://github.com/codespell-project/codespell,2017-10-31,711.0,rank-2,0
Python,https://github.com/codespell-project/codespell,2017-11-01,712.0,rank-2,0
Python,https://github.com/codespell-project/codespell,2017-11-03,716.0,rank-2,0
Python,https://github.com/codespell-project/codespell,2017-11-04,717.0,rank-2,0
Python,https://github.com/codespell-project/codespell,2017-11-05,719.0,rank-2,0
Python,https://github.com/codespell-project/codespell,2017-11-06,721.0,rank-2,0
Python,https://github.com/codespell-project/codespell,2017-11-07,729.0,rank-2,0
Python,https://github.com/codespell-project/codespell,2017-11-08,732.0,rank-2,0
Python,https://github.com/codespell-project/codespell,2017-11-09,745.0,rank-2,0
Python,https://github.com/codespell-project/codespell,2017-11-10,749.0,rank-2,0
Python,https://github.com/codespell-project/codespell,2017-11-12,751.0,rank-2,0
Python,https://github.com/codespell-project/codespell,2017-11-13,753.0,rank-2,0
Python,https://github.com/codespell-project/codespell,2017-11-14,765.0,rank-2,0
Python,https://github.com/codespell-project/codespell,2017-11-15,774.0,rank-2,0
Python,https://github.com/codespell-project/codespell,2017-11-16,788.0,rank-2,0
Python,https://github.com/codespell-project/codespell,2017-11-17,790.0,rank-2,0
Python,https://github.com/codespell-project/codespell,2017-11-18,792.0,rank-2,0
Python,https://github.com/codespell-project/codespell,2017-11-19,794.0,rank-2,0
Python,https://github.com/codespell-project/codespell,2017-11-22,796.0,rank-2,0
Python,https://github.com/codespell-project/codespell,2017-11-23,797.0,rank-2,0
Python,https://github.com/codespell-project/codespell,2017-11-24,799.0,rank-2,0
Python,https://github.com/codespell-project/codespell,2017-11-26,802.0,rank-2,0
Python,https://github.com/codespell-project/codespell,2017-11-27,815.0,rank-2,0
Python,https://github.com/codespell-project/codespell,2017-11-28,817.0,rank-2,0
Python,https://github.com/codespell-project/codespell,2017-11-29,825.0,rank-2,0
Python,https://github.com/codespell-project/codespell,2017-11-30,826.0,rank-2,0
Python,https://github.com/codespell-project/codespell,2017-12-01,828.0,rank-2,0
Python,https://github.com/codespell-project/codespell,2017-12-03,829.0,rank-2,0
Python,https://github.com/codespell-project/codespell,2017-12-04,839.0,rank-2,0
Python,https://github.com/codespell-project/codespell,2017-12-05,842.0,rank-2,0
Python,https://github.com/codespell-project/codespell,2017-12-06,848.0,rank-2,0
Python,https://github.com/codespell-project/codespell,2017-12-07,850.0,rank-2,0
Python,https://github.com/codespell-project/codespell,2017-12-09,851.0,rank-2,0
Python,https://github.com/codespell-project/codespell,2017-12-11,853.0,rank-2,0
Python,https://github.com/codespell-project/codespell,2017-12-12,854.0,rank-2,0
Python,https://github.com/codespell-project/codespell,2017-12-13,857.0,rank-2,0
Python,https://github.com/codespell-project/codespell,2017-12-14,858.0,rank-2,0
Python,https://github.com/codespell-project/codespell,2017-12-15,863.0,rank-2,0
Python,https://github.com/codespell-project/codespell,2017-12-18,864.0,rank-2,0
Python,https://github.com/codespell-project/codespell,2017-12-19,867.0,rank-2,0
Python,https://github.com/codespell-project/codespell,2017-12-20,869.0,rank-2,0
Python,https://github.com/codespell-project/codespell,2017-12-23,873.0,rank-2,0
Python,https://github.com/codespell-project/codespell,2017-12-24,874.0,rank-2,0
Python,https://github.com/codespell-project/codespell,2017-12-27,875.0,rank-2,0
Python,https://github.com/codespell-project/codespell,2017-12-28,876.0,rank-2,0
Python,https://github.com/codespell-project/codespell,2017-12-31,880.0,rank-2,0
Python,https://github.com/codespell-project/codespell,2018-01-01,881.0,rank-2,0
Python,https://github.com/codespell-project/codespell,2018-01-02,884.0,rank-2,0
Python,https://github.com/codespell-project/codespell,2018-01-03,889.0,rank-2,0
Python,https://github.com/codespell-project/codespell,2018-01-04,890.0,rank-2,0
Python,https://github.com/codespell-project/codespell,2018-01-05,895.0,rank-2,0
Python,https://github.com/codespell-project/codespell,2018-01-07,896.0,rank-2,0
Python,https://github.com/codespell-project/codespell,2018-01-08,899.0,rank-2,0
Python,https://github.com/codespell-project/codespell,2018-01-09,933.0,rank-2,0
Python,https://github.com/codespell-project/codespell,2018-01-10,935.0,rank-2,0
Python,https://github.com/codespell-project/codespell,2018-01-11,937.0,rank-2,0
Python,https://github.com/codespell-project/codespell,2018-01-12,945.0,rank-2,0
Python,https://github.com/codespell-project/codespell,2018-01-13,949.0,rank-2,0
Python,https://github.com/codespell-project/codespell,2018-01-14,950.0,rank-2,0
Python,https://github.com/codespell-project/codespell,2018-01-15,955.0,rank-2,0
Python,https://github.com/codespell-project/codespell,2018-01-16,957.0,rank-2,0
Python,https://github.com/codespell-project/codespell,2018-01-17,959.0,rank-2,0
Python,https://github.com/codespell-project/codespell,2018-01-18,968.0,rank-2,0
Python,https://github.com/codespell-project/codespell,2018-01-19,973.0,rank-2,0
Python,https://github.com/codespell-project/codespell,2018-01-20,975.0,rank-2,0
Python,https://github.com/codespell-project/codespell,2018-01-21,976.0,rank-2,0
Python,https://github.com/codespell-project/codespell,2018-01-22,977.0,rank-2,0
Python,https://github.com/codespell-project/codespell,2018-01-23,980.0,rank-2,0
Python,https://github.com/codespell-project/codespell,2018-01-24,982.0,rank-2,0
Python,https://github.com/codespell-project/codespell,2018-01-25,987.0,rank-2,0
Python,https://github.com/codespell-project/codespell,2018-01-26,988.0,rank-2,0
Python,https://github.com/codespell-project/codespell,2018-01-27,992.0,rank-2,0
Python,https://github.com/codespell-project/codespell,2018-01-28,993.0,rank-2,0
Python,https://github.com/codespell-project/codespell,2018-01-29,1003.0,rank-2,0
Python,https://github.com/codespell-project/codespell,2018-02-02,1004.0,rank-2,0
Python,https://github.com/codespell-project/codespell,2018-02-03,1007.0,rank-2,0
Python,https://github.com/codespell-project/codespell,2018-02-04,1008.0,rank-2,0
Python,https://github.com/codespell-project/codespell,2018-02-05,1016.0,rank-2,0
Python,https://github.com/codespell-project/codespell,2018-02-06,1018.0,rank-2,0
Python,https://github.com/codespell-project/codespell,2018-02-07,1025.0,rank-2,0
Python,https://github.com/codespell-project/codespell,2018-02-08,1029.0,rank-2,0
Python,https://github.com/codespell-project/codespell,2018-02-09,1034.0,rank-2,0
Python,https://github.com/codespell-project/codespell,2018-02-10,1035.0,rank-2,0
Python,https://github.com/codespell-project/codespell,2018-02-12,1038.0,rank-2,0
Python,https://github.com/codespell-project/codespell,2018-02-13,1040.0,rank-2,0
Python,https://github.com/codespell-project/codespell,2018-02-14,1050.0,rank-2,0
Python,https://github.com/codespell-project/codespell,2018-02-15,1062.0,rank-2,0
Python,https://github.com/codespell-project/codespell,2018-02-16,1068.0,rank-2,0
Python,https://github.com/codespell-project/codespell,2018-02-17,1073.0,rank-2,0
Python,https://github.com/codespell-project/codespell,2018-02-18,1075.0,rank-2,0
Python,https://github.com/codespell-project/codespell,2018-02-19,1078.0,rank-2,0
Python,https://github.com/codespell-project/codespell,2018-02-21,1080.0,rank-2,0
Python,https://github.com/codespell-project/codespell,2018-02-22,1084.0,rank-2,0
Python,https://github.com/codespell-project/codespell,2018-02-23,1085.0,rank-2,0
Python,https://github.com/codespell-project/codespell,2018-02-24,1087.0,rank-2,0
Python,https://github.com/codespell-project/codespell,2018-02-25,1092.0,rank-2,0
Python,https://github.com/codespell-project/codespell,2018-02-26,1094.0,rank-2,0
Python,https://github.com/codespell-project/codespell,2018-02-27,1096.0,rank-2,0
Python,https://github.com/codespell-project/codespell,2018-02-28,1100.0,rank-2,0
Python,https://github.com/codespell-project/codespell,2018-03-01,1101.0,rank-2,0
Python,https://github.com/codespell-project/codespell,2018-03-02,1103.0,rank-2,0
Python,https://github.com/codespell-project/codespell,2018-03-03,1108.0,rank-2,0
Python,https://github.com/codespell-project/codespell,2018-03-04,1109.0,rank-2,0
Python,https://github.com/codespell-project/codespell,2018-03-05,1114.0,rank-2,0
Python,https://github.com/codespell-project/codespell,2018-03-06,1116.0,rank-2,0
Python,https://github.com/codespell-project/codespell,2018-03-08,1120.0,rank-2,0
Python,https://github.com/codespell-project/codespell,2018-03-09,1122.0,rank-2,0
Python,https://github.com/codespell-project/codespell,2018-03-11,1123.0,rank-2,0
Python,https://github.com/codespell-project/codespell,2018-03-12,1131.0,rank-2,0
Python,https://github.com/codespell-project/codespell,2018-03-14,1132.0,rank-2,0
Python,https://github.com/codespell-project/codespell,2018-03-16,1133.0,rank-2,0
Python,https://github.com/codespell-project/codespell,2018-03-17,1135.0,rank-2,0
Python,https://github.com/codespell-project/codespell,2018-03-19,1137.0,rank-2,0
Python,https://github.com/codespell-project/codespell,2018-03-20,1138.0,rank-2,0
Python,https://github.com/codespell-project/codespell,2018-03-22,1140.0,rank-2,0
Python,https://github.com/codespell-project/codespell,2018-03-23,1142.0,rank-2,0
Python,https://github.com/codespell-project/codespell,2018-03-24,1145.0,rank-2,0
Python,https://github.com/codespell-project/codespell,2018-03-25,1149.0,rank-2,0
Python,https://github.com/codespell-project/codespell,2018-03-26,1151.0,rank-2,0
Python,https://github.com/codespell-project/codespell,2018-03-27,1156.0,rank-2,0
Python,https://github.com/codespell-project/codespell,2018-03-28,1157.0,rank-2,0
Python,https://github.com/codespell-project/codespell,2018-03-29,1158.0,rank-2,0
Python,https://github.com/codespell-project/codespell,2018-03-30,1159.0,rank-2,0
Python,https://github.com/codespell-project/codespell,2018-03-31,1166.0,rank-2,0
Python,https://github.com/codespell-project/codespell,2018-04-01,1167.0,rank-2,0
Python,https://github.com/codespell-project/codespell,2018-04-02,1169.0,rank-2,0
Python,https://github.com/codespell-project/codespell,2018-04-03,1171.0,rank-2,0
Python,https://github.com/codespell-project/codespell,2018-04-04,1173.0,rank-2,0
Python,https://github.com/codespell-project/codespell,2018-04-05,1176.0,rank-2,0
Python,https://github.com/codespell-project/codespell,2018-04-06,1178.0,rank-2,0
Python,https://github.com/codespell-project/codespell,2018-04-07,1180.0,rank-2,0
Python,https://github.com/codespell-project/codespell,2018-04-09,1181.0,rank-2,0
Python,https://github.com/codespell-project/codespell,2018-04-12,1182.0,rank-2,0
Python,https://github.com/codespell-project/codespell,2018-04-13,1183.0,rank-2,0
Python,https://github.com/codespell-project/codespell,2018-04-15,1184.0,rank-2,0
Python,https://github.com/codespell-project/codespell,2018-04-16,1191.0,rank-2,0
Python,https://github.com/codespell-project/codespell,2018-04-17,1193.0,rank-2,0
Python,https://github.com/codespell-project/codespell,2018-04-18,1194.0,rank-2,0
Python,https://github.com/codespell-project/codespell,2018-04-20,1197.0,rank-2,0
Python,https://github.com/codespell-project/codespell,2018-04-23,1198.0,rank-2,0
Python,https://github.com/codespell-project/codespell,2018-04-24,1201.0,rank-2,0
Python,https://github.com/codespell-project/codespell,2018-04-26,1209.0,rank-2,0
Python,https://github.com/codespell-project/codespell,2018-04-27,1213.0,rank-2,0
Python,https://github.com/codespell-project/codespell,2018-04-28,1215.0,rank-2,0
Python,https://github.com/codespell-project/codespell,2018-04-29,1216.0,rank-2,0
Python,https://github.com/codespell-project/codespell,2018-04-30,1218.0,rank-2,0
Python,https://github.com/codespell-project/codespell,2018-05-01,1219.0,rank-2,0
Python,https://github.com/codespell-project/codespell,2018-05-02,1221.0,rank-2,0
Python,https://github.com/codespell-project/codespell,2018-05-04,1228.0,rank-2,0
Python,https://github.com/codespell-project/codespell,2018-05-05,1230.0,rank-2,0
Python,https://github.com/codespell-project/codespell,2018-05-07,1241.0,rank-2,0
Python,https://github.com/codespell-project/codespell,2018-05-08,1244.0,rank-2,0
Python,https://github.com/codespell-project/codespell,2018-05-09,1246.0,rank-2,0
Python,https://github.com/codespell-project/codespell,2018-05-10,1254.0,rank-2,0
Python,https://github.com/codespell-project/codespell,2018-05-11,1255.0,rank-2,0
Python,https://github.com/codespell-project/codespell,2018-05-14,1257.0,rank-2,0
Python,https://github.com/codespell-project/codespell,2018-05-16,1260.0,rank-2,1
Python,https://github.com/codespell-project/codespell,2018-05-17,1264.0,rank-2,1
Python,https://github.com/codespell-project/codespell,2018-05-18,1265.0,rank-2,2
Python,https://github.com/codespell-project/codespell,2018-05-19,1267.0,rank-2,2
Python,https://github.com/codespell-project/codespell,2018-05-20,1268.0,rank-2,2
Python,https://github.com/codespell-project/codespell,2018-05-21,1270.0,rank-2,2
Python,https://github.com/codespell-project/codespell,2018-05-22,1273.0,rank-2,3
Python,https://github.com/codespell-project/codespell,2018-05-23,1274.0,rank-2,3
Python,https://github.com/codespell-project/codespell,2018-05-24,1275.0,rank-2,3
Python,https://github.com/codespell-project/codespell,2018-05-25,1277.0,rank-2,4
Python,https://github.com/codespell-project/codespell,2018-05-26,1278.0,rank-2,4
Python,https://github.com/codespell-project/codespell,2018-05-29,1280.0,rank-2,4
Python,https://github.com/codespell-project/codespell,2018-05-31,1282.0,rank-2,4
Python,https://github.com/codespell-project/codespell,2018-06-02,1283.0,rank-2,4
Python,https://github.com/codespell-project/codespell,2018-06-03,1284.0,rank-2,4
Python,https://github.com/codespell-project/codespell,2018-06-04,1287.0,rank-2,4
Python,https://github.com/codespell-project/codespell,2018-06-05,1288.0,rank-2,4
Python,https://github.com/codespell-project/codespell,2018-06-07,1290.0,rank-2,5
Python,https://github.com/codespell-project/codespell,2018-06-08,1292.0,rank-2,5
Python,https://github.com/codespell-project/codespell,2018-06-09,1293.0,rank-2,5
Python,https://github.com/codespell-project/codespell,2018-06-10,1296.0,rank-2,6
Python,https://github.com/codespell-project/codespell,2018-06-11,1298.0,rank-2,6
Python,https://github.com/codespell-project/codespell,2018-06-12,1299.0,rank-2,6
Python,https://github.com/codespell-project/codespell,2018-06-15,1301.0,rank-2,6
Python,https://github.com/codespell-project/codespell,2018-06-16,1302.0,rank-2,6
Python,https://github.com/codespell-project/codespell,2018-06-18,1305.0,rank-2,6
Python,https://github.com/codespell-project/codespell,2018-06-19,1307.0,rank-2,6
Python,https://github.com/codespell-project/codespell,2018-06-20,1310.0,rank-2,6
Python,https://github.com/codespell-project/codespell,2018-06-22,1311.0,rank-2,7
Python,https://github.com/codespell-project/codespell,2018-06-24,1312.0,rank-2,8
Python,https://github.com/codespell-project/codespell,2018-06-26,1313.0,rank-2,8
Python,https://github.com/codespell-project/codespell,2018-06-27,1315.0,rank-2,8
Python,https://github.com/codespell-project/codespell,2018-07-02,1316.0,rank-2,8
Python,https://github.com/codespell-project/codespell,2018-07-03,1318.0,rank-2,8
Python,https://github.com/codespell-project/codespell,2018-07-05,1320.0,rank-2,8
Python,https://github.com/codespell-project/codespell,2018-07-06,1321.0,rank-2,8
Python,https://github.com/codespell-project/codespell,2018-07-07,1322.0,rank-2,8
Python,https://github.com/codespell-project/codespell,2018-07-08,1323.0,rank-2,8
Python,https://github.com/codespell-project/codespell,2018-07-09,1324.0,rank-2,8
Python,https://github.com/codespell-project/codespell,2018-07-10,1325.0,rank-2,8
Python,https://github.com/codespell-project/codespell,2018-07-11,1327.0,rank-2,8
Python,https://github.com/codespell-project/codespell,2018-07-12,1329.0,rank-2,8
Python,https://github.com/codespell-project/codespell,2018-07-13,1330.0,rank-2,8
Python,https://github.com/codespell-project/codespell,2018-07-14,1332.0,rank-2,8
Python,https://github.com/codespell-project/codespell,2018-07-16,1334.0,rank-2,8
Python,https://github.com/codespell-project/codespell,2018-07-18,1335.0,rank-2,8
Python,https://github.com/codespell-project/codespell,2018-07-22,1337.0,rank-2,10
Python,https://github.com/codespell-project/codespell,2018-07-23,1340.0,rank-2,13
Python,https://github.com/codespell-project/codespell,2018-07-25,1342.0,rank-2,13
Python,https://github.com/codespell-project/codespell,2018-07-26,1344.0,rank-2,14
Python,https://github.com/codespell-project/codespell,2018-07-28,1345.0,rank-2,14
Python,https://github.com/codespell-project/codespell,2018-07-29,1352.0,rank-2,18
Python,https://github.com/codespell-project/codespell,2018-07-30,1353.0,rank-2,18
Python,https://github.com/codespell-project/codespell,2018-07-31,1355.0,rank-2,18
Python,https://github.com/codespell-project/codespell,2018-08-03,1356.0,rank-2,18
Python,https://github.com/codespell-project/codespell,2018-08-04,1357.0,rank-2,18
Python,https://github.com/codespell-project/codespell,2018-08-05,1359.0,rank-2,19
Python,https://github.com/codespell-project/codespell,2018-08-06,1367.0,rank-2,26
Python,https://github.com/codespell-project/codespell,2018-08-07,1370.0,rank-2,26
Python,https://github.com/codespell-project/codespell,2018-08-09,1375.0,rank-2,30
Python,https://github.com/codespell-project/codespell,2018-08-12,1378.0,rank-2,30
Python,https://github.com/codespell-project/codespell,2018-08-13,1387.0,rank-2,39
Python,https://github.com/codespell-project/codespell,2018-08-14,1390.0,rank-2,40
Python,https://github.com/codespell-project/codespell,2018-08-15,1391.0,rank-2,40
Python,https://github.com/codespell-project/codespell,2018-08-16,1392.0,rank-2,40
Python,https://github.com/codespell-project/codespell,2018-08-17,1394.0,rank-2,40
Python,https://github.com/codespell-project/codespell,2018-08-21,1395.0,rank-2,40
Python,https://github.com/codespell-project/codespell,2018-08-23,1396.0,rank-2,40
Python,https://github.com/codespell-project/codespell,2018-08-26,1397.0,rank-2,40
Python,https://github.com/codespell-project/codespell,2018-08-27,1400.0,rank-2,40
Python,https://github.com/codespell-project/codespell,2018-08-28,1401.0,rank-2,40
Python,https://github.com/codespell-project/codespell,2018-08-30,1405.0,rank-2,40
Python,https://github.com/codespell-project/codespell,2018-09-01,1408.0,rank-2,40
Python,https://github.com/codespell-project/codespell,2018-09-02,1410.0,rank-2,41
Python,https://github.com/codespell-project/codespell,2018-09-03,1412.0,rank-2,41
Python,https://github.com/codespell-project/codespell,2018-09-04,1415.0,rank-2,42
Python,https://github.com/codespell-project/codespell,2018-09-06,1416.0,rank-2,42
Python,https://github.com/codespell-project/codespell,2018-09-09,1417.0,rank-2,42
Python,https://github.com/codespell-project/codespell,2018-09-10,1421.0,rank-2,42
Python,https://github.com/codespell-project/codespell,2018-09-11,1422.0,rank-2,42
Python,https://github.com/codespell-project/codespell,2018-09-13,1423.0,rank-2,42
Python,https://github.com/codespell-project/codespell,2018-09-14,1426.0,rank-2,42
Python,https://github.com/codespell-project/codespell,2018-09-16,1428.0,rank-2,42
Python,https://github.com/codespell-project/codespell,2018-09-19,1431.0,rank-2,42
Python,https://github.com/codespell-project/codespell,2018-09-20,1432.0,rank-2,42
Python,https://github.com/codespell-project/codespell,2018-09-21,1435.0,rank-2,42
Python,https://github.com/codespell-project/codespell,2018-09-22,1436.0,rank-2,42
Python,https://github.com/codespell-project/codespell,2018-09-23,1438.0,rank-2,42
Python,https://github.com/codespell-project/codespell,2018-09-26,1439.0,rank-2,42
Python,https://github.com/codespell-project/codespell,2018-09-27,1440.0,rank-2,43
Python,https://github.com/codespell-project/codespell,2018-09-28,1448.0,rank-2,44
Python,https://github.com/codespell-project/codespell,2018-09-29,1450.0,rank-2,44
Python,https://github.com/codespell-project/codespell,2018-10-01,1451.0,rank-2,44
Python,https://github.com/codespell-project/codespell,2018-10-02,1452.0,rank-2,44
Python,https://github.com/codespell-project/codespell,2018-10-03,1458.0,rank-2,44
Python,https://github.com/codespell-project/codespell,2018-10-04,1460.0,rank-2,44
Python,https://github.com/codespell-project/codespell,2018-10-05,1464.0,rank-2,44
Python,https://github.com/codespell-project/codespell,2018-10-06,1465.0,rank-2,44
Python,https://github.com/codespell-project/codespell,2018-10-08,1468.0,rank-2,44
Python,https://github.com/codespell-project/codespell,2018-10-09,1469.0,rank-2,44
Python,https://github.com/codespell-project/codespell,2018-10-11,1471.0,rank-2,44
Python,https://github.com/codespell-project/codespell,2018-10-12,1475.0,rank-2,45
Python,https://github.com/codespell-project/codespell,2018-10-13,1476.0,rank-2,45
Python,https://github.com/codespell-project/codespell,2018-10-14,1477.0,rank-2,45
Python,https://github.com/codespell-project/codespell,2018-10-15,1479.0,rank-2,45
Python,https://github.com/codespell-project/codespell,2018-10-16,1482.0,rank-2,45
Python,https://github.com/codespell-project/codespell,2018-10-17,1486.0,rank-2,45
Python,https://github.com/codespell-project/codespell,2018-10-21,1487.0,rank-2,45
Python,https://github.com/codespell-project/codespell,2018-10-22,1494.0,rank-2,45
Python,https://github.com/codespell-project/codespell,2018-10-23,1495.0,rank-2,45
Python,https://github.com/codespell-project/codespell,2018-10-24,1499.0,rank-2,45
Python,https://github.com/codespell-project/codespell,2018-10-25,1500.0,rank-2,45
Python,https://github.com/codespell-project/codespell,2018-10-26,1502.0,rank-2,45
Python,https://github.com/codespell-project/codespell,2018-10-27,1504.0,rank-2,45
Python,https://github.com/codespell-project/codespell,2018-10-28,1505.0,rank-2,45
Python,https://github.com/codespell-project/codespell,2018-10-29,1512.0,rank-2,45
Python,https://github.com/codespell-project/codespell,2018-10-30,1516.0,rank-2,45
Python,https://github.com/codespell-project/codespell,2018-10-31,1519.0,rank-2,45
Python,https://github.com/codespell-project/codespell,2018-11-02,1520.0,rank-2,45
Python,https://github.com/codespell-project/codespell,2018-11-03,1521.0,rank-2,45
Python,https://github.com/codespell-project/codespell,2018-11-04,1522.0,rank-2,45
Python,https://github.com/codespell-project/codespell,2018-11-05,1529.0,rank-2,46
Python,https://github.com/codespell-project/codespell,2018-11-06,1531.0,rank-2,46
Python,https://github.com/codespell-project/codespell,2018-11-07,1535.0,rank-2,46
Python,https://github.com/codespell-project/codespell,2018-11-08,1536.0,rank-2,46
Python,https://github.com/codespell-project/codespell,2018-11-10,1537.0,rank-2,46
Python,https://github.com/codespell-project/codespell,2018-11-12,1539.0,rank-2,46
Python,https://github.com/codespell-project/codespell,2018-11-13,1542.0,rank-2,46
Python,https://github.com/codespell-project/codespell,2018-11-17,1543.0,rank-2,46
Python,https://github.com/codespell-project/codespell,2018-11-19,1544.0,rank-2,46
Python,https://github.com/codespell-project/codespell,2018-11-20,1547.0,rank-2,47
Python,https://github.com/codespell-project/codespell,2018-11-24,1548.0,rank-2,47
Python,https://github.com/codespell-project/codespell,2018-11-26,1551.0,rank-2,47
Python,https://github.com/codespell-project/codespell,2018-11-29,1553.0,rank-2,47
Python,https://github.com/codespell-project/codespell,2018-12-01,1554.0,rank-2,47
Python,https://github.com/codespell-project/codespell,2018-12-02,1555.0,rank-2,47
Python,https://github.com/codespell-project/codespell,2018-12-06,1556.0,rank-2,47
Python,https://github.com/codespell-project/codespell,2018-12-07,1557.0,rank-2,47
Python,https://github.com/codespell-project/codespell,2018-12-08,1561.0,rank-2,47
Python,https://github.com/codespell-project/codespell,2018-12-10,1562.0,rank-2,47
Python,https://github.com/codespell-project/codespell,2018-12-11,1564.0,rank-2,47
Python,https://github.com/codespell-project/codespell,2018-12-12,1565.0,rank-2,47
Python,https://github.com/codespell-project/codespell,2018-12-13,1566.0,rank-2,47
Python,https://github.com/codespell-project/codespell,2018-12-14,1567.0,rank-2,47
Python,https://github.com/codespell-project/codespell,2018-12-19,1568.0,rank-2,47
Python,https://github.com/codespell-project/codespell,2018-12-23,1569.0,rank-2,47
Python,https://github.com/codespell-project/codespell,2018-12-26,1570.0,rank-2,47
Python,https://github.com/codespell-project/codespell,2018-12-27,1571.0,rank-2,47
Python,https://github.com/codespell-project/codespell,2018-12-28,1572.0,rank-2,47
Python,https://github.com/codespell-project/codespell,2018-12-30,1573.0,rank-2,47
Python,https://github.com/codespell-project/codespell,2019-01-07,1581.0,rank-2,47
Python,https://github.com/codespell-project/codespell,2019-01-09,1582.0,rank-2,47
Python,https://github.com/codespell-project/codespell,2019-01-10,1584.0,rank-2,47
Python,https://github.com/codespell-project/codespell,2019-01-11,1586.0,rank-2,47
Python,https://github.com/codespell-project/codespell,2019-01-12,1587.0,rank-2,47
Python,https://github.com/codespell-project/codespell,2019-01-13,1588.0,rank-2,47
Python,https://github.com/codespell-project/codespell,2019-01-14,1590.0,rank-2,47
Python,https://github.com/codespell-project/codespell,2019-01-15,1591.0,rank-2,47
Python,https://github.com/codespell-project/codespell,2019-01-16,1595.0,rank-2,47
Python,https://github.com/codespell-project/codespell,2019-01-17,1598.0,rank-2,47
Python,https://github.com/codespell-project/codespell,2019-01-18,1601.0,rank-2,47
Python,https://github.com/codespell-project/codespell,2019-01-19,1603.0,rank-2,47
Python,https://github.com/codespell-project/codespell,2019-01-20,1604.0,rank-2,47
Python,https://github.com/codespell-project/codespell,2019-01-22,1607.0,rank-2,47
Python,https://github.com/codespell-project/codespell,2019-01-24,1609.0,rank-2,47
Python,https://github.com/codespell-project/codespell,2019-01-25,1611.0,rank-2,47
Python,https://github.com/codespell-project/codespell,2019-01-27,1612.0,rank-2,47
Python,https://github.com/codespell-project/codespell,2019-01-29,1614.0,rank-2,47
Python,https://github.com/codespell-project/codespell,2019-01-30,1615.0,rank-2,47
Python,https://github.com/codespell-project/codespell,2019-01-31,1616.0,rank-2,47
Python,https://github.com/codespell-project/codespell,2019-02-04,1617.0,rank-2,47
Python,https://github.com/codespell-project/codespell,2019-02-05,1619.0,rank-2,47
Python,https://github.com/codespell-project/codespell,2019-02-06,1620.0,rank-2,47
Python,https://github.com/codespell-project/codespell,2019-02-10,1624.0,rank-2,47
Python,https://github.com/codespell-project/codespell,2019-02-13,1627.0,rank-2,47
Python,https://github.com/codespell-project/codespell,2019-02-14,1628.0,rank-2,47
Python,https://github.com/codespell-project/codespell,2019-02-20,1630.0,rank-2,47
Python,https://github.com/codespell-project/codespell,2019-02-21,1631.0,rank-2,47
Python,https://github.com/codespell-project/codespell,2019-02-24,1633.0,rank-2,47
Python,https://github.com/codespell-project/codespell,2019-02-25,1635.0,rank-2,47
Python,https://github.com/codespell-project/codespell,2019-02-26,1636.0,rank-2,47
Python,https://github.com/codespell-project/codespell,2019-02-27,1637.0,rank-2,47
Python,https://github.com/codespell-project/codespell,2019-02-28,1638.0,rank-2,47
Python,https://github.com/codespell-project/codespell,2019-03-01,1639.0,rank-2,47
Python,https://github.com/codespell-project/codespell,2019-03-04,1641.0,rank-2,47
Python,https://github.com/codespell-project/codespell,2019-03-05,1642.0,rank-2,47
Python,https://github.com/codespell-project/codespell,2019-03-06,1645.0,rank-2,47
Python,https://github.com/codespell-project/codespell,2019-03-07,1646.0,rank-2,47
Python,https://github.com/codespell-project/codespell,2019-03-08,1647.0,rank-2,47
Python,https://github.com/codespell-project/codespell,2019-03-10,1652.0,rank-2,47
Python,https://github.com/codespell-project/codespell,2019-03-11,1654.0,rank-2,47
Python,https://github.com/codespell-project/codespell,2019-03-12,1657.0,rank-2,47
Python,https://github.com/codespell-project/codespell,2019-03-13,1661.0,rank-2,47
Python,https://github.com/codespell-project/codespell,2019-03-15,1664.0,rank-2,47
Python,https://github.com/codespell-project/codespell,2019-03-16,1735.0,rank-2,115
Python,https://github.com/codespell-project/codespell,2019-03-17,1740.0,rank-2,120
Python,https://github.com/codespell-project/codespell,2019-03-18,1746.0,rank-2,124
Python,https://github.com/codespell-project/codespell,2019-03-19,2022.0,rank-2,398
Python,https://github.com/codespell-project/codespell,2019-03-20,2028.0,rank-2,404
Python,https://github.com/codespell-project/codespell,2019-03-21,2029.0,rank-2,404
Python,https://github.com/codespell-project/codespell,2019-03-23,2030.0,rank-2,404
Python,https://github.com/codespell-project/codespell,2019-03-26,2036.0,rank-2,405
Python,https://github.com/codespell-project/codespell,2019-03-27,2037.0,rank-2,405
Python,https://github.com/codespell-project/codespell,2019-03-28,2040.0,rank-2,407
Python,https://github.com/codespell-project/codespell,2019-03-29,2044.0,rank-2,410
Python,https://github.com/codespell-project/codespell,2019-04-01,2045.0,rank-2,410
Python,https://github.com/codespell-project/codespell,2019-04-02,2046.0,rank-2,411
Python,https://github.com/codespell-project/codespell,2019-04-04,2060.0,rank-2,425
Python,https://github.com/codespell-project/codespell,2019-04-08,2069.0,rank-2,428
Python,https://github.com/codespell-project/codespell,2019-04-10,2071.0,rank-2,429
Python,https://github.com/codespell-project/codespell,2019-04-19,2072.0,rank-2,429
Python,https://github.com/codespell-project/codespell,2019-04-29,2085.0,rank-2,435
Python,https://github.com/codespell-project/codespell,2019-04-30,2094.0,rank-2,439
Python,https://github.com/codespell-project/codespell,2019-05-03,2095.0,rank-2,439
Python,https://github.com/codespell-project/codespell,2019-05-06,2099.0,rank-2,439
Python,https://github.com/codespell-project/codespell,2019-05-07,2102.0,rank-2,439
Python,https://github.com/codespell-project/codespell,2019-05-08,2105.0,rank-2,439
Python,https://github.com/codespell-project/codespell,2019-05-09,2108.0,rank-2,439
Python,https://github.com/codespell-project/codespell,2019-05-13,2109.0,rank-2,439
Python,https://github.com/codespell-project/codespell,2019-05-16,2110.0,rank-2,439
Python,https://github.com/codespell-project/codespell,2019-05-17,2114.0,rank-2,439
Python,https://github.com/codespell-project/codespell,2019-05-18,2115.0,rank-2,439
Python,https://github.com/codespell-project/codespell,2019-05-20,2118.0,rank-2,439
Python,https://github.com/codespell-project/codespell,2019-05-21,2119.0,rank-2,439
Python,https://github.com/codespell-project/codespell,2019-05-23,2124.0,rank-2,442
Python,https://github.com/codespell-project/codespell,2019-05-24,2132.0,rank-2,446
Python,https://github.com/codespell-project/codespell,2019-05-25,2135.0,rank-2,447
Python,https://github.com/codespell-project/codespell,2019-05-26,2152.0,rank-2,464
Python,https://github.com/codespell-project/codespell,2019-05-27,2170.0,rank-2,478
Python,https://github.com/codespell-project/codespell,2019-05-28,2220.0,rank-2,509
Python,https://github.com/codespell-project/codespell,2019-05-29,2237.0,rank-2,516
Python,https://github.com/codespell-project/codespell,2019-05-30,2238.0,rank-2,516
Python,https://github.com/codespell-project/codespell,2019-06-01,2241.0,rank-2,516
Python,https://github.com/codespell-project/codespell,2019-06-02,2244.0,rank-2,516
Python,https://github.com/codespell-project/codespell,2019-06-03,2245.0,rank-2,516
Python,https://github.com/codespell-project/codespell,2019-06-06,2250.0,rank-2,516
Python,https://github.com/codespell-project/codespell,2019-06-08,2252.0,rank-2,516
Python,https://github.com/codespell-project/codespell,2019-06-09,2260.0,rank-2,518
Python,https://github.com/codespell-project/codespell,2019-06-10,2264.0,rank-2,520
Python,https://github.com/codespell-project/codespell,2019-06-11,2267.0,rank-2,523
Python,https://github.com/codespell-project/codespell,2019-06-12,2273.0,rank-2,524
Python,https://github.com/codespell-project/codespell,2019-06-13,2277.0,rank-2,524
Python,https://github.com/codespell-project/codespell,2019-06-15,2278.0,rank-2,524
Python,https://github.com/codespell-project/codespell,2019-06-16,2281.0,rank-2,524
Python,https://github.com/codespell-project/codespell,2019-06-17,2286.0,rank-2,524
Python,https://github.com/codespell-project/codespell,2019-06-18,2296.0,rank-2,524
Python,https://github.com/codespell-project/codespell,2019-06-19,2298.0,rank-2,524
Python,https://github.com/codespell-project/codespell,2019-06-20,2300.0,rank-2,524
Python,https://github.com/codespell-project/codespell,2019-06-21,2301.0,rank-2,524
Python,https://github.com/codespell-project/codespell,2019-06-22,2302.0,rank-2,524
Python,https://github.com/codespell-project/codespell,2019-06-24,2303.0,rank-2,524
Python,https://github.com/codespell-project/codespell,2019-06-25,2305.0,rank-2,524
Python,https://github.com/codespell-project/codespell,2019-06-27,2306.0,rank-2,524
Python,https://github.com/codespell-project/codespell,2019-06-28,2309.0,rank-2,524
Python,https://github.com/codespell-project/codespell,2019-06-29,2310.0,rank-2,524
Python,https://github.com/codespell-project/codespell,2019-07-02,2312.0,rank-2,524
Python,https://github.com/codespell-project/codespell,2019-07-05,2321.0,rank-2,524
Python,https://github.com/codespell-project/codespell,2019-07-06,2325.0,rank-2,524
Python,https://github.com/codespell-project/codespell,2019-07-07,2326.0,rank-2,524
Python,https://github.com/codespell-project/codespell,2019-07-08,2328.0,rank-2,524
Python,https://github.com/codespell-project/codespell,2019-07-11,2329.0,rank-2,524
Python,https://github.com/codespell-project/codespell,2019-07-17,2340.0,rank-2,524
Python,https://github.com/codespell-project/codespell,2019-07-18,2341.0,rank-2,524
Python,https://github.com/codespell-project/codespell,2019-07-23,2342.0,rank-2,524
Python,https://github.com/codespell-project/codespell,2019-07-29,2351.0,rank-2,524
Python,https://github.com/codespell-project/codespell,2019-07-31,2352.0,rank-2,524
Python,https://github.com/codespell-project/codespell,2019-08-06,2357.0,rank-2,524
Python,https://github.com/codespell-project/codespell,2019-08-07,2363.0,rank-2,524
Python,https://github.com/codespell-project/codespell,2019-08-10,2364.0,rank-2,524
Python,https://github.com/codespell-project/codespell,2019-08-12,2365.0,rank-2,524
Python,https://github.com/codespell-project/codespell,2019-08-13,2366.0,rank-2,524
Python,https://github.com/codespell-project/codespell,2019-08-14,2367.0,rank-2,524
Python,https://github.com/codespell-project/codespell,2019-08-16,2372.0,rank-2,524
Python,https://github.com/codespell-project/codespell,2019-08-20,2374.0,rank-2,524
Python,https://github.com/codespell-project/codespell,2019-08-27,2375.0,rank-2,524
Python,https://github.com/codespell-project/codespell,2019-08-29,2382.0,rank-2,524
Python,https://github.com/codespell-project/codespell,2019-08-30,2383.0,rank-2,524
Python,https://github.com/codespell-project/codespell,2019-09-03,2384.0,rank-2,524
Python,https://github.com/codespell-project/codespell,2019-09-09,2387.0,rank-2,525
Python,https://github.com/codespell-project/codespell,2019-09-11,2388.0,rank-2,525
Python,https://github.com/codespell-project/codespell,2019-09-12,2392.0,rank-2,525
Python,https://github.com/codespell-project/codespell,2019-09-13,2395.0,rank-2,525
Python,https://github.com/codespell-project/codespell,2019-09-15,2398.0,rank-2,525
Python,https://github.com/codespell-project/codespell,2019-09-16,2401.0,rank-2,525
Python,https://github.com/codespell-project/codespell,2019-09-18,2403.0,rank-2,525
Python,https://github.com/codespell-project/codespell,2019-09-19,2406.0,rank-2,525
Python,https://github.com/codespell-project/codespell,2019-09-21,2407.0,rank-2,525
Python,https://github.com/codespell-project/codespell,2019-09-23,2408.0,rank-2,525
Python,https://github.com/codespell-project/codespell,2019-09-26,2418.0,rank-2,525
Python,https://github.com/codespell-project/codespell,2019-09-27,2419.0,rank-2,525
Python,https://github.com/codespell-project/codespell,2019-10-03,2420.0,rank-2,525
Python,https://github.com/codespell-project/codespell,2019-10-07,2422.0,rank-2,525
Python,https://github.com/codespell-project/codespell,2019-10-08,2425.0,rank-2,526
Python,https://github.com/codespell-project/codespell,2019-10-09,2427.0,rank-2,526
Python,https://github.com/codespell-project/codespell,2019-10-10,2437.0,rank-2,526
Python,https://github.com/codespell-project/codespell,2019-10-11,2439.0,rank-2,526
Python,https://github.com/codespell-project/codespell,2019-10-12,2446.0,rank-2,526
Python,https://github.com/codespell-project/codespell,2019-10-13,2447.0,rank-2,526
Python,https://github.com/codespell-project/codespell,2019-10-14,2448.0,rank-2,526
Python,https://github.com/codespell-project/codespell,2019-10-15,2453.0,rank-2,526
Python,https://github.com/codespell-project/codespell,2019-10-16,2455.0,rank-2,526
Python,https://github.com/codespell-project/codespell,2019-10-17,2470.0,rank-2,526
Python,https://github.com/codespell-project/codespell,2019-10-18,2471.0,rank-2,526
Python,https://github.com/codespell-project/codespell,2019-10-21,2480.0,rank-2,526
Python,https://github.com/codespell-project/codespell,2019-10-22,2483.0,rank-2,526
Python,https://github.com/codespell-project/codespell,2019-10-23,2485.0,rank-2,526
Python,https://github.com/codespell-project/codespell,2019-10-25,2488.0,rank-2,526
Python,https://github.com/codespell-project/codespell,2019-10-26,2489.0,rank-2,526
Python,https://github.com/codespell-project/codespell,2019-10-27,2490.0,rank-2,526
Python,https://github.com/codespell-project/codespell,2019-11-04,2492.0,rank-2,526
Python,https://github.com/codespell-project/codespell,2019-11-05,2493.0,rank-2,526
Python,https://github.com/codespell-project/codespell,2019-11-06,2494.0,rank-2,526
Python,https://github.com/codespell-project/codespell,2019-11-07,2498.0,rank-2,526
Python,https://github.com/codespell-project/codespell,2019-11-13,2504.0,rank-2,527
Python,https://github.com/codespell-project/codespell,2019-11-15,2505.0,rank-2,527
Python,https://github.com/codespell-project/codespell,2019-11-19,2506.0,rank-2,527
Python,https://github.com/codespell-project/codespell,2019-11-20,2507.0,rank-2,527
Python,https://github.com/codespell-project/codespell,2019-11-21,2508.0,rank-2,527
Python,https://github.com/codespell-project/codespell,2019-11-22,2509.0,rank-2,527
Python,https://github.com/codespell-project/codespell,2019-11-26,2519.0,rank-2,529
Python,https://github.com/codespell-project/codespell,2019-11-27,2521.0,rank-2,529
Python,https://github.com/codespell-project/codespell,2019-11-29,2522.0,rank-2,529
Python,https://github.com/codespell-project/codespell,2019-12-01,2523.0,rank-2,529
Python,https://github.com/codespell-project/codespell,2019-12-02,2525.0,rank-2,530
Python,https://github.com/codespell-project/codespell,2019-12-03,2529.0,rank-2,530
Python,https://github.com/codespell-project/codespell,2019-12-04,2530.0,rank-2,530
Python,https://github.com/codespell-project/codespell,2019-12-05,2533.0,rank-2,530
Python,https://github.com/codespell-project/codespell,2019-12-06,2535.0,rank-2,530
Python,https://github.com/codespell-project/codespell,2019-12-08,2537.0,rank-2,530
Python,https://github.com/codespell-project/codespell,2019-12-10,2540.0,rank-2,532
Python,https://github.com/codespell-project/codespell,2019-12-11,2541.0,rank-2,532
Python,https://github.com/codespell-project/codespell,2019-12-12,2544.0,rank-2,533
Python,https://github.com/codespell-project/codespell,2019-12-13,2545.0,rank-2,533
Python,https://github.com/codespell-project/codespell,2019-12-16,2547.0,rank-2,533
Python,https://github.com/codespell-project/codespell,2019-12-17,2548.0,rank-2,533
Python,https://github.com/codespell-project/codespell,2019-12-18,2565.0,rank-2,538
Python,https://github.com/codespell-project/codespell,2019-12-19,2601.0,rank-2,569
Python,https://github.com/codespell-project/codespell,2019-12-20,2602.0,rank-2,569
Python,https://github.com/codespell-project/codespell,2019-12-21,2603.0,rank-2,570
Python,https://github.com/codespell-project/codespell,2019-12-22,2608.0,rank-2,573
Python,https://github.com/codespell-project/codespell,2019-12-23,2611.0,rank-2,573
Python,https://github.com/codespell-project/codespell,2019-12-25,2612.0,rank-2,573
Python,https://github.com/codespell-project/codespell,2019-12-26,2616.0,rank-2,573
Python,https://github.com/codespell-project/codespell,2019-12-28,2618.0,rank-2,573
Python,https://github.com/codespell-project/codespell,2019-12-29,2619.0,rank-2,573
Python,https://github.com/codespell-project/codespell,2020-01-02,2620.0,rank-2,573
Python,https://github.com/codespell-project/codespell,2020-01-06,2623.0,rank-2,573
Python,https://github.com/codespell-project/codespell,2020-01-08,2624.0,rank-2,573
Python,https://github.com/codespell-project/codespell,2020-01-09,2628.0,rank-2,573
Python,https://github.com/codespell-project/codespell,2020-01-13,2629.0,rank-2,573
Python,https://github.com/codespell-project/codespell,2020-01-14,2632.0,rank-2,574
Python,https://github.com/codespell-project/codespell,2020-01-15,2635.0,rank-2,574
Python,https://github.com/codespell-project/codespell,2020-01-17,2636.0,rank-2,574
Python,https://github.com/codespell-project/codespell,2020-01-18,2637.0,rank-2,574
Python,https://github.com/codespell-project/codespell,2020-01-23,2640.0,rank-2,574
Python,https://github.com/codespell-project/codespell,2020-02-03,2641.0,rank-2,574
Python,https://github.com/codespell-project/codespell,2020-02-05,2643.0,rank-2,574
Python,https://github.com/codespell-project/codespell,2020-02-17,2645.0,rank-2,574
Python,https://github.com/codespell-project/codespell,2020-02-25,2646.0,rank-2,574
Python,https://github.com/codespell-project/codespell,2020-02-28,2647.0,rank-2,574
Python,https://github.com/codespell-project/codespell,2020-03-02,2648.0,rank-2,574
Python,https://github.com/codespell-project/codespell,2020-03-03,2653.0,rank-2,574
Python,https://github.com/codespell-project/codespell,2020-03-04,2655.0,rank-2,574
Python,https://github.com/codespell-project/codespell,2020-03-05,2656.0,rank-2,574
Python,https://github.com/codespell-project/codespell,2020-03-06,2657.0,rank-2,574
Python,https://github.com/codespell-project/codespell,2020-03-07,2658.0,rank-2,574
Python,https://github.com/codespell-project/codespell,2020-03-10,2660.0,rank-2,574
Python,https://github.com/codespell-project/codespell,2020-03-11,2661.0,rank-2,574
Python,https://github.com/codespell-project/codespell,2020-03-12,2662.0,rank-2,574
Python,https://github.com/codespell-project/codespell,2020-03-13,2667.0,rank-2,574
Python,https://github.com/codespell-project/codespell,2020-03-14,2670.0,rank-2,574
Python,https://github.com/codespell-project/codespell,2020-03-15,2673.0,rank-2,574
Python,https://github.com/codespell-project/codespell,2020-03-16,2675.0,rank-2,574
Python,https://github.com/codespell-project/codespell,2020-03-17,2676.0,rank-2,574
Python,https://github.com/codespell-project/codespell,2020-03-19,2677.0,rank-2,574
Python,https://github.com/codespell-project/codespell,2020-03-21,2678.0,rank-2,574
Python,https://github.com/codespell-project/codespell,2020-03-25,2679.0,rank-2,574
Python,https://github.com/codespell-project/codespell,2020-03-26,2684.0,rank-2,574
Python,https://github.com/codespell-project/codespell,2020-03-27,2686.0,rank-2,574
Python,https://github.com/codespell-project/codespell,2020-03-28,2687.0,rank-2,574
Python,https://github.com/codespell-project/codespell,2020-03-29,2689.0,rank-2,574
Python,https://github.com/codespell-project/codespell,2020-03-30,2691.0,rank-2,574
Python,https://github.com/codespell-project/codespell,2020-03-31,2694.0,rank-2,574
Python,https://github.com/codespell-project/codespell,2020-04-01,2696.0,rank-2,574
Python,https://github.com/codespell-project/codespell,2020-04-02,2697.0,rank-2,574
Python,https://github.com/codespell-project/codespell,2020-04-03,2698.0,rank-2,574
Python,https://github.com/codespell-project/codespell,2020-04-04,2702.0,rank-2,574
Python,https://github.com/codespell-project/codespell,2020-04-05,2706.0,rank-2,574
Python,https://github.com/codespell-project/codespell,2020-04-06,2708.0,rank-2,574
Python,https://github.com/codespell-project/codespell,2020-04-07,2711.0,rank-2,574
Python,https://github.com/codespell-project/codespell,2020-04-10,2712.0,rank-2,574
Python,https://github.com/codespell-project/codespell,2020-04-13,2713.0,rank-2,574
Python,https://github.com/codespell-project/codespell,2020-04-15,2714.0,rank-2,574
Python,https://github.com/codespell-project/codespell,2020-04-17,2715.0,rank-2,574
Python,https://github.com/codespell-project/codespell,2020-04-18,2716.0,rank-2,574
Python,https://github.com/codespell-project/codespell,2020-04-19,2717.0,rank-2,574
Python,https://github.com/codespell-project/codespell,2020-04-21,2719.0,rank-2,574
Python,https://github.com/codespell-project/codespell,2020-04-23,2720.0,rank-2,574
Python,https://github.com/codespell-project/codespell,2020-04-24,2726.0,rank-2,574
Python,https://github.com/codespell-project/codespell,2020-04-25,2727.0,rank-2,574
Python,https://github.com/codespell-project/codespell,2020-04-27,2729.0,rank-2,574
Python,https://github.com/codespell-project/codespell,2020-04-29,2731.0,rank-2,574
Python,https://github.com/codespell-project/codespell,2020-04-30,2735.0,rank-2,574
Python,https://github.com/codespell-project/codespell,2020-05-02,2736.0,rank-2,574
Python,https://github.com/codespell-project/codespell,2020-05-06,2737.0,rank-2,574
Python,https://github.com/codespell-project/codespell,2020-05-07,2740.0,rank-2,574
Python,https://github.com/codespell-project/codespell,2020-05-10,2741.0,rank-2,574
Python,https://github.com/codespell-project/codespell,2020-05-11,2745.0,rank-2,574
Python,https://github.com/codespell-project/codespell,2020-05-12,2746.0,rank-2,574
Python,https://github.com/codespell-project/codespell,2020-05-13,2748.0,rank-2,574
Python,https://github.com/codespell-project/codespell,2020-05-14,2749.0,rank-2,574
Python,https://github.com/codespell-project/codespell,2020-05-16,2752.0,rank-2,574
Python,https://github.com/codespell-project/codespell,2020-05-18,2756.0,rank-2,574
Python,https://github.com/codespell-project/codespell,2020-05-19,2757.0,rank-2,574
Python,https://github.com/codespell-project/codespell,2020-05-20,2764.0,rank-2,574
Python,https://github.com/codespell-project/codespell,2020-05-21,2769.0,rank-2,574
Python,https://github.com/codespell-project/codespell,2020-05-22,2777.0,rank-2,574
Python,https://github.com/codespell-project/codespell,2020-05-24,2780.0,rank-2,574
Python,https://github.com/codespell-project/codespell,2020-05-25,2781.0,rank-2,574
Python,https://github.com/codespell-project/codespell,2020-05-26,2783.0,rank-2,574
Python,https://github.com/codespell-project/codespell,2020-05-27,2788.0,rank-2,574
Python,https://github.com/codespell-project/codespell,2020-05-28,2789.0,rank-2,574
Python,https://github.com/codespell-project/codespell,2020-05-29,2790.0,rank-2,574
Python,https://github.com/codespell-project/codespell,2020-05-30,2793.0,rank-2,574
Python,https://github.com/codespell-project/codespell,2020-05-31,2796.0,rank-2,574
Python,https://github.com/codespell-project/codespell,2020-06-01,2797.0,rank-2,574
Python,https://github.com/codespell-project/codespell,2020-06-03,2800.0,rank-2,574
Python,https://github.com/codespell-project/codespell,2020-06-04,2801.0,rank-2,574
Python,https://github.com/codespell-project/codespell,2020-06-05,2804.0,rank-2,574
Python,https://github.com/codespell-project/codespell,2020-06-06,2811.0,rank-2,574
Python,https://github.com/codespell-project/codespell,2020-06-07,2812.0,rank-2,574
Python,https://github.com/codespell-project/codespell,2020-06-08,2816.0,rank-2,574
Python,https://github.com/codespell-project/codespell,2020-06-09,2819.0,rank-2,574
Python,https://github.com/codespell-project/codespell,2020-06-10,2825.0,rank-2,574
Python,https://github.com/codespell-project/codespell,2020-06-11,2829.0,rank-2,574
Python,https://github.com/codespell-project/codespell,2020-06-12,2831.0,rank-2,574
Python,https://github.com/codespell-project/codespell,2020-06-13,2832.0,rank-2,574
Python,https://github.com/codespell-project/codespell,2020-06-14,2835.0,rank-2,574
Python,https://github.com/codespell-project/codespell,2020-06-15,2840.0,rank-2,574
Python,https://github.com/codespell-project/codespell,2020-06-16,2842.0,rank-2,574
Python,https://github.com/codespell-project/codespell,2020-06-17,2848.0,rank-2,574
Python,https://github.com/codespell-project/codespell,2020-06-18,2849.0,rank-2,574
Python,https://github.com/codespell-project/codespell,2020-06-19,2850.0,rank-2,574
Python,https://github.com/codespell-project/codespell,2020-06-20,2856.0,rank-2,574
Python,https://github.com/codespell-project/codespell,2020-06-21,2857.0,rank-2,574
Python,https://github.com/codespell-project/codespell,2020-06-22,2858.0,rank-2,574
Python,https://github.com/codespell-project/codespell,2020-06-24,2859.0,rank-2,574
Python,https://github.com/codespell-project/codespell,2020-06-30,2861.0,rank-2,574
Python,https://github.com/codespell-project/codespell,2020-07-01,2863.0,rank-2,574
Python,https://github.com/codespell-project/codespell,2020-07-02,2864.0,rank-2,574
Python,https://github.com/codespell-project/codespell,2020-07-03,2865.0,rank-2,574
Python,https://github.com/codespell-project/codespell,2020-07-06,2870.0,rank-2,574
Python,https://github.com/codespell-project/codespell,2020-07-07,2876.0,rank-2,574
Python,https://github.com/codespell-project/codespell,2020-07-08,2877.0,rank-2,574
Python,https://github.com/codespell-project/codespell,2020-07-09,2878.0,rank-2,574
Python,https://github.com/codespell-project/codespell,2020-07-10,2879.0,rank-2,574
Python,https://github.com/codespell-project/codespell,2020-07-13,2880.0,rank-2,574
Python,https://github.com/codespell-project/codespell,2020-07-15,2881.0,rank-2,574
Python,https://github.com/codespell-project/codespell,2020-07-16,2883.0,rank-2,574
Python,https://github.com/codespell-project/codespell,2020-07-18,2884.0,rank-2,574
Python,https://github.com/codespell-project/codespell,2020-07-20,2885.0,rank-2,574
Python,https://github.com/codespell-project/codespell,2020-07-21,2888.0,rank-2,574
Python,https://github.com/codespell-project/codespell,2020-07-22,2890.0,rank-2,574
Python,https://github.com/codespell-project/codespell,2020-07-23,2894.0,rank-2,574
Python,https://github.com/codespell-project/codespell,2020-07-24,2895.0,rank-2,574
Python,https://github.com/codespell-project/codespell,2020-07-27,2899.0,rank-2,574
Python,https://github.com/codespell-project/codespell,2020-07-28,2905.0,rank-2,574
Python,https://github.com/codespell-project/codespell,2020-07-29,2906.0,rank-2,574
Python,https://github.com/codespell-project/codespell,2020-07-30,2907.0,rank-2,574
Python,https://github.com/codespell-project/codespell,2020-07-31,2911.0,rank-2,574
Python,https://github.com/codespell-project/codespell,2020-08-01,2912.0,rank-2,574
Python,https://github.com/codespell-project/codespell,2020-08-03,2917.0,rank-2,574
Python,https://github.com/codespell-project/codespell,2020-08-04,2919.0,rank-2,574
Python,https://github.com/codespell-project/codespell,2020-08-05,2921.0,rank-2,574
Python,https://github.com/codespell-project/codespell,2020-08-06,2926.0,rank-2,574
Python,https://github.com/codespell-project/codespell,2020-08-07,2929.0,rank-2,574
Python,https://github.com/codespell-project/codespell,2020-08-08,2930.0,rank-2,574
Python,https://github.com/codespell-project/codespell,2020-08-10,2934.0,rank-2,574
Python,https://github.com/codespell-project/codespell,2020-08-11,2951.0,rank-2,574
Python,https://github.com/codespell-project/codespell,2020-08-12,2958.0,rank-2,574
Python,https://github.com/codespell-project/codespell,2020-08-13,2969.0,rank-2,574
Python,https://github.com/codespell-project/codespell,2020-08-14,2980.0,rank-2,574
Python,https://github.com/codespell-project/codespell,2020-08-15,2981.0,rank-2,574
Python,https://github.com/codespell-project/codespell,2020-08-16,2982.0,rank-2,574
Python,https://github.com/codespell-project/codespell,2020-08-17,2989.0,rank-2,574
Python,https://github.com/codespell-project/codespell,2020-08-18,3012.0,rank-2,574
Python,https://github.com/codespell-project/codespell,2020-08-19,3015.0,rank-2,574
Python,https://github.com/codespell-project/codespell,2020-08-21,3016.0,rank-2,574
Python,https://github.com/codespell-project/codespell,2020-08-24,3019.0,rank-2,574
Python,https://github.com/codespell-project/codespell,2020-08-26,3020.0,rank-2,574
Python,https://github.com/codespell-project/codespell,2020-08-27,3023.0,rank-2,574
Python,https://github.com/codespell-project/codespell,2020-08-28,3036.0,rank-2,574
Python,https://github.com/codespell-project/codespell,2020-08-29,3037.0,rank-2,574
Python,https://github.com/codespell-project/codespell,2020-08-30,3053.0,rank-2,574
Python,https://github.com/codespell-project/codespell,2020-08-31,3066.0,rank-2,574
Python,https://github.com/codespell-project/codespell,2020-09-01,3071.0,rank-2,574
Python,https://github.com/codespell-project/codespell,2020-09-02,3090.0,rank-2,574
Python,https://github.com/codespell-project/codespell,2020-09-03,3102.0,rank-2,574
Python,https://github.com/codespell-project/codespell,2020-09-04,3105.0,rank-2,574
Python,https://github.com/codespell-project/codespell,2020-09-05,3109.0,rank-2,574
Python,https://github.com/codespell-project/codespell,2020-09-08,3110.0,rank-2,574
Python,https://github.com/codespell-project/codespell,2020-09-13,3111.0,rank-2,574
Python,https://github.com/codespell-project/codespell,2020-09-14,3119.0,rank-2,574
Python,https://github.com/codespell-project/codespell,2020-09-21,3133.0,rank-2,574
Python,https://github.com/codespell-project/codespell,2020-09-22,3153.0,rank-2,574
Python,https://github.com/codespell-project/codespell,2020-09-23,3179.0,rank-2,574
Python,https://github.com/codespell-project/codespell,2020-09-24,3183.0,rank-2,574
Python,https://github.com/codespell-project/codespell,2020-09-26,3185.0,rank-2,574
Python,https://github.com/codespell-project/codespell,2020-09-27,3186.0,rank-2,574
Python,https://github.com/codespell-project/codespell,2020-09-28,3190.0,rank-2,574
Python,https://github.com/codespell-project/codespell,2020-10-01,3193.0,rank-2,574
Python,https://github.com/codespell-project/codespell,2020-10-02,3209.0,rank-2,574
Python,https://github.com/codespell-project/codespell,2020-10-03,3210.0,rank-2,574
Python,https://github.com/codespell-project/codespell,2020-10-07,3212.0,rank-2,574
Python,https://github.com/codespell-project/codespell,2020-10-12,3214.0,rank-2,574
Python,https://github.com/codespell-project/codespell,2020-10-13,3215.0,rank-2,574
Python,https://github.com/codespell-project/codespell,2020-10-14,3218.0,rank-2,574
Python,https://github.com/codespell-project/codespell,2020-10-17,3221.0,rank-2,574
Python,https://github.com/codespell-project/codespell,2020-10-20,3222.0,rank-2,574
Python,https://github.com/codespell-project/codespell,2020-10-21,3225.0,rank-2,574
Python,https://github.com/codespell-project/codespell,2020-10-22,3232.0,rank-2,574
Python,https://github.com/codespell-project/codespell,2020-10-23,3236.0,rank-2,574
Python,https://github.com/codespell-project/codespell,2020-10-24,3240.0,rank-2,574
Python,https://github.com/codespell-project/codespell,2020-10-27,3246.0,rank-2,574
Python,https://github.com/codespell-project/codespell,2020-10-28,3249.0,rank-2,574
Python,https://github.com/codespell-project/codespell,2020-10-29,3254.0,rank-2,574
Python,https://github.com/codespell-project/codespell,2020-11-03,3275.0,rank-2,574
Python,https://github.com/codespell-project/codespell,2020-11-04,3276.0,rank-2,574
Python,https://github.com/codespell-project/codespell,2020-11-05,3279.0,rank-2,574
Python,https://github.com/codespell-project/codespell,2020-11-06,3281.0,rank-2,574
Python,https://github.com/codespell-project/codespell,2020-11-09,3285.0,rank-2,574
Python,https://github.com/codespell-project/codespell,2020-11-18,3308.0,rank-2,574
Python,https://github.com/codespell-project/codespell,2020-11-19,3313.0,rank-2,574
Python,https://github.com/codespell-project/codespell,2020-11-20,3316.0,rank-2,574
Python,https://github.com/codespell-project/codespell,2020-11-23,3325.0,rank-2,574
Python,https://github.com/codespell-project/codespell,2020-11-24,3326.0,rank-2,574
Python,https://github.com/codespell-project/codespell,2020-11-30,3329.0,rank-2,574
Python,https://github.com/codespell-project/codespell,2020-12-01,3338.0,rank-2,574
Python,https://github.com/codespell-project/codespell,2020-12-02,3341.0,rank-2,574
Python,https://github.com/codespell-project/codespell,2020-12-04,3345.0,rank-2,574
Python,https://github.com/codespell-project/codespell,2020-12-08,3359.0,rank-2,574
Python,https://github.com/codespell-project/codespell,2020-12-09,3372.0,rank-2,574
Python,https://github.com/codespell-project/codespell,2020-12-10,3375.0,rank-2,574
Python,https://github.com/codespell-project/codespell,2020-12-11,3381.0,rank-2,574
Python,https://github.com/codespell-project/codespell,2020-12-14,3387.0,rank-2,574
Python,https://github.com/codespell-project/codespell,2020-12-15,3390.0,rank-2,574
Python,https://github.com/codespell-project/codespell,2020-12-18,3391.0,rank-2,574
Python,https://github.com/codespell-project/codespell,2020-12-19,3392.0,rank-2,574
Python,https://github.com/codespell-project/codespell,2020-12-21,3396.0,rank-2,574
Python,https://github.com/codespell-project/codespell,2020-12-23,3399.0,rank-2,574
Python,https://github.com/codespell-project/codespell,2020-12-26,3400.0,rank-2,574
Python,https://github.com/codespell-project/codespell,2020-12-28,3406.0,rank-2,574
Python,https://github.com/codespell-project/codespell,2020-12-29,3410.0,rank-2,574
Python,https://github.com/codespell-project/codespell,2020-12-30,3411.0,rank-2,574
Python,https://github.com/codespell-project/codespell,2020-12-31,3412.0,rank-2,574
Python,https://github.com/codespell-project/codespell,2021-01-01,3414.0,rank-2,574
Python,https://github.com/codespell-project/codespell,2021-01-02,3415.0,rank-2,574
Python,https://github.com/codespell-project/codespell,2021-01-03,3416.0,rank-2,574
Python,https://github.com/codespell-project/codespell,2021-01-04,3418.0,rank-2,574
Python,https://github.com/codespell-project/codespell,2021-01-06,3424.0,rank-2,574
Python,https://github.com/codespell-project/codespell,2021-01-09,3430.0,rank-2,574
Python,https://github.com/codespell-project/codespell,2021-01-10,3433.0,rank-2,574
Python,https://github.com/codespell-project/codespell,2021-01-11,3437.0,rank-2,574
Python,https://github.com/codespell-project/codespell,2021-01-14,3446.0,rank-2,574
Python,https://github.com/codespell-project/codespell,2021-01-15,3447.0,rank-2,574
Python,https://github.com/codespell-project/codespell,2021-01-18,3449.0,rank-2,574
Python,https://github.com/codespell-project/codespell,2021-01-19,3452.0,rank-2,574
Python,https://github.com/codespell-project/codespell,2021-01-20,3454.0,rank-2,574
Python,https://github.com/codespell-project/codespell,2021-01-21,3455.0,rank-2,574
Python,https://github.com/codespell-project/codespell,2021-01-22,3458.0,rank-2,574
Python,https://github.com/codespell-project/codespell,2021-01-23,3461.0,rank-2,574
Python,https://github.com/codespell-project/codespell,2021-01-24,3464.0,rank-2,574
Python,https://github.com/codespell-project/codespell,2021-01-29,3465.0,rank-2,574
Python,https://github.com/codespell-project/codespell,2021-01-30,3467.0,rank-2,574
Python,https://github.com/codespell-project/codespell,2021-02-02,3469.0,rank-2,574
Python,https://github.com/codespell-project/codespell,2021-02-04,3470.0,rank-2,574
Python,https://github.com/codespell-project/codespell,2021-02-05,3471.0,rank-2,574
Python,https://github.com/codespell-project/codespell,2021-02-06,3472.0,rank-2,574
Python,https://github.com/codespell-project/codespell,2021-02-08,3474.0,rank-2,574
Python,https://github.com/codespell-project/codespell,2021-02-11,3478.0,rank-2,574
Python,https://github.com/codespell-project/codespell,2021-02-12,3479.0,rank-2,574
Python,https://github.com/codespell-project/codespell,2021-02-19,3501.0,rank-2,574
Python,https://github.com/codespell-project/codespell,2021-02-20,3509.0,rank-2,574
Python,https://github.com/codespell-project/codespell,2021-02-23,3510.0,rank-2,574
Python,https://github.com/codespell-project/codespell,2021-02-24,3512.0,rank-2,574
Python,https://github.com/codespell-project/codespell,2021-02-25,3513.0,rank-2,574
Python,https://github.com/codespell-project/codespell,2021-02-27,3515.0,rank-2,574
Python,https://github.com/codespell-project/codespell,2021-02-28,3516.0,rank-2,574
Python,https://github.com/codespell-project/codespell,2021-03-01,3519.0,rank-2,574
Python,https://github.com/codespell-project/codespell,2021-03-06,3520.0,rank-2,574
Python,https://github.com/codespell-project/codespell,2021-03-15,3521.0,rank-2,574
Python,https://github.com/codespell-project/codespell,2021-03-22,3523.0,rank-2,574
Python,https://github.com/codespell-project/codespell,2021-03-24,3524.0,rank-2,574
Python,https://github.com/codespell-project/codespell,2021-03-25,3525.0,rank-2,574
Python,https://github.com/codespell-project/codespell,2021-03-26,3526.0,rank-2,574
Python,https://github.com/codespell-project/codespell,2021-03-31,3528.0,rank-2,574
Python,https://github.com/codespell-project/codespell,2021-04-05,3530.0,rank-2,574
Python,https://github.com/codespell-project/codespell,2021-04-06,3532.0,rank-2,574
Python,https://github.com/codespell-project/codespell,2021-04-07,3533.0,rank-2,574
Python,https://github.com/codespell-project/codespell,2021-04-11,3535.0,rank-2,574
Python,https://github.com/codespell-project/codespell,2021-04-14,3540.0,rank-2,574
Python,https://github.com/codespell-project/codespell,2021-04-15,3542.0,rank-2,574
Python,https://github.com/codespell-project/codespell,2021-04-16,3545.0,rank-2,574
Python,https://github.com/codespell-project/codespell,2021-04-20,3546.0,rank-2,574
Python,https://github.com/codespell-project/codespell,2021-04-26,3547.0,rank-2,574
Python,https://github.com/codespell-project/codespell,2021-05-04,3548.0,rank-2,574
Python,https://github.com/codespell-project/codespell,2021-05-07,3549.0,rank-2,574
Python,https://github.com/codespell-project/codespell,2021-05-08,3553.0,rank-2,574
Python,https://github.com/codespell-project/codespell,2021-05-20,3554.0,rank-2,574
Python,https://github.com/codespell-project/codespell,2021-05-28,3555.0,rank-2,574
Python,https://github.com/codespell-project/codespell,2021-06-01,3561.0,rank-2,574
Python,https://github.com/codespell-project/codespell,2021-06-02,3563.0,rank-2,574
Python,https://github.com/codespell-project/codespell,2021-06-10,3566.0,rank-2,574
Python,https://github.com/codespell-project/codespell,2021-06-11,3582.0,rank-2,574
Python,https://github.com/codespell-project/codespell,2021-06-12,3592.0,rank-2,574
Python,https://github.com/codespell-project/codespell,2021-06-13,3609.0,rank-2,577
Python,https://github.com/codespell-project/codespell,2021-06-14,3637.0,rank-2,577
Python,https://github.com/codespell-project/codespell,2021-06-15,3640.0,rank-2,577
Python,https://github.com/codespell-project/codespell,2021-06-16,3642.0,rank-2,577
Python,https://github.com/codespell-project/codespell,2021-06-17,3643.0,rank-2,577
Python,https://github.com/codespell-project/codespell,2021-06-18,3645.0,rank-2,577
Python,https://github.com/codespell-project/codespell,2021-06-20,3647.0,rank-2,577
Python,https://github.com/codespell-project/codespell,2021-06-22,3650.0,rank-2,577
Python,https://github.com/codespell-project/codespell,2021-06-24,3651.0,rank-2,577
Python,https://github.com/codespell-project/codespell,2021-06-29,3653.0,rank-2,577
Python,https://github.com/codespell-project/codespell,2021-07-02,3654.0,rank-2,577
Python,https://github.com/codespell-project/codespell,2021-07-05,3660.0,rank-2,577
Python,https://github.com/codespell-project/codespell,2021-07-08,3661.0,rank-2,577
Python,https://github.com/codespell-project/codespell,2021-07-14,3663.0,rank-2,577
Python,https://github.com/codespell-project/codespell,2021-07-15,3664.0,rank-2,577
Python,https://github.com/codespell-project/codespell,2021-07-16,3665.0,rank-2,577
Python,https://github.com/codespell-project/codespell,2021-07-17,3669.0,rank-2,577
Python,https://github.com/codespell-project/codespell,2021-07-18,3670.0,rank-2,577
Python,https://github.com/codespell-project/codespell,2021-07-20,3672.0,rank-2,577
Python,https://github.com/codespell-project/codespell,2021-07-21,3675.0,rank-2,577
Python,https://github.com/codespell-project/codespell,2021-07-23,3677.0,rank-2,577
Python,https://github.com/codespell-project/codespell,2021-07-26,3678.0,rank-2,577
Python,https://github.com/codespell-project/codespell,2021-07-27,3681.0,rank-2,577
Python,https://github.com/codespell-project/codespell,2021-07-29,3682.0,rank-2,577
Python,https://github.com/codespell-project/codespell,2021-08-01,3684.0,rank-2,577
Python,https://github.com/codespell-project/codespell,2021-08-02,3685.0,rank-2,577
Python,https://github.com/codespell-project/codespell,2021-08-03,3687.0,rank-2,577
Python,https://github.com/codespell-project/codespell,2021-08-04,3688.0,rank-2,577
Python,https://github.com/codespell-project/codespell,2021-08-08,3689.0,rank-2,577
Python,https://github.com/codespell-project/codespell,2021-08-09,3690.0,rank-2,577
Python,https://github.com/codespell-project/codespell,2021-08-12,3691.0,rank-2,577
Python,https://github.com/codespell-project/codespell,2021-08-20,3692.0,rank-2,577
Python,https://github.com/codespell-project/codespell,2021-08-22,3700.0,rank-2,577
Python,https://github.com/codespell-project/codespell,2021-08-25,3703.0,rank-2,577
Python,https://github.com/codespell-project/codespell,2021-08-27,3707.0,rank-2,577
Python,https://github.com/codespell-project/codespell,2021-08-28,3708.0,rank-2,577
Python,https://github.com/codespell-project/codespell,2021-08-30,3711.0,rank-2,577
Python,https://github.com/codespell-project/codespell,2021-08-31,3712.0,rank-2,577
Python,https://github.com/codespell-project/codespell,2021-09-01,3713.0,rank-2,577
Python,https://github.com/codespell-project/codespell,2021-09-03,3715.0,rank-2,577
Python,https://github.com/codespell-project/codespell,2021-09-07,3716.0,rank-2,577
Python,https://github.com/codespell-project/codespell,2021-09-09,3718.0,rank-2,577
Python,https://github.com/codespell-project/codespell,2021-09-10,3719.0,rank-2,577
Python,https://github.com/codespell-project/codespell,2021-09-13,3721.0,rank-2,577
Python,https://github.com/codespell-project/codespell,2021-09-14,3722.0,rank-2,577
Python,https://github.com/codespell-project/codespell,2021-09-15,3723.0,rank-2,577
Python,https://github.com/codespell-project/codespell,2021-09-16,3725.0,rank-2,577
Python,https://github.com/codespell-project/codespell,2021-09-21,3728.0,rank-2,577
Python,https://github.com/codespell-project/codespell,2021-09-22,3732.0,rank-2,577
Python,https://github.com/codespell-project/codespell,2021-09-23,3738.0,rank-2,577
Python,https://github.com/codespell-project/codespell,2021-09-29,3740.0,rank-2,577
Python,https://github.com/codespell-project/codespell,2021-09-30,3741.0,rank-2,577
Python,https://github.com/codespell-project/codespell,2021-10-04,3742.0,rank-2,577
Python,https://github.com/codespell-project/codespell,2021-10-05,3744.0,rank-2,577
Python,https://github.com/codespell-project/codespell,2021-10-06,3745.0,rank-2,577
Python,https://github.com/codespell-project/codespell,2021-10-07,3747.0,rank-2,577
Python,https://github.com/codespell-project/codespell,2021-10-10,3752.0,rank-2,577
Python,https://github.com/codespell-project/codespell,2021-10-11,3756.0,rank-2,577
Python,https://github.com/codespell-project/codespell,2021-10-12,3758.0,rank-2,577
Python,https://github.com/codespell-project/codespell,2021-10-15,3761.0,rank-2,577
Python,https://github.com/codespell-project/codespell,2021-10-16,3762.0,rank-2,577
Python,https://github.com/codespell-project/codespell,2021-10-18,3763.0,rank-2,577
Python,https://github.com/codespell-project/codespell,2021-10-21,3771.0,rank-2,577
Python,https://github.com/codespell-project/codespell,2021-10-22,3773.0,rank-2,577
Python,https://github.com/codespell-project/codespell,2021-10-23,3774.0,rank-2,577
Python,https://github.com/codespell-project/codespell,2021-10-24,3775.0,rank-2,577
Python,https://github.com/codespell-project/codespell,2021-10-25,3781.0,rank-2,577
Python,https://github.com/codespell-project/codespell,2021-10-26,3783.0,rank-2,577
Python,https://github.com/codespell-project/codespell,2021-10-27,3786.0,rank-2,577
Python,https://github.com/codespell-project/codespell,2021-10-29,3787.0,rank-2,577
Python,https://github.com/codespell-project/codespell,2021-10-30,3790.0,rank-2,577
Python,https://github.com/codespell-project/codespell,2021-10-31,3791.0,rank-2,577
Python,https://github.com/codespell-project/codespell,2021-11-01,3795.0,rank-2,577
Python,https://github.com/codespell-project/codespell,2021-11-02,3797.0,rank-2,577
Python,https://github.com/codespell-project/codespell,2021-11-03,3799.0,rank-2,577
Python,https://github.com/codespell-project/codespell,2021-11-04,3800.0,rank-2,577
Python,https://github.com/codespell-project/codespell,2021-11-10,3806.0,rank-2,577
Python,https://github.com/codespell-project/codespell,2021-11-11,3816.0,rank-2,577
Python,https://github.com/codespell-project/codespell,2021-11-12,3820.0,rank-2,577
Python,https://github.com/codespell-project/codespell,2021-11-13,3827.0,rank-2,577
Python,https://github.com/codespell-project/codespell,2021-11-16,3837.0,rank-2,577
Python,https://github.com/codespell-project/codespell,2021-11-17,3838.0,rank-2,577
Python,https://github.com/codespell-project/codespell,2021-11-18,3842.0,rank-2,577
Python,https://github.com/codespell-project/codespell,2021-11-22,3844.0,rank-2,577
Python,https://github.com/codespell-project/codespell,2021-11-23,3845.0,rank-2,577
Python,https://github.com/codespell-project/codespell,2021-11-24,3848.0,rank-2,577
Python,https://github.com/codespell-project/codespell,2021-11-27,3858.0,rank-2,577
Python,https://github.com/codespell-project/codespell,2021-11-29,3859.0,rank-2,577
Python,https://github.com/codespell-project/codespell,2021-11-30,3860.0,rank-2,577
Python,https://github.com/codespell-project/codespell,2021-12-01,3861.0,rank-2,577
Python,https://github.com/codespell-project/codespell,2021-12-02,3868.0,rank-2,577
Python,https://github.com/codespell-project/codespell,2021-12-03,3873.0,rank-2,577
Python,https://github.com/codespell-project/codespell,2021-12-04,3882.0,rank-2,577
Python,https://github.com/codespell-project/codespell,2021-12-05,3884.0,rank-2,577
Python,https://github.com/codespell-project/codespell,2021-12-06,3886.0,rank-2,577
Python,https://github.com/codespell-project/codespell,2021-12-10,3890.0,rank-2,577
Python,https://github.com/codespell-project/codespell,2021-12-16,3891.0,rank-2,577
Python,https://github.com/codespell-project/codespell,2021-12-17,3892.0,rank-2,577
Python,https://github.com/codespell-project/codespell,2021-12-20,3893.0,rank-2,577
Python,https://github.com/codespell-project/codespell,2021-12-21,3895.0,rank-2,577
Python,https://github.com/codespell-project/codespell,2021-12-22,3898.0,rank-2,577
Python,https://github.com/codespell-project/codespell,2021-12-23,3899.0,rank-2,577
Python,https://github.com/codespell-project/codespell,2021-12-24,3904.0,rank-2,577
Python,https://github.com/codespell-project/codespell,2021-12-26,3907.0,rank-2,577
Python,https://github.com/codespell-project/codespell,2021-12-27,3908.0,rank-2,577
Python,https://github.com/codespell-project/codespell,2021-12-29,3915.0,rank-2,577
Python,https://github.com/codespell-project/codespell,2021-12-30,3917.0,rank-2,577
Python,https://github.com/codespell-project/codespell,2022-01-01,3919.0,rank-2,577
Python,https://github.com/codespell-project/codespell,2022-01-02,3923.0,rank-2,577
Python,https://github.com/codespell-project/codespell,2022-01-03,3928.0,rank-2,577
Python,https://github.com/codespell-project/codespell,2022-01-07,3929.0,rank-2,577
Python,https://github.com/codespell-project/codespell,2022-01-08,3930.0,rank-2,577
Python,https://github.com/codespell-project/codespell,2022-01-10,3932.0,rank-2,577
Python,https://github.com/codespell-project/codespell,2022-01-12,3934.0,rank-2,577
Python,https://github.com/codespell-project/codespell,2022-01-13,3936.0,rank-2,577
Python,https://github.com/codespell-project/codespell,2022-01-14,3938.0,rank-2,577
Python,https://github.com/codespell-project/codespell,2022-01-15,3940.0,rank-2,577
Python,https://github.com/codespell-project/codespell,2022-01-16,3941.0,rank-2,577
Python,https://github.com/codespell-project/codespell,2022-01-17,3942.0,rank-2,577
Python,https://github.com/codespell-project/codespell,2022-01-18,3943.0,rank-2,577
Python,https://github.com/codespell-project/codespell,2022-01-19,3947.0,rank-2,577
Python,https://github.com/codespell-project/codespell,2022-01-20,3950.0,rank-2,577
Python,https://github.com/codespell-project/codespell,2022-01-21,3952.0,rank-2,577
Python,https://github.com/codespell-project/codespell,2022-01-24,3954.0,rank-2,577
Python,https://github.com/codespell-project/codespell,2022-01-25,3955.0,rank-2,577
Python,https://github.com/codespell-project/codespell,2022-01-26,3959.0,rank-2,577
Python,https://github.com/codespell-project/codespell,2022-01-27,3965.0,rank-2,577
Python,https://github.com/codespell-project/codespell,2022-01-28,3966.0,rank-2,577
Python,https://github.com/codespell-project/codespell,2022-01-29,3967.0,rank-2,577
Python,https://github.com/codespell-project/codespell,2022-01-30,3968.0,rank-2,577
Python,https://github.com/codespell-project/codespell,2022-02-01,3972.0,rank-2,577
Python,https://github.com/codespell-project/codespell,2022-02-02,3975.0,rank-2,577
Python,https://github.com/codespell-project/codespell,2022-02-03,3977.0,rank-2,577
Python,https://github.com/codespell-project/codespell,2022-02-04,3978.0,rank-2,577
Python,https://github.com/codespell-project/codespell,2022-02-05,3985.0,rank-2,577
Python,https://github.com/codespell-project/codespell,2022-02-06,3987.0,rank-2,577
Python,https://github.com/codespell-project/codespell,2022-02-07,3991.0,rank-2,577
Python,https://github.com/codespell-project/codespell,2022-02-08,3992.0,rank-2,577
Python,https://github.com/codespell-project/codespell,2022-02-09,3994.0,rank-2,577
Python,https://github.com/codespell-project/codespell,2022-02-10,3995.0,rank-2,577
Python,https://github.com/codespell-project/codespell,2022-02-13,3996.0,rank-2,577
Python,https://github.com/codespell-project/codespell,2022-02-14,4002.0,rank-2,577
Python,https://github.com/codespell-project/codespell,2022-02-15,4003.0,rank-2,577
Python,https://github.com/codespell-project/codespell,2022-02-16,4008.0,rank-2,577
Python,https://github.com/codespell-project/codespell,2022-02-17,4009.0,rank-2,577
Python,https://github.com/codespell-project/codespell,2022-02-18,4011.0,rank-2,577
Python,https://github.com/codespell-project/codespell,2022-02-21,4014.0,rank-2,577
Python,https://github.com/codespell-project/codespell,2022-02-23,4019.0,rank-2,577
Python,https://github.com/codespell-project/codespell,2022-02-24,4021.0,rank-2,577
Python,https://github.com/codespell-project/codespell,2022-02-25,4025.0,rank-2,577
Python,https://github.com/codespell-project/codespell,2022-02-26,4026.0,rank-2,577
Python,https://github.com/codespell-project/codespell,2022-02-27,4028.0,rank-2,577
Python,https://github.com/codespell-project/codespell,2022-02-28,4029.0,rank-2,577
Python,https://github.com/codespell-project/codespell,2022-03-01,4031.0,rank-2,577
Python,https://github.com/codespell-project/codespell,2022-03-02,4035.0,rank-2,577
Python,https://github.com/codespell-project/codespell,2022-03-03,4037.0,rank-2,577
Python,https://github.com/codespell-project/codespell,2022-03-04,4039.0,rank-2,577
Python,https://github.com/codespell-project/codespell,2022-03-07,4040.0,rank-2,577
Python,https://github.com/codespell-project/codespell,2022-03-10,4041.0,rank-2,577
Python,https://github.com/codespell-project/codespell,2022-03-14,4043.0,rank-2,577
Python,https://github.com/codespell-project/codespell,2022-03-15,4044.0,rank-2,577
Python,https://github.com/codespell-project/codespell,2022-03-16,4046.0,rank-2,577
Python,https://github.com/codespell-project/codespell,2022-03-17,4047.0,rank-2,577
Python,https://github.com/codespell-project/codespell,2022-03-18,4048.0,rank-2,577
Python,https://github.com/codespell-project/codespell,2022-03-20,4051.0,rank-2,577
Python,https://github.com/codespell-project/codespell,2022-03-21,4058.0,rank-2,577
Python,https://github.com/codespell-project/codespell,2022-03-23,4059.0,rank-2,577
Python,https://github.com/codespell-project/codespell,2022-03-25,4060.0,rank-2,577
Python,https://github.com/codespell-project/codespell,2022-03-26,4063.0,rank-2,577
Python,https://github.com/codespell-project/codespell,2022-03-28,4064.0,rank-2,577
Python,https://github.com/codespell-project/codespell,2022-03-30,4065.0,rank-2,577
Python,https://github.com/codespell-project/codespell,2022-04-02,4067.0,rank-2,577
Python,https://github.com/codespell-project/codespell,2022-04-04,4069.0,rank-2,577
Python,https://github.com/codespell-project/codespell,2022-04-05,4070.0,rank-2,577
Python,https://github.com/codespell-project/codespell,2022-04-08,4071.0,rank-2,577
Python,https://github.com/codespell-project/codespell,2022-04-12,4072.0,rank-2,577
Python,https://github.com/codespell-project/codespell,2022-04-14,4074.0,rank-2,577
Python,https://github.com/codespell-project/codespell,2022-04-18,4076.0,rank-2,577
Python,https://github.com/codespell-project/codespell,2022-04-24,4084.0,rank-2,577
Python,https://github.com/codespell-project/codespell,2022-04-26,4085.0,rank-2,577
Python,https://github.com/codespell-project/codespell,2022-04-29,4089.0,rank-2,577
Python,https://github.com/codespell-project/codespell,2022-04-30,4091.0,rank-2,577
Python,https://github.com/codespell-project/codespell,2022-05-04,4092.0,rank-2,577
Python,https://github.com/codespell-project/codespell,2022-05-05,4093.0,rank-2,577
Python,https://github.com/codespell-project/codespell,2022-05-06,4096.0,rank-2,577
Python,https://github.com/codespell-project/codespell,2022-05-08,4099.0,rank-2,577
Python,https://github.com/codespell-project/codespell,2022-05-10,4101.0,rank-2,577
Python,https://github.com/codespell-project/codespell,2022-05-24,4102.0,rank-2,577
Python,https://github.com/codespell-project/codespell,2022-05-26,4103.0,rank-2,577
Python,https://github.com/codespell-project/codespell,2022-06-03,4104.0,rank-2,577
Python,https://github.com/codespell-project/codespell,2022-06-06,4108.0,rank-2,577
Python,https://github.com/codespell-project/codespell,2022-06-09,4118.0,rank-2,577
Python,https://github.com/codespell-project/codespell,2022-06-10,4119.0,rank-2,577
Python,https://github.com/codespell-project/codespell,2022-06-12,4121.0,rank-2,577
Python,https://github.com/codespell-project/codespell,2022-06-13,4124.0,rank-2,577
Python,https://github.com/codespell-project/codespell,2022-06-14,4126.0,rank-2,577
Python,https://github.com/codespell-project/codespell,2022-06-16,4127.0,rank-2,577
Python,https://github.com/codespell-project/codespell,2022-06-17,4128.0,rank-2,577
Python,https://github.com/codespell-project/codespell,2022-06-22,4130.0,rank-2,577
Python,https://github.com/codespell-project/codespell,2022-06-23,4135.0,rank-2,577
Python,https://github.com/codespell-project/codespell,2022-06-25,4138.0,rank-2,577
Python,https://github.com/codespell-project/codespell,2022-06-26,4140.0,rank-2,577
Python,https://github.com/codespell-project/codespell,2022-06-27,4142.0,rank-2,577
Python,https://github.com/codespell-project/codespell,2022-07-01,4143.0,rank-2,577
Python,https://github.com/codespell-project/codespell,2022-07-04,4146.0,rank-2,577
Python,https://github.com/codespell-project/codespell,2022-07-05,4148.0,rank-2,577
Python,https://github.com/codespell-project/codespell,2022-07-07,4149.0,rank-2,577
Python,https://github.com/codespell-project/codespell,2022-07-09,4154.0,rank-2,577
Python,https://github.com/codespell-project/codespell,2022-07-10,4156.0,rank-2,577
Python,https://github.com/codespell-project/codespell,2022-07-12,4158.0,rank-2,577
Python,https://github.com/codespell-project/codespell,2022-07-13,4159.0,rank-2,577
Python,https://github.com/codespell-project/codespell,2022-07-14,4161.0,rank-2,577
Python,https://github.com/codespell-project/codespell,2022-07-17,4163.0,rank-2,577
Python,https://github.com/codespell-project/codespell,2022-07-19,4167.0,rank-2,577
Python,https://github.com/codespell-project/codespell,2022-07-20,4170.0,rank-2,577
Python,https://github.com/codespell-project/codespell,2022-07-21,4171.0,rank-2,577
Python,https://github.com/codespell-project/codespell,2022-07-23,4172.0,rank-2,577
Python,https://github.com/codespell-project/codespell,2022-07-28,4174.0,rank-2,577
Python,https://github.com/codespell-project/codespell,2022-07-29,4175.0,rank-2,577
Python,https://github.com/codespell-project/codespell,2022-07-30,4176.0,rank-2,577
Python,https://github.com/codespell-project/codespell,2022-07-31,4177.0,rank-2,577
Python,https://github.com/codespell-project/codespell,2022-08-01,4180.0,rank-2,577
Python,https://github.com/codespell-project/codespell,2022-08-02,4182.0,rank-2,577
Python,https://github.com/codespell-project/codespell,2022-08-03,4188.0,rank-2,577
Python,https://github.com/codespell-project/codespell,2022-08-04,4194.0,rank-2,577
Python,https://github.com/codespell-project/codespell,2022-08-09,4198.0,rank-2,577
Python,https://github.com/codespell-project/codespell,2022-08-10,4203.0,rank-2,577
Python,https://github.com/codespell-project/codespell,2022-08-13,4204.0,rank-2,577
Python,https://github.com/codespell-project/codespell,2022-08-16,4205.0,rank-2,577
Python,https://github.com/codespell-project/codespell,2022-08-17,4209.0,rank-2,577
Python,https://github.com/codespell-project/codespell,2022-08-18,4214.0,rank-2,577
Python,https://github.com/codespell-project/codespell,2022-08-19,4220.0,rank-2,577
Python,https://github.com/codespell-project/codespell,2022-08-20,4222.0,rank-2,577
Python,https://github.com/codespell-project/codespell,2022-08-21,4223.0,rank-2,577
Python,https://github.com/codespell-project/codespell,2022-08-23,4225.0,rank-2,577
Python,https://github.com/codespell-project/codespell,2022-08-24,4228.0,rank-2,577
Python,https://github.com/codespell-project/codespell,2022-08-25,4229.0,rank-2,577
Python,https://github.com/codespell-project/codespell,2022-08-26,4230.0,rank-2,577
Python,https://github.com/codespell-project/codespell,2022-08-27,4233.0,rank-2,577
Python,https://github.com/codespell-project/codespell,2022-08-29,4236.0,rank-2,577
Python,https://github.com/codespell-project/codespell,2022-08-30,4237.0,rank-2,577
Python,https://github.com/codespell-project/codespell,2022-08-31,4239.0,rank-2,577
Python,https://github.com/codespell-project/codespell,2022-09-01,4241.0,rank-2,577
Python,https://github.com/codespell-project/codespell,2022-09-04,4242.0,rank-2,577
Python,https://github.com/codespell-project/codespell,2022-09-06,4243.0,rank-2,577
Python,https://github.com/codespell-project/codespell,2022-09-07,4245.0,rank-2,577
Python,https://github.com/codespell-project/codespell,2022-09-08,4246.0,rank-2,577
Python,https://github.com/codespell-project/codespell,2022-09-10,4247.0,rank-2,577
Python,https://github.com/codespell-project/codespell,2022-09-11,4252.0,rank-2,577
Python,https://github.com/codespell-project/codespell,2022-09-12,4253.0,rank-2,577
Python,https://github.com/codespell-project/codespell,2022-09-14,4254.0,rank-2,577
Python,https://github.com/codespell-project/codespell,2022-09-16,4255.0,rank-2,577
Python,https://github.com/codespell-project/codespell,2022-09-18,4256.0,rank-2,577
Python,https://github.com/codespell-project/codespell,2022-09-25,4257.0,rank-2,577
Python,https://github.com/codespell-project/codespell,2022-09-26,4261.0,rank-2,577
Python,https://github.com/codespell-project/codespell,2022-10-03,4264.0,rank-2,577
Python,https://github.com/codespell-project/codespell,2022-10-04,4267.0,rank-2,577
Python,https://github.com/codespell-project/codespell,2022-10-05,4277.0,rank-2,577
Python,https://github.com/codespell-project/codespell,2022-10-06,4280.0,rank-2,577
Python,https://github.com/codespell-project/codespell,2022-10-08,4281.0,rank-2,577
Python,https://github.com/codespell-project/codespell,2022-10-11,4286.0,rank-2,577
Python,https://github.com/codespell-project/codespell,2022-10-12,4288.0,rank-2,577
Python,https://github.com/codespell-project/codespell,2022-10-14,4295.0,rank-2,577
Python,https://github.com/codespell-project/codespell,2022-10-16,4296.0,rank-2,577
Python,https://github.com/codespell-project/codespell,2022-10-17,4305.0,rank-2,577
Python,https://github.com/codespell-project/codespell,2022-10-18,4309.0,rank-2,577
Python,https://github.com/codespell-project/codespell,2022-10-19,4317.0,rank-2,577
Python,https://github.com/codespell-project/codespell,2022-10-20,4320.0,rank-2,577
Python,https://github.com/codespell-project/codespell,2022-10-21,4321.0,rank-2,577
Python,https://github.com/codespell-project/codespell,2022-10-23,4329.0,rank-2,577
Python,https://github.com/codespell-project/codespell,2022-10-24,4331.0,rank-2,577
Python,https://github.com/codespell-project/codespell,2022-10-25,4332.0,rank-2,577
Python,https://github.com/codespell-project/codespell,2022-10-26,4333.0,rank-2,577
Python,https://github.com/codespell-project/codespell,2022-10-27,4334.0,rank-2,577
Python,https://github.com/codespell-project/codespell,2022-10-28,4335.0,rank-2,577
Python,https://github.com/codespell-project/codespell,2022-10-29,4338.0,rank-2,577
Python,https://github.com/codespell-project/codespell,2022-10-30,4343.0,rank-2,577
Python,https://github.com/codespell-project/codespell,2022-10-31,4358.0,rank-2,577
Python,https://github.com/codespell-project/codespell,2022-11-02,4366.0,rank-2,577
Python,https://github.com/codespell-project/codespell,2022-11-03,4367.0,rank-2,577
Python,https://github.com/codespell-project/codespell,2022-11-04,4368.0,rank-2,577
Python,https://github.com/codespell-project/codespell,2022-11-06,4372.0,rank-2,577
Python,https://github.com/codespell-project/codespell,2022-11-07,4377.0,rank-2,577
Python,https://github.com/codespell-project/codespell,2022-11-08,4378.0,rank-2,577
Python,https://github.com/codespell-project/codespell,2022-11-11,4379.0,rank-2,577
Python,https://github.com/codespell-project/codespell,2022-11-13,4380.0,rank-2,577
Python,https://github.com/codespell-project/codespell,2022-11-15,4381.0,rank-2,577
Python,https://github.com/codespell-project/codespell,2022-11-16,4382.0,rank-2,577
Python,https://github.com/codespell-project/codespell,2022-11-17,4388.0,rank-2,577
Python,https://github.com/codespell-project/codespell,2022-11-18,4390.0,rank-2,577
Python,https://github.com/codespell-project/codespell,2022-11-19,4398.0,rank-2,577
Python,https://github.com/codespell-project/codespell,2022-11-20,4401.0,rank-2,577
Python,https://github.com/codespell-project/codespell,2022-11-21,4402.0,rank-2,577
Python,https://github.com/codespell-project/codespell,2022-11-23,4403.0,rank-2,577
Python,https://github.com/codespell-project/codespell,2022-11-25,4405.0,rank-2,577
Python,https://github.com/codespell-project/codespell,2022-11-26,4406.0,rank-2,577
Python,https://github.com/codespell-project/codespell,2022-11-27,4407.0,rank-2,577
Python,https://github.com/codespell-project/codespell,2022-11-28,4410.0,rank-2,577
Python,https://github.com/codespell-project/codespell,2022-11-29,4412.0,rank-2,577
Python,https://github.com/codespell-project/codespell,2022-12-01,4413.0,rank-2,577
Python,https://github.com/codespell-project/codespell,2022-12-05,4414.0,rank-2,577
Python,https://github.com/codespell-project/codespell,2022-12-06,4419.0,rank-2,577
Python,https://github.com/codespell-project/codespell,2022-12-07,4421.0,rank-2,577
Python,https://github.com/codespell-project/codespell,2022-12-09,4425.0,rank-2,577
Python,https://github.com/codespell-project/codespell,2022-12-12,4428.0,rank-2,577
Python,https://github.com/codespell-project/codespell,2022-12-16,4432.0,rank-2,577
Python,https://github.com/codespell-project/codespell,2022-12-17,4434.0,rank-2,577
Python,https://github.com/codespell-project/codespell,2022-12-18,4435.0,rank-2,577
Python,https://github.com/codespell-project/codespell,2022-12-22,4436.0,rank-2,577
Python,https://github.com/codespell-project/codespell,2022-12-23,4440.0,rank-2,577
Python,https://github.com/codespell-project/codespell,2022-12-24,4441.0,rank-2,577
Python,https://github.com/codespell-project/codespell,2022-12-26,4465.0,rank-2,577
Python,https://github.com/codespell-project/codespell,2022-12-27,4470.0,rank-2,577
Python,https://github.com/codespell-project/codespell,2022-12-28,4483.0,rank-2,577
Python,https://github.com/codespell-project/codespell,2022-12-29,4494.0,rank-2,577
Python,https://github.com/codespell-project/codespell,2023-01-01,4495.0,rank-2,577
Python,https://github.com/codespell-project/codespell,2023-01-02,4500.0,rank-2,577
Python,https://github.com/codespell-project/codespell,2023-01-03,4507.0,rank-2,577
Python,https://github.com/codespell-project/codespell,2023-01-04,4511.0,rank-2,577
Python,https://github.com/codespell-project/codespell,2023-01-05,4513.0,rank-2,577
Python,https://github.com/codespell-project/codespell,2023-01-06,4514.0,rank-2,577
Python,https://github.com/codespell-project/codespell,2023-01-07,4515.0,rank-2,577
Python,https://github.com/codespell-project/codespell,2023-01-12,4518.0,rank-2,577
Python,https://github.com/codespell-project/codespell,2023-01-13,4521.0,rank-2,577
Python,https://github.com/codespell-project/codespell,2023-01-15,4522.0,rank-2,577
Python,https://github.com/codespell-project/codespell,2023-01-17,4523.0,rank-2,577
Python,https://github.com/codespell-project/codespell,2023-01-18,4525.0,rank-2,577
Python,https://github.com/codespell-project/codespell,2023-01-25,4527.0,rank-2,577
Python,https://github.com/codespell-project/codespell,2023-01-26,4528.0,rank-2,577
Python,https://github.com/codespell-project/codespell,2023-02-01,4531.0,rank-2,577
Python,https://github.com/codespell-project/codespell,2023-02-04,4532.0,rank-2,577
Python,https://github.com/codespell-project/codespell,2023-02-05,4533.0,rank-2,577
Python,https://github.com/codespell-project/codespell,2023-02-08,4535.0,rank-2,577
Python,https://github.com/codespell-project/codespell,2023-02-10,4537.0,rank-2,577
Python,https://github.com/codespell-project/codespell,2023-02-11,4542.0,rank-2,577
Python,https://github.com/codespell-project/codespell,2023-02-12,4543.0,rank-2,577
Python,https://github.com/codespell-project/codespell,2023-02-14,4547.0,rank-2,577
Python,https://github.com/codespell-project/codespell,2023-02-18,4552.0,rank-2,577
Python,https://github.com/codespell-project/codespell,2023-02-19,4554.0,rank-2,577
Python,https://github.com/codespell-project/codespell,2023-02-20,4557.0,rank-2,577
Python,https://github.com/codespell-project/codespell,2023-02-22,4558.0,rank-2,577
Python,https://github.com/codespell-project/codespell,2023-02-23,4559.0,rank-2,577
Python,https://github.com/codespell-project/codespell,2023-02-28,4560.0,rank-2,577
Python,https://github.com/codespell-project/codespell,2023-03-01,4563.0,rank-2,577
Python,https://github.com/codespell-project/codespell,2023-03-03,4564.0,rank-2,577
Python,https://github.com/codespell-project/codespell,2023-03-06,4565.0,rank-2,577
Python,https://github.com/codespell-project/codespell,2023-03-07,4567.0,rank-2,577
Python,https://github.com/codespell-project/codespell,2023-03-08,4569.0,rank-2,577
Python,https://github.com/codespell-project/codespell,2023-03-09,4571.0,rank-2,577
Python,https://github.com/codespell-project/codespell,2023-03-10,4576.0,rank-2,577
Python,https://github.com/codespell-project/codespell,2023-03-11,4577.0,rank-2,577
Python,https://github.com/codespell-project/codespell,2023-03-12,4579.0,rank-2,577
Python,https://github.com/codespell-project/codespell,2023-03-13,4580.0,rank-2,577
Python,https://github.com/codespell-project/codespell,2023-03-14,4584.0,rank-2,577
Python,https://github.com/codespell-project/codespell,2023-03-15,4586.0,rank-2,577
Python,https://github.com/codespell-project/codespell,2023-03-18,4588.0,rank-2,577
Python,https://github.com/codespell-project/codespell,2023-03-20,4590.0,rank-2,577
Python,https://github.com/codespell-project/codespell,2023-03-21,4591.0,rank-2,577
Python,https://github.com/codespell-project/codespell,2023-03-22,4592.0,rank-2,577
Python,https://github.com/codespell-project/codespell,2023-03-24,4593.0,rank-2,577
Python,https://github.com/codespell-project/codespell,2023-03-25,4594.0,rank-2,577
Python,https://github.com/codespell-project/codespell,2023-03-27,4595.0,rank-2,577
Python,https://github.com/codespell-project/codespell,2023-03-28,4597.0,rank-2,577
Python,https://github.com/codespell-project/codespell,2023-03-29,4600.0,rank-2,577
Python,https://github.com/codespell-project/codespell,2023-03-30,4605.0,rank-2,577
Python,https://github.com/codespell-project/codespell,2023-03-31,4606.0,rank-2,577
Python,https://github.com/codespell-project/codespell,2023-04-02,4607.0,rank-2,577
Python,https://github.com/codespell-project/codespell,2023-04-16,4608.0,rank-2,577
Python,https://github.com/codespell-project/codespell,2023-04-17,4610.0,rank-2,577
Python,https://github.com/codespell-project/codespell,2023-04-18,4611.0,rank-2,577
Python,https://github.com/codespell-project/codespell,2023-04-19,4612.0,rank-2,577
Python,https://github.com/codespell-project/codespell,2023-04-21,4616.0,rank-2,577
Python,https://github.com/codespell-project/codespell,2023-04-23,4617.0,rank-2,577
Python,https://github.com/codespell-project/codespell,2023-04-24,4618.0,rank-2,577
Python,https://github.com/codespell-project/codespell,2023-04-26,4620.0,rank-2,577
Python,https://github.com/codespell-project/codespell,2023-04-27,4628.0,rank-2,577
Python,https://github.com/codespell-project/codespell,2023-04-28,4629.0,rank-2,577
Python,https://github.com/codespell-project/codespell,2023-05-01,4630.0,rank-2,577
Python,https://github.com/codespell-project/codespell,2023-05-02,4631.0,rank-2,577
Python,https://github.com/codespell-project/codespell,2023-05-07,4632.0,rank-2,577
Python,https://github.com/codespell-project/codespell,2023-05-09,4635.0,rank-2,577
Python,https://github.com/codespell-project/codespell,2023-05-11,4638.0,rank-2,577
Python,https://github.com/codespell-project/codespell,2023-05-17,4641.0,rank-2,577
Python,https://github.com/codespell-project/codespell,2023-05-19,4642.0,rank-2,577
Python,https://github.com/codespell-project/codespell,2023-05-23,4643.0,rank-2,577
Python,https://github.com/codespell-project/codespell,2023-05-25,4644.0,rank-2,577
Python,https://github.com/codespell-project/codespell,2023-05-30,4645.0,rank-2,577
Python,https://github.com/codespell-project/codespell,2023-06-05,4647.0,rank-2,577
Python,https://github.com/codespell-project/codespell,2023-06-06,4648.0,rank-2,577
Python,https://github.com/codespell-project/codespell,2023-06-08,4649.0,rank-2,577
Python,https://github.com/codespell-project/codespell,2023-06-10,4650.0,rank-2,577
Python,https://github.com/codespell-project/codespell,2023-06-11,4652.0,rank-2,577
Python,https://github.com/codespell-project/codespell,2023-06-14,4655.0,rank-2,577
Python,https://github.com/codespell-project/codespell,2023-06-15,4656.0,rank-2,577
Python,https://github.com/codespell-project/codespell,2023-06-18,4660.0,rank-2,577
Python,https://github.com/codespell-project/codespell,2023-06-19,4663.0,rank-2,577
Python,https://github.com/codespell-project/codespell,2023-06-20,4667.0,rank-2,577
Python,https://github.com/codespell-project/codespell,2023-06-21,4668.0,rank-2,577
Python,https://github.com/codespell-project/codespell,2023-06-22,4672.0,rank-2,577
Python,https://github.com/codespell-project/codespell,2023-06-23,4673.0,rank-2,577
Python,https://github.com/codespell-project/codespell,2023-06-24,4674.0,rank-2,577
Python,https://github.com/codespell-project/codespell,2023-06-26,4678.0,rank-2,577
Python,https://github.com/codespell-project/codespell,2023-06-27,4680.0,rank-2,577
Python,https://github.com/codespell-project/codespell,2023-06-28,4683.0,rank-2,577
Python,https://github.com/codespell-project/codespell,2023-06-29,4684.0,rank-2,577
Python,https://github.com/codespell-project/codespell,2023-06-30,4686.0,rank-2,577
Python,https://github.com/codespell-project/codespell,2023-07-01,4691.0,rank-2,577
Python,https://github.com/codespell-project/codespell,2023-07-03,4692.0,rank-2,577
Python,https://github.com/codespell-project/codespell,2023-07-04,4695.0,rank-2,577
Python,https://github.com/codespell-project/codespell,2023-07-05,4697.0,rank-2,577
Python,https://github.com/codespell-project/codespell,2023-07-06,4698.0,rank-2,577
Python,https://github.com/codespell-project/codespell,2023-07-07,4701.0,rank-2,577
Python,https://github.com/codespell-project/codespell,2023-07-08,4708.0,rank-2,577
Python,https://github.com/codespell-project/codespell,2023-07-09,4717.0,rank-2,577
Python,https://github.com/codespell-project/codespell,2023-07-10,4720.0,rank-2,577
Python,https://github.com/codespell-project/codespell,2023-07-12,4722.0,rank-2,577
Python,https://github.com/codespell-project/codespell,2023-07-13,4723.0,rank-2,577
Python,https://github.com/codespell-project/codespell,2023-07-14,4725.0,rank-2,577
Python,https://github.com/codespell-project/codespell,2023-07-15,4727.0,rank-2,577
Python,https://github.com/codespell-project/codespell,2023-07-17,4730.0,rank-2,577
Python,https://github.com/codespell-project/codespell,2023-07-18,4733.0,rank-2,577
Python,https://github.com/codespell-project/codespell,2023-07-20,4735.0,rank-2,577
Python,https://github.com/codespell-project/codespell,2023-07-23,4738.0,rank-2,577
Python,https://github.com/codespell-project/codespell,2023-07-24,4741.0,rank-2,577
Python,https://github.com/codespell-project/codespell,2023-07-25,4744.0,rank-2,577
Python,https://github.com/codespell-project/codespell,2023-07-26,4746.0,rank-2,577
Python,https://github.com/codespell-project/codespell,2023-07-27,4749.0,rank-2,577
Python,https://github.com/codespell-project/codespell,2023-07-28,4752.0,rank-2,577
Python,https://github.com/codespell-project/codespell,2023-07-29,4754.0,rank-2,577
Python,https://github.com/codespell-project/codespell,2023-07-30,4757.0,rank-2,577
Python,https://github.com/codespell-project/codespell,2023-07-31,4760.0,rank-2,577
Python,https://github.com/codespell-project/codespell,2023-08-01,4765.0,rank-2,577
Python,https://github.com/codespell-project/codespell,2023-08-04,4767.0,rank-2,577
Python,https://github.com/codespell-project/codespell,2023-08-05,4769.0,rank-2,577
Python,https://github.com/codespell-project/codespell,2023-08-06,4775.0,rank-2,577
Python,https://github.com/codespell-project/codespell,2023-08-07,4779.0,rank-2,577
Python,https://github.com/codespell-project/codespell,2023-08-08,4782.0,rank-2,577
Python,https://github.com/codespell-project/codespell,2023-08-09,4792.0,rank-2,577
Python,https://github.com/codespell-project/codespell,2023-08-10,4793.0,rank-2,577
Python,https://github.com/codespell-project/codespell,2023-08-11,4797.0,rank-2,577
Python,https://github.com/codespell-project/codespell,2023-08-13,4799.0,rank-2,577
Python,https://github.com/codespell-project/codespell,2023-08-14,4800.0,rank-2,577
Python,https://github.com/codespell-project/codespell,2023-08-15,4802.0,rank-2,577
Python,https://github.com/codespell-project/codespell,2023-08-20,4803.0,rank-2,577
Python,https://github.com/codespell-project/codespell,2023-08-21,4806.0,rank-2,577
Python,https://github.com/codespell-project/codespell,2023-08-25,4807.0,rank-2,577
Python,https://github.com/codespell-project/codespell,2023-08-26,4808.0,rank-2,577
Python,https://github.com/codespell-project/codespell,2023-08-28,4813.0,rank-2,577
Python,https://github.com/codespell-project/codespell,2023-08-29,4814.0,rank-2,577
Python,https://github.com/codespell-project/codespell,2023-08-30,4816.0,rank-2,577
Python,https://github.com/codespell-project/codespell,2023-08-31,4819.0,rank-2,577
Python,https://github.com/codespell-project/codespell,2023-09-01,4821.0,rank-2,577
Python,https://github.com/codespell-project/codespell,2023-09-02,4822.0,rank-2,577
Python,https://github.com/codespell-project/codespell,2023-09-03,4824.0,rank-2,577
Python,https://github.com/codespell-project/codespell,2023-09-04,4828.0,rank-2,577
Python,https://github.com/codespell-project/codespell,2023-09-05,4830.0,rank-2,577
Python,https://github.com/codespell-project/codespell,2023-09-06,4832.0,rank-2,577
Python,https://github.com/codespell-project/codespell,2023-09-08,4834.0,rank-2,577
Python,https://github.com/codespell-project/codespell,2023-09-10,4835.0,rank-2,577
Python,https://github.com/codespell-project/codespell,2023-09-11,4836.0,rank-2,577
Python,https://github.com/codespell-project/codespell,2023-09-12,4838.0,rank-2,577
Python,https://github.com/codespell-project/codespell,2023-09-13,4840.0,rank-2,577
Python,https://github.com/codespell-project/codespell,2023-09-14,4842.0,rank-2,577
Python,https://github.com/codespell-project/codespell,2023-09-15,4844.0,rank-2,577
Python,https://github.com/codespell-project/codespell,2023-09-17,4847.0,rank-2,577
Python,https://github.com/codespell-project/codespell,2023-09-18,4849.0,rank-2,577
Python,https://github.com/codespell-project/codespell,2023-09-19,4850.0,rank-2,577
Python,https://github.com/codespell-project/codespell,2023-09-21,4851.0,rank-2,577
Python,https://github.com/codespell-project/codespell,2023-09-22,4853.0,rank-2,577
Python,https://github.com/codespell-project/codespell,2023-09-23,4854.0,rank-2,577
Python,https://github.com/codespell-project/codespell,2023-09-24,4855.0,rank-2,577
Python,https://github.com/codespell-project/codespell,2023-09-25,4856.0,rank-2,577
Python,https://github.com/codespell-project/codespell,2023-09-26,4857.0,rank-2,577
Python,https://github.com/codespell-project/codespell,2023-09-27,4859.0,rank-2,577
Python,https://github.com/codespell-project/codespell,2023-09-28,4861.0,rank-2,577
Python,https://github.com/codespell-project/codespell,2023-09-29,4862.0,rank-2,577
Python,https://github.com/codespell-project/codespell,2023-10-01,4863.0,rank-2,577
Python,https://github.com/codespell-project/codespell,2023-10-02,4864.0,rank-2,577
Python,https://github.com/codespell-project/codespell,2023-10-04,4866.0,rank-2,577
Python,https://github.com/codespell-project/codespell,2023-10-05,4868.0,rank-2,577
Python,https://github.com/codespell-project/codespell,2023-10-08,4871.0,rank-2,577
Python,https://github.com/codespell-project/codespell,2023-10-09,4872.0,rank-2,577
Python,https://github.com/codespell-project/codespell,2023-10-11,4873.0,rank-2,577
Python,https://github.com/codespell-project/codespell,2023-10-12,4874.0,rank-2,577
Python,https://github.com/codespell-project/codespell,2023-10-14,4875.0,rank-2,577
Python,https://github.com/codespell-project/codespell,2023-10-16,4876.0,rank-2,577
Python,https://github.com/codespell-project/codespell,2023-10-17,4878.0,rank-2,577
Python,https://github.com/codespell-project/codespell,2023-10-18,4880.0,rank-2,577
Python,https://github.com/codespell-project/codespell,2023-10-19,4881.0,rank-2,577
Python,https://github.com/codespell-project/codespell,2023-10-20,4882.0,rank-2,577
Python,https://github.com/codespell-project/codespell,2023-10-21,4883.0,rank-2,577
Python,https://github.com/codespell-project/codespell,2023-10-22,4885.0,rank-2,577
Python,https://github.com/codespell-project/codespell,2023-10-23,4887.0,rank-2,577
Python,https://github.com/codespell-project/codespell,2023-10-24,4891.0,rank-2,577
Python,https://github.com/codespell-project/codespell,2023-10-25,4892.0,rank-2,577
Python,https://github.com/codespell-project/codespell,2023-10-27,4896.0,rank-2,577
Python,https://github.com/codespell-project/codespell,2023-10-28,4897.0,rank-2,577
Python,https://github.com/codespell-project/codespell,2023-10-29,4898.0,rank-2,577
Python,https://github.com/codespell-project/codespell,2023-10-30,4900.0,rank-2,577
Python,https://github.com/codespell-project/codespell,2023-10-31,4902.0,rank-2,577
Python,https://github.com/codespell-project/codespell,2023-11-01,4903.0,rank-2,577
Python,https://github.com/codespell-project/codespell,2023-11-03,4904.0,rank-2,577
Python,https://github.com/codespell-project/codespell,2023-11-05,4905.0,rank-2,577
Python,https://github.com/codespell-project/codespell,2023-11-06,4907.0,rank-2,577
Python,https://github.com/codespell-project/codespell,2023-11-08,4909.0,rank-2,577
Python,https://github.com/codespell-project/codespell,2023-11-13,4911.0,rank-2,577
Python,https://github.com/codespell-project/codespell,2023-11-14,4913.0,rank-2,577
Python,https://github.com/codespell-project/codespell,2023-11-16,4914.0,rank-2,577
Python,https://github.com/codespell-project/codespell,2023-11-20,4916.0,rank-2,577
Python,https://github.com/codespell-project/codespell,2023-11-21,4917.0,rank-2,577
Python,https://github.com/codespell-project/codespell,2023-11-22,4918.0,rank-2,577
Python,https://github.com/codespell-project/codespell,2023-11-23,4919.0,rank-2,577
Python,https://github.com/codespell-project/codespell,2023-11-27,4921.0,rank-2,577
Python,https://github.com/codespell-project/codespell,2023-11-29,4922.0,rank-2,577
Python,https://github.com/codespell-project/codespell,2023-11-30,4923.0,rank-2,577
Python,https://github.com/codespell-project/codespell,2023-12-02,4924.0,rank-2,577
Python,https://github.com/codespell-project/codespell,2011-01-28,8.0,rank-3,0
Python,https://github.com/codespell-project/codespell,2011-01-29,17.0,rank-3,0
Python,https://github.com/codespell-project/codespell,2011-01-31,23.0,rank-3,0
Python,https://github.com/codespell-project/codespell,2011-02-01,27.0,rank-3,0
Python,https://github.com/codespell-project/codespell,2011-02-02,28.0,rank-3,0
Python,https://github.com/codespell-project/codespell,2011-02-03,34.0,rank-3,0
Python,https://github.com/codespell-project/codespell,2011-02-16,36.0,rank-3,0
Python,https://github.com/codespell-project/codespell,2011-02-17,37.0,rank-3,0
Python,https://github.com/codespell-project/codespell,2011-02-21,38.0,rank-3,0
Python,https://github.com/codespell-project/codespell,2011-03-22,40.0,rank-3,0
Python,https://github.com/codespell-project/codespell,2011-03-29,44.0,rank-3,0
Python,https://github.com/codespell-project/codespell,2011-03-30,46.0,rank-3,0
Python,https://github.com/codespell-project/codespell,2011-04-01,48.0,rank-3,0
Python,https://github.com/codespell-project/codespell,2011-04-14,53.0,rank-3,0
Python,https://github.com/codespell-project/codespell,2011-04-18,54.0,rank-3,0
Python,https://github.com/codespell-project/codespell,2011-04-27,56.0,rank-3,0
Python,https://github.com/codespell-project/codespell,2011-04-28,58.0,rank-3,0
Python,https://github.com/codespell-project/codespell,2011-05-02,59.0,rank-3,0
Python,https://github.com/codespell-project/codespell,2011-05-22,61.0,rank-3,0
Python,https://github.com/codespell-project/codespell,2011-05-24,62.0,rank-3,0
Python,https://github.com/codespell-project/codespell,2011-05-25,65.0,rank-3,0
Python,https://github.com/codespell-project/codespell,2011-05-26,67.0,rank-3,0
Python,https://github.com/codespell-project/codespell,2011-05-27,69.0,rank-3,0
Python,https://github.com/codespell-project/codespell,2011-05-28,72.0,rank-3,0
Python,https://github.com/codespell-project/codespell,2011-05-29,74.0,rank-3,0
Python,https://github.com/codespell-project/codespell,2011-05-30,76.0,rank-3,0
Python,https://github.com/codespell-project/codespell,2011-06-02,77.0,rank-3,0
Python,https://github.com/codespell-project/codespell,2011-06-11,79.0,rank-3,0
Python,https://github.com/codespell-project/codespell,2011-06-14,82.0,rank-3,0
Python,https://github.com/codespell-project/codespell,2011-06-16,83.0,rank-3,0
Python,https://github.com/codespell-project/codespell,2011-06-18,92.0,rank-3,0
Python,https://github.com/codespell-project/codespell,2011-06-28,95.0,rank-3,0
Python,https://github.com/codespell-project/codespell,2011-07-02,99.0,rank-3,0
Python,https://github.com/codespell-project/codespell,2011-07-12,100.0,rank-3,0
Python,https://github.com/codespell-project/codespell,2011-07-14,102.0,rank-3,0
Python,https://github.com/codespell-project/codespell,2011-07-25,105.0,rank-3,0
Python,https://github.com/codespell-project/codespell,2011-08-17,108.0,rank-3,0
Python,https://github.com/codespell-project/codespell,2011-08-20,109.0,rank-3,0
Python,https://github.com/codespell-project/codespell,2011-09-15,110.0,rank-3,0
Python,https://github.com/codespell-project/codespell,2011-09-21,111.0,rank-3,0
Python,https://github.com/codespell-project/codespell,2011-09-28,113.0,rank-3,0
Python,https://github.com/codespell-project/codespell,2011-09-29,115.0,rank-3,0
Python,https://github.com/codespell-project/codespell,2011-09-30,116.0,rank-3,0
Python,https://github.com/codespell-project/codespell,2011-10-14,117.0,rank-3,0
Python,https://github.com/codespell-project/codespell,2011-10-15,120.0,rank-3,0
Python,https://github.com/codespell-project/codespell,2011-10-19,124.0,rank-3,0
Python,https://github.com/codespell-project/codespell,2011-12-06,125.0,rank-3,0
Python,https://github.com/codespell-project/codespell,2011-12-09,130.0,rank-3,0
Python,https://github.com/codespell-project/codespell,2012-01-20,132.0,rank-3,0
Python,https://github.com/codespell-project/codespell,2012-02-28,137.0,rank-3,0
Python,https://github.com/codespell-project/codespell,2012-03-05,138.0,rank-3,0
Python,https://github.com/codespell-project/codespell,2012-03-06,139.0,rank-3,0
Python,https://github.com/codespell-project/codespell,2012-08-22,143.0,rank-3,0
Python,https://github.com/codespell-project/codespell,2013-02-12,144.0,rank-3,0
Python,https://github.com/codespell-project/codespell,2013-02-14,145.0,rank-3,0
Python,https://github.com/codespell-project/codespell,2013-04-10,152.0,rank-3,0
Python,https://github.com/codespell-project/codespell,2013-04-19,153.0,rank-3,0
Python,https://github.com/codespell-project/codespell,2013-05-06,154.0,rank-3,0
Python,https://github.com/codespell-project/codespell,2013-05-07,156.0,rank-3,0
Python,https://github.com/codespell-project/codespell,2013-05-16,158.0,rank-3,0
Python,https://github.com/codespell-project/codespell,2013-05-28,159.0,rank-3,0
Python,https://github.com/codespell-project/codespell,2013-07-12,160.0,rank-3,0
Python,https://github.com/codespell-project/codespell,2013-07-21,161.0,rank-3,0
Python,https://github.com/codespell-project/codespell,2013-07-24,162.0,rank-3,0
Python,https://github.com/codespell-project/codespell,2013-09-25,163.0,rank-3,0
Python,https://github.com/codespell-project/codespell,2013-10-21,164.0,rank-3,0
Python,https://github.com/codespell-project/codespell,2013-12-05,165.0,rank-3,0
Python,https://github.com/codespell-project/codespell,2013-12-26,169.0,rank-3,4
Python,https://github.com/codespell-project/codespell,2013-12-29,170.0,rank-3,5
Python,https://github.com/codespell-project/codespell,2014-01-07,172.0,rank-3,7
Python,https://github.com/codespell-project/codespell,2014-01-24,176.0,rank-3,7
Python,https://github.com/codespell-project/codespell,2014-01-27,177.0,rank-3,7
Python,https://github.com/codespell-project/codespell,2014-03-22,178.0,rank-3,8
Python,https://github.com/codespell-project/codespell,2014-03-29,179.0,rank-3,8
Python,https://github.com/codespell-project/codespell,2014-04-07,180.0,rank-3,8
Python,https://github.com/codespell-project/codespell,2014-04-08,181.0,rank-3,9
Python,https://github.com/codespell-project/codespell,2014-06-07,183.0,rank-3,9
Python,https://github.com/codespell-project/codespell,2014-06-12,184.0,rank-3,9
Python,https://github.com/codespell-project/codespell,2014-06-27,185.0,rank-3,9
Python,https://github.com/codespell-project/codespell,2014-09-02,191.0,rank-3,9
Python,https://github.com/codespell-project/codespell,2014-09-29,192.0,rank-3,10
Python,https://github.com/codespell-project/codespell,2014-10-17,193.0,rank-3,11
Python,https://github.com/codespell-project/codespell,2014-11-25,194.0,rank-3,11
Python,https://github.com/codespell-project/codespell,2015-01-03,198.0,rank-3,11
Python,https://github.com/codespell-project/codespell,2015-03-09,199.0,rank-3,11
Python,https://github.com/codespell-project/codespell,2015-03-12,201.0,rank-3,11
Python,https://github.com/codespell-project/codespell,2015-03-13,202.0,rank-3,11
Python,https://github.com/codespell-project/codespell,2015-03-31,203.0,rank-3,11
Python,https://github.com/codespell-project/codespell,2015-04-11,205.0,rank-3,11
Python,https://github.com/codespell-project/codespell,2015-04-18,207.0,rank-3,11
Python,https://github.com/codespell-project/codespell,2015-05-07,208.0,rank-3,11
Python,https://github.com/codespell-project/codespell,2015-05-18,209.0,rank-3,11
Python,https://github.com/codespell-project/codespell,2015-06-15,210.0,rank-3,11
Python,https://github.com/codespell-project/codespell,2015-06-18,214.0,rank-3,11
Python,https://github.com/codespell-project/codespell,2015-06-23,217.0,rank-3,11
Python,https://github.com/codespell-project/codespell,2015-06-30,218.0,rank-3,11
Python,https://github.com/codespell-project/codespell,2015-08-02,219.0,rank-3,11
Python,https://github.com/codespell-project/codespell,2015-08-11,220.0,rank-3,11
Python,https://github.com/codespell-project/codespell,2015-08-12,221.0,rank-3,11
Python,https://github.com/codespell-project/codespell,2015-08-18,225.0,rank-3,11
Python,https://github.com/codespell-project/codespell,2015-09-09,226.0,rank-3,11
Python,https://github.com/codespell-project/codespell,2015-09-10,227.0,rank-3,11
Python,https://github.com/codespell-project/codespell,2015-09-12,232.0,rank-3,11
Python,https://github.com/codespell-project/codespell,2015-09-13,233.0,rank-3,11
Python,https://github.com/codespell-project/codespell,2015-09-14,234.0,rank-3,11
Python,https://github.com/codespell-project/codespell,2015-09-21,235.0,rank-3,11
Python,https://github.com/codespell-project/codespell,2015-10-22,236.0,rank-3,11
Python,https://github.com/codespell-project/codespell,2015-10-27,237.0,rank-3,11
Python,https://github.com/codespell-project/codespell,2015-11-17,238.0,rank-3,11
Python,https://github.com/codespell-project/codespell,2015-12-08,239.0,rank-3,11
Python,https://github.com/codespell-project/codespell,2015-12-10,240.0,rank-3,11
Python,https://github.com/codespell-project/codespell,2015-12-12,241.0,rank-3,11
Python,https://github.com/codespell-project/codespell,2016-01-07,242.0,rank-3,11
Python,https://github.com/codespell-project/codespell,2016-01-12,244.0,rank-3,13
Python,https://github.com/codespell-project/codespell,2016-01-15,247.0,rank-3,13
Python,https://github.com/codespell-project/codespell,2016-02-26,249.0,rank-3,13
Python,https://github.com/codespell-project/codespell,2016-03-06,250.0,rank-3,13
Python,https://github.com/codespell-project/codespell,2016-03-11,252.0,rank-3,13
Python,https://github.com/codespell-project/codespell,2016-04-21,253.0,rank-3,13
Python,https://github.com/codespell-project/codespell,2016-04-26,255.0,rank-3,13
Python,https://github.com/codespell-project/codespell,2016-04-27,259.0,rank-3,13
Python,https://github.com/codespell-project/codespell,2016-05-12,260.0,rank-3,13
Python,https://github.com/codespell-project/codespell,2016-05-22,264.0,rank-3,13
Python,https://github.com/codespell-project/codespell,2016-06-03,265.0,rank-3,13
Python,https://github.com/codespell-project/codespell,2016-06-06,268.0,rank-3,13
Python,https://github.com/codespell-project/codespell,2016-06-09,275.0,rank-3,13
Python,https://github.com/codespell-project/codespell,2016-06-10,287.0,rank-3,15
Python,https://github.com/codespell-project/codespell,2016-06-11,288.0,rank-3,16
Python,https://github.com/codespell-project/codespell,2016-06-16,290.0,rank-3,16
Python,https://github.com/codespell-project/codespell,2016-06-17,294.0,rank-3,16
Python,https://github.com/codespell-project/codespell,2016-08-18,295.0,rank-3,16
Python,https://github.com/codespell-project/codespell,2016-08-31,297.0,rank-3,16
Python,https://github.com/codespell-project/codespell,2016-09-04,300.0,rank-3,19
Python,https://github.com/codespell-project/codespell,2016-09-08,301.0,rank-3,19
Python,https://github.com/codespell-project/codespell,2016-09-10,302.0,rank-3,19
Python,https://github.com/codespell-project/codespell,2016-10-10,303.0,rank-3,20
Python,https://github.com/codespell-project/codespell,2016-10-14,304.0,rank-3,20
Python,https://github.com/codespell-project/codespell,2016-10-17,306.0,rank-3,20
Python,https://github.com/codespell-project/codespell,2016-10-19,310.0,rank-3,20
Python,https://github.com/codespell-project/codespell,2016-11-09,313.0,rank-3,23
Python,https://github.com/codespell-project/codespell,2016-11-11,317.0,rank-3,27
Python,https://github.com/codespell-project/codespell,2016-11-12,323.0,rank-3,33
Python,https://github.com/codespell-project/codespell,2016-11-14,324.0,rank-3,34
Python,https://github.com/codespell-project/codespell,2016-11-15,325.0,rank-3,35
Python,https://github.com/codespell-project/codespell,2016-11-16,326.0,rank-3,36
Python,https://github.com/codespell-project/codespell,2016-11-19,328.0,rank-3,38
Python,https://github.com/codespell-project/codespell,2016-11-22,331.0,rank-3,41
Python,https://github.com/codespell-project/codespell,2016-11-27,332.0,rank-3,42
Python,https://github.com/codespell-project/codespell,2016-12-01,333.0,rank-3,43
Python,https://github.com/codespell-project/codespell,2016-12-02,334.0,rank-3,44
Python,https://github.com/codespell-project/codespell,2016-12-03,338.0,rank-3,48
Python,https://github.com/codespell-project/codespell,2016-12-05,339.0,rank-3,49
Python,https://github.com/codespell-project/codespell,2016-12-08,346.0,rank-3,56
Python,https://github.com/codespell-project/codespell,2016-12-10,348.0,rank-3,58
Python,https://github.com/codespell-project/codespell,2016-12-11,349.0,rank-3,59
Python,https://github.com/codespell-project/codespell,2016-12-13,350.0,rank-3,60
Python,https://github.com/codespell-project/codespell,2016-12-15,351.0,rank-3,61
Python,https://github.com/codespell-project/codespell,2016-12-16,355.0,rank-3,65
Python,https://github.com/codespell-project/codespell,2016-12-18,356.0,rank-3,66
Python,https://github.com/codespell-project/codespell,2016-12-19,357.0,rank-3,67
Python,https://github.com/codespell-project/codespell,2016-12-22,358.0,rank-3,68
Python,https://github.com/codespell-project/codespell,2016-12-25,360.0,rank-3,70
Python,https://github.com/codespell-project/codespell,2016-12-26,361.0,rank-3,71
Python,https://github.com/codespell-project/codespell,2016-12-30,365.0,rank-3,75
Python,https://github.com/codespell-project/codespell,2016-12-31,366.0,rank-3,76
Python,https://github.com/codespell-project/codespell,2017-01-02,372.0,rank-3,81
Python,https://github.com/codespell-project/codespell,2017-01-04,378.0,rank-3,83
Python,https://github.com/codespell-project/codespell,2017-01-05,379.0,rank-3,84
Python,https://github.com/codespell-project/codespell,2017-01-07,380.0,rank-3,85
Python,https://github.com/codespell-project/codespell,2017-01-08,381.0,rank-3,86
Python,https://github.com/codespell-project/codespell,2017-01-14,382.0,rank-3,87
Python,https://github.com/codespell-project/codespell,2017-01-15,383.0,rank-3,88
Python,https://github.com/codespell-project/codespell,2017-01-16,385.0,rank-3,90
Python,https://github.com/codespell-project/codespell,2017-01-17,388.0,rank-3,92
Python,https://github.com/codespell-project/codespell,2017-01-19,389.0,rank-3,93
Python,https://github.com/codespell-project/codespell,2017-01-20,390.0,rank-3,94
Python,https://github.com/codespell-project/codespell,2017-01-21,392.0,rank-3,96
Python,https://github.com/codespell-project/codespell,2017-01-23,397.0,rank-3,101
Python,https://github.com/codespell-project/codespell,2017-01-24,399.0,rank-3,103
Python,https://github.com/codespell-project/codespell,2017-01-25,400.0,rank-3,104
Python,https://github.com/codespell-project/codespell,2017-01-29,402.0,rank-3,106
Python,https://github.com/codespell-project/codespell,2017-01-30,403.0,rank-3,107
Python,https://github.com/codespell-project/codespell,2017-01-31,404.0,rank-3,108
Python,https://github.com/codespell-project/codespell,2017-02-01,406.0,rank-3,110
Python,https://github.com/codespell-project/codespell,2017-02-02,411.0,rank-3,114
Python,https://github.com/codespell-project/codespell,2017-02-03,412.0,rank-3,115
Python,https://github.com/codespell-project/codespell,2017-02-05,414.0,rank-3,117
Python,https://github.com/codespell-project/codespell,2017-02-06,416.0,rank-3,119
Python,https://github.com/codespell-project/codespell,2017-02-10,418.0,rank-3,121
Python,https://github.com/codespell-project/codespell,2017-02-12,420.0,rank-3,123
Python,https://github.com/codespell-project/codespell,2017-02-14,421.0,rank-3,124
Python,https://github.com/codespell-project/codespell,2017-02-20,423.0,rank-3,126
Python,https://github.com/codespell-project/codespell,2017-02-21,425.0,rank-3,126
Python,https://github.com/codespell-project/codespell,2017-02-23,426.0,rank-3,127
Python,https://github.com/codespell-project/codespell,2017-02-24,427.0,rank-3,128
Python,https://github.com/codespell-project/codespell,2017-02-26,429.0,rank-3,130
Python,https://github.com/codespell-project/codespell,2017-03-03,430.0,rank-3,131
Python,https://github.com/codespell-project/codespell,2017-03-06,432.0,rank-3,133
Python,https://github.com/codespell-project/codespell,2017-03-07,434.0,rank-3,134
Python,https://github.com/codespell-project/codespell,2017-03-09,446.0,rank-3,146
Python,https://github.com/codespell-project/codespell,2017-03-10,447.0,rank-3,147
Python,https://github.com/codespell-project/codespell,2017-03-11,448.0,rank-3,148
Python,https://github.com/codespell-project/codespell,2017-03-13,449.0,rank-3,149
Python,https://github.com/codespell-project/codespell,2017-03-14,452.0,rank-3,152
Python,https://github.com/codespell-project/codespell,2017-03-15,454.0,rank-3,152
Python,https://github.com/codespell-project/codespell,2017-03-16,457.0,rank-3,154
Python,https://github.com/codespell-project/codespell,2017-03-18,458.0,rank-3,155
Python,https://github.com/codespell-project/codespell,2017-03-19,459.0,rank-3,156
Python,https://github.com/codespell-project/codespell,2017-03-20,461.0,rank-3,158
Python,https://github.com/codespell-project/codespell,2017-03-21,462.0,rank-3,159
Python,https://github.com/codespell-project/codespell,2017-03-24,463.0,rank-3,160
Python,https://github.com/codespell-project/codespell,2017-03-25,464.0,rank-3,161
Python,https://github.com/codespell-project/codespell,2017-03-27,466.0,rank-3,163
Python,https://github.com/codespell-project/codespell,2017-03-28,468.0,rank-3,165
Python,https://github.com/codespell-project/codespell,2017-03-31,470.0,rank-3,165
Python,https://github.com/codespell-project/codespell,2017-04-01,472.0,rank-3,166
Python,https://github.com/codespell-project/codespell,2017-04-02,473.0,rank-3,167
Python,https://github.com/codespell-project/codespell,2017-04-03,475.0,rank-3,169
Python,https://github.com/codespell-project/codespell,2017-04-12,476.0,rank-3,170
Python,https://github.com/codespell-project/codespell,2017-04-13,477.0,rank-3,171
Python,https://github.com/codespell-project/codespell,2017-04-14,478.0,rank-3,172
Python,https://github.com/codespell-project/codespell,2017-04-16,479.0,rank-3,173
Python,https://github.com/codespell-project/codespell,2017-04-17,482.0,rank-3,176
Python,https://github.com/codespell-project/codespell,2017-04-18,485.0,rank-3,179
Python,https://github.com/codespell-project/codespell,2017-04-20,487.0,rank-3,181
Python,https://github.com/codespell-project/codespell,2017-04-22,490.0,rank-3,184
Python,https://github.com/codespell-project/codespell,2017-04-27,491.0,rank-3,185
Python,https://github.com/codespell-project/codespell,2017-04-28,492.0,rank-3,186
Python,https://github.com/codespell-project/codespell,2017-04-29,493.0,rank-3,187
Python,https://github.com/codespell-project/codespell,2017-05-03,495.0,rank-3,189
Python,https://github.com/codespell-project/codespell,2017-05-05,496.0,rank-3,190
Python,https://github.com/codespell-project/codespell,2017-05-07,501.0,rank-3,195
Python,https://github.com/codespell-project/codespell,2017-05-08,502.0,rank-3,196
Python,https://github.com/codespell-project/codespell,2017-05-09,503.0,rank-3,197
Python,https://github.com/codespell-project/codespell,2017-05-11,504.0,rank-3,198
Python,https://github.com/codespell-project/codespell,2017-05-12,505.0,rank-3,199
Python,https://github.com/codespell-project/codespell,2017-05-14,506.0,rank-3,200
Python,https://github.com/codespell-project/codespell,2017-05-15,507.0,rank-3,201
Python,https://github.com/codespell-project/codespell,2017-05-17,508.0,rank-3,202
Python,https://github.com/codespell-project/codespell,2017-05-20,514.0,rank-3,208
Python,https://github.com/codespell-project/codespell,2017-05-22,515.0,rank-3,209
Python,https://github.com/codespell-project/codespell,2017-05-23,516.0,rank-3,210
Python,https://github.com/codespell-project/codespell,2017-05-27,517.0,rank-3,211
Python,https://github.com/codespell-project/codespell,2017-05-29,519.0,rank-3,213
Python,https://github.com/codespell-project/codespell,2017-05-30,521.0,rank-3,215
Python,https://github.com/codespell-project/codespell,2017-06-08,522.0,rank-3,216
Python,https://github.com/codespell-project/codespell,2017-06-12,524.0,rank-3,218
Python,https://github.com/codespell-project/codespell,2017-06-14,525.0,rank-3,218
Python,https://github.com/codespell-project/codespell,2017-06-16,526.0,rank-3,219
Python,https://github.com/codespell-project/codespell,2017-06-17,527.0,rank-3,220
Python,https://github.com/codespell-project/codespell,2017-06-19,529.0,rank-3,222
Python,https://github.com/codespell-project/codespell,2017-06-22,530.0,rank-3,223
Python,https://github.com/codespell-project/codespell,2017-06-26,531.0,rank-3,224
Python,https://github.com/codespell-project/codespell,2017-06-29,533.0,rank-3,226
Python,https://github.com/codespell-project/codespell,2017-07-03,534.0,rank-3,227
Python,https://github.com/codespell-project/codespell,2017-07-04,535.0,rank-3,228
Python,https://github.com/codespell-project/codespell,2017-07-10,537.0,rank-3,230
Python,https://github.com/codespell-project/codespell,2017-07-14,538.0,rank-3,231
Python,https://github.com/codespell-project/codespell,2017-07-17,541.0,rank-3,234
Python,https://github.com/codespell-project/codespell,2017-07-18,542.0,rank-3,235
Python,https://github.com/codespell-project/codespell,2017-07-21,544.0,rank-3,235
Python,https://github.com/codespell-project/codespell,2017-07-22,546.0,rank-3,236
Python,https://github.com/codespell-project/codespell,2017-07-23,547.0,rank-3,237
Python,https://github.com/codespell-project/codespell,2017-07-24,550.0,rank-3,239
Python,https://github.com/codespell-project/codespell,2017-07-25,552.0,rank-3,239
Python,https://github.com/codespell-project/codespell,2017-07-29,553.0,rank-3,239
Python,https://github.com/codespell-project/codespell,2017-08-03,554.0,rank-3,240
Python,https://github.com/codespell-project/codespell,2017-08-05,555.0,rank-3,240
Python,https://github.com/codespell-project/codespell,2017-08-10,556.0,rank-3,240
Python,https://github.com/codespell-project/codespell,2017-08-13,559.0,rank-3,240
Python,https://github.com/codespell-project/codespell,2017-08-15,566.0,rank-3,240
Python,https://github.com/codespell-project/codespell,2017-08-17,571.0,rank-3,240
Python,https://github.com/codespell-project/codespell,2017-08-22,573.0,rank-3,240
Python,https://github.com/codespell-project/codespell,2017-08-23,574.0,rank-3,240
Python,https://github.com/codespell-project/codespell,2017-08-27,577.0,rank-3,240
Python,https://github.com/codespell-project/codespell,2017-08-28,583.0,rank-3,242
Python,https://github.com/codespell-project/codespell,2017-08-31,585.0,rank-3,244
Python,https://github.com/codespell-project/codespell,2017-09-01,587.0,rank-3,244
Python,https://github.com/codespell-project/codespell,2017-09-02,589.0,rank-3,244
Python,https://github.com/codespell-project/codespell,2017-09-04,590.0,rank-3,245
Python,https://github.com/codespell-project/codespell,2017-09-06,591.0,rank-3,246
Python,https://github.com/codespell-project/codespell,2017-09-13,593.0,rank-3,248
Python,https://github.com/codespell-project/codespell,2017-09-14,594.0,rank-3,249
Python,https://github.com/codespell-project/codespell,2017-09-15,601.0,rank-3,249
Python,https://github.com/codespell-project/codespell,2017-09-16,602.0,rank-3,249
Python,https://github.com/codespell-project/codespell,2017-09-17,604.0,rank-3,250
Python,https://github.com/codespell-project/codespell,2017-09-18,606.0,rank-3,252
Python,https://github.com/codespell-project/codespell,2017-09-19,609.0,rank-3,255
Python,https://github.com/codespell-project/codespell,2017-09-20,612.0,rank-3,257
Python,https://github.com/codespell-project/codespell,2017-09-26,617.0,rank-3,257
Python,https://github.com/codespell-project/codespell,2017-09-29,621.0,rank-3,257
Python,https://github.com/codespell-project/codespell,2017-10-01,625.0,rank-3,257
Python,https://github.com/codespell-project/codespell,2017-10-03,627.0,rank-3,259
Python,https://github.com/codespell-project/codespell,2017-10-05,628.0,rank-3,259
Python,https://github.com/codespell-project/codespell,2017-10-06,632.0,rank-3,259
Python,https://github.com/codespell-project/codespell,2017-10-08,640.0,rank-3,261
Python,https://github.com/codespell-project/codespell,2017-10-09,647.0,rank-3,261
Python,https://github.com/codespell-project/codespell,2017-10-10,651.0,rank-3,261
Python,https://github.com/codespell-project/codespell,2017-10-11,656.0,rank-3,262
Python,https://github.com/codespell-project/codespell,2017-10-12,660.0,rank-3,265
Python,https://github.com/codespell-project/codespell,2017-10-13,664.0,rank-3,267
Python,https://github.com/codespell-project/codespell,2017-10-14,666.0,rank-3,267
Python,https://github.com/codespell-project/codespell,2017-10-15,670.0,rank-3,268
Python,https://github.com/codespell-project/codespell,2017-10-16,676.0,rank-3,268
Python,https://github.com/codespell-project/codespell,2017-10-17,681.0,rank-3,269
Python,https://github.com/codespell-project/codespell,2017-10-19,682.0,rank-3,269
Python,https://github.com/codespell-project/codespell,2017-10-20,684.0,rank-3,269
Python,https://github.com/codespell-project/codespell,2017-10-23,686.0,rank-3,269
Python,https://github.com/codespell-project/codespell,2017-10-24,693.0,rank-3,270
Python,https://github.com/codespell-project/codespell,2017-10-25,694.0,rank-3,270
Python,https://github.com/codespell-project/codespell,2017-10-26,696.0,rank-3,272
Python,https://github.com/codespell-project/codespell,2017-10-28,698.0,rank-3,274
Python,https://github.com/codespell-project/codespell,2017-10-29,702.0,rank-3,274
Python,https://github.com/codespell-project/codespell,2017-10-30,709.0,rank-3,276
Python,https://github.com/codespell-project/codespell,2017-10-31,711.0,rank-3,277
Python,https://github.com/codespell-project/codespell,2017-11-01,712.0,rank-3,278
Python,https://github.com/codespell-project/codespell,2017-11-03,716.0,rank-3,278
Python,https://github.com/codespell-project/codespell,2017-11-04,717.0,rank-3,279
Python,https://github.com/codespell-project/codespell,2017-11-05,719.0,rank-3,279
Python,https://github.com/codespell-project/codespell,2017-11-06,721.0,rank-3,279
Python,https://github.com/codespell-project/codespell,2017-11-07,729.0,rank-3,279
Python,https://github.com/codespell-project/codespell,2017-11-08,732.0,rank-3,279
Python,https://github.com/codespell-project/codespell,2017-11-09,745.0,rank-3,279
Python,https://github.com/codespell-project/codespell,2017-11-10,749.0,rank-3,280
Python,https://github.com/codespell-project/codespell,2017-11-12,751.0,rank-3,280
Python,https://github.com/codespell-project/codespell,2017-11-13,753.0,rank-3,281
Python,https://github.com/codespell-project/codespell,2017-11-14,765.0,rank-3,281
Python,https://github.com/codespell-project/codespell,2017-11-15,774.0,rank-3,281
Python,https://github.com/codespell-project/codespell,2017-11-16,788.0,rank-3,281
Python,https://github.com/codespell-project/codespell,2017-11-17,790.0,rank-3,283
Python,https://github.com/codespell-project/codespell,2017-11-18,792.0,rank-3,283
Python,https://github.com/codespell-project/codespell,2017-11-19,794.0,rank-3,283
Python,https://github.com/codespell-project/codespell,2017-11-22,796.0,rank-3,284
Python,https://github.com/codespell-project/codespell,2017-11-23,797.0,rank-3,284
Python,https://github.com/codespell-project/codespell,2017-11-24,799.0,rank-3,284
Python,https://github.com/codespell-project/codespell,2017-11-26,802.0,rank-3,285
Python,https://github.com/codespell-project/codespell,2017-11-27,815.0,rank-3,288
Python,https://github.com/codespell-project/codespell,2017-11-28,817.0,rank-3,289
Python,https://github.com/codespell-project/codespell,2017-11-29,825.0,rank-3,289
Python,https://github.com/codespell-project/codespell,2017-11-30,826.0,rank-3,289
Python,https://github.com/codespell-project/codespell,2017-12-01,828.0,rank-3,289
Python,https://github.com/codespell-project/codespell,2017-12-03,829.0,rank-3,289
Python,https://github.com/codespell-project/codespell,2017-12-04,839.0,rank-3,290
Python,https://github.com/codespell-project/codespell,2017-12-05,842.0,rank-3,290
Python,https://github.com/codespell-project/codespell,2017-12-06,848.0,rank-3,290
Python,https://github.com/codespell-project/codespell,2017-12-07,850.0,rank-3,291
Python,https://github.com/codespell-project/codespell,2017-12-09,851.0,rank-3,291
Python,https://github.com/codespell-project/codespell,2017-12-11,853.0,rank-3,291
Python,https://github.com/codespell-project/codespell,2017-12-12,854.0,rank-3,291
Python,https://github.com/codespell-project/codespell,2017-12-13,857.0,rank-3,292
Python,https://github.com/codespell-project/codespell,2017-12-14,858.0,rank-3,292
Python,https://github.com/codespell-project/codespell,2017-12-15,863.0,rank-3,292
Python,https://github.com/codespell-project/codespell,2017-12-18,864.0,rank-3,292
Python,https://github.com/codespell-project/codespell,2017-12-19,867.0,rank-3,293
Python,https://github.com/codespell-project/codespell,2017-12-20,869.0,rank-3,293
Python,https://github.com/codespell-project/codespell,2017-12-23,873.0,rank-3,295
Python,https://github.com/codespell-project/codespell,2017-12-24,874.0,rank-3,295
Python,https://github.com/codespell-project/codespell,2017-12-27,875.0,rank-3,296
Python,https://github.com/codespell-project/codespell,2017-12-28,876.0,rank-3,297
Python,https://github.com/codespell-project/codespell,2017-12-31,880.0,rank-3,299
Python,https://github.com/codespell-project/codespell,2018-01-01,881.0,rank-3,299
Python,https://github.com/codespell-project/codespell,2018-01-02,884.0,rank-3,299
Python,https://github.com/codespell-project/codespell,2018-01-03,889.0,rank-3,301
Python,https://github.com/codespell-project/codespell,2018-01-04,890.0,rank-3,302
Python,https://github.com/codespell-project/codespell,2018-01-05,895.0,rank-3,302
Python,https://github.com/codespell-project/codespell,2018-01-07,896.0,rank-3,303
Python,https://github.com/codespell-project/codespell,2018-01-08,899.0,rank-3,303
Python,https://github.com/codespell-project/codespell,2018-01-09,933.0,rank-3,303
Python,https://github.com/codespell-project/codespell,2018-01-10,935.0,rank-3,303
Python,https://github.com/codespell-project/codespell,2018-01-11,937.0,rank-3,303
Python,https://github.com/codespell-project/codespell,2018-01-12,945.0,rank-3,303
Python,https://github.com/codespell-project/codespell,2018-01-13,949.0,rank-3,305
Python,https://github.com/codespell-project/codespell,2018-01-14,950.0,rank-3,305
Python,https://github.com/codespell-project/codespell,2018-01-15,955.0,rank-3,306
Python,https://github.com/codespell-project/codespell,2018-01-16,957.0,rank-3,306
Python,https://github.com/codespell-project/codespell,2018-01-17,959.0,rank-3,308
Python,https://github.com/codespell-project/codespell,2018-01-18,968.0,rank-3,310
Python,https://github.com/codespell-project/codespell,2018-01-19,973.0,rank-3,310
Python,https://github.com/codespell-project/codespell,2018-01-20,975.0,rank-3,311
Python,https://github.com/codespell-project/codespell,2018-01-21,976.0,rank-3,311
Python,https://github.com/codespell-project/codespell,2018-01-22,977.0,rank-3,311
Python,https://github.com/codespell-project/codespell,2018-01-23,980.0,rank-3,313
Python,https://github.com/codespell-project/codespell,2018-01-24,982.0,rank-3,314
Python,https://github.com/codespell-project/codespell,2018-01-25,987.0,rank-3,315
Python,https://github.com/codespell-project/codespell,2018-01-26,988.0,rank-3,315
Python,https://github.com/codespell-project/codespell,2018-01-27,992.0,rank-3,315
Python,https://github.com/codespell-project/codespell,2018-01-28,993.0,rank-3,315
Python,https://github.com/codespell-project/codespell,2018-01-29,1003.0,rank-3,315
Python,https://github.com/codespell-project/codespell,2018-02-02,1004.0,rank-3,316
Python,https://github.com/codespell-project/codespell,2018-02-03,1007.0,rank-3,316
Python,https://github.com/codespell-project/codespell,2018-02-04,1008.0,rank-3,316
Python,https://github.com/codespell-project/codespell,2018-02-05,1016.0,rank-3,316
Python,https://github.com/codespell-project/codespell,2018-02-06,1018.0,rank-3,316
Python,https://github.com/codespell-project/codespell,2018-02-07,1025.0,rank-3,317
Python,https://github.com/codespell-project/codespell,2018-02-08,1029.0,rank-3,318
Python,https://github.com/codespell-project/codespell,2018-02-09,1034.0,rank-3,318
Python,https://github.com/codespell-project/codespell,2018-02-10,1035.0,rank-3,319
Python,https://github.com/codespell-project/codespell,2018-02-12,1038.0,rank-3,319
Python,https://github.com/codespell-project/codespell,2018-02-13,1040.0,rank-3,319
Python,https://github.com/codespell-project/codespell,2018-02-14,1050.0,rank-3,319
Python,https://github.com/codespell-project/codespell,2018-02-15,1062.0,rank-3,319
Python,https://github.com/codespell-project/codespell,2018-02-16,1068.0,rank-3,319
Python,https://github.com/codespell-project/codespell,2018-02-17,1073.0,rank-3,321
Python,https://github.com/codespell-project/codespell,2018-02-18,1075.0,rank-3,322
Python,https://github.com/codespell-project/codespell,2018-02-19,1078.0,rank-3,322
Python,https://github.com/codespell-project/codespell,2018-02-21,1080.0,rank-3,322
Python,https://github.com/codespell-project/codespell,2018-02-22,1084.0,rank-3,322
Python,https://github.com/codespell-project/codespell,2018-02-23,1085.0,rank-3,322
Python,https://github.com/codespell-project/codespell,2018-02-24,1087.0,rank-3,324
Python,https://github.com/codespell-project/codespell,2018-02-25,1092.0,rank-3,324
Python,https://github.com/codespell-project/codespell,2018-02-26,1094.0,rank-3,325
Python,https://github.com/codespell-project/codespell,2018-02-27,1096.0,rank-3,326
Python,https://github.com/codespell-project/codespell,2018-02-28,1100.0,rank-3,328
Python,https://github.com/codespell-project/codespell,2018-03-01,1101.0,rank-3,329
Python,https://github.com/codespell-project/codespell,2018-03-02,1103.0,rank-3,330
Python,https://github.com/codespell-project/codespell,2018-03-03,1108.0,rank-3,331
Python,https://github.com/codespell-project/codespell,2018-03-04,1109.0,rank-3,332
Python,https://github.com/codespell-project/codespell,2018-03-05,1114.0,rank-3,333
Python,https://github.com/codespell-project/codespell,2018-03-06,1116.0,rank-3,333
Python,https://github.com/codespell-project/codespell,2018-03-08,1120.0,rank-3,335
Python,https://github.com/codespell-project/codespell,2018-03-09,1122.0,rank-3,335
Python,https://github.com/codespell-project/codespell,2018-03-11,1123.0,rank-3,336
Python,https://github.com/codespell-project/codespell,2018-03-12,1131.0,rank-3,336
Python,https://github.com/codespell-project/codespell,2018-03-14,1132.0,rank-3,336
Python,https://github.com/codespell-project/codespell,2018-03-16,1133.0,rank-3,336
Python,https://github.com/codespell-project/codespell,2018-03-17,1135.0,rank-3,338
Python,https://github.com/codespell-project/codespell,2018-03-19,1137.0,rank-3,339
Python,https://github.com/codespell-project/codespell,2018-03-20,1138.0,rank-3,339
Python,https://github.com/codespell-project/codespell,2018-03-22,1140.0,rank-3,339
Python,https://github.com/codespell-project/codespell,2018-03-23,1142.0,rank-3,341
Python,https://github.com/codespell-project/codespell,2018-03-24,1145.0,rank-3,343
Python,https://github.com/codespell-project/codespell,2018-03-25,1149.0,rank-3,345
Python,https://github.com/codespell-project/codespell,2018-03-26,1151.0,rank-3,345
Python,https://github.com/codespell-project/codespell,2018-03-27,1156.0,rank-3,348
Python,https://github.com/codespell-project/codespell,2018-03-28,1157.0,rank-3,349
Python,https://github.com/codespell-project/codespell,2018-03-29,1158.0,rank-3,349
Python,https://github.com/codespell-project/codespell,2018-03-30,1159.0,rank-3,349
Python,https://github.com/codespell-project/codespell,2018-03-31,1166.0,rank-3,350
Python,https://github.com/codespell-project/codespell,2018-04-01,1167.0,rank-3,351
Python,https://github.com/codespell-project/codespell,2018-04-02,1169.0,rank-3,351
Python,https://github.com/codespell-project/codespell,2018-04-03,1171.0,rank-3,351
Python,https://github.com/codespell-project/codespell,2018-04-04,1173.0,rank-3,352
Python,https://github.com/codespell-project/codespell,2018-04-05,1176.0,rank-3,354
Python,https://github.com/codespell-project/codespell,2018-04-06,1178.0,rank-3,355
Python,https://github.com/codespell-project/codespell,2018-04-07,1180.0,rank-3,357
Python,https://github.com/codespell-project/codespell,2018-04-09,1181.0,rank-3,357
Python,https://github.com/codespell-project/codespell,2018-04-12,1182.0,rank-3,357
Python,https://github.com/codespell-project/codespell,2018-04-13,1183.0,rank-3,358
Python,https://github.com/codespell-project/codespell,2018-04-15,1184.0,rank-3,359
Python,https://github.com/codespell-project/codespell,2018-04-16,1191.0,rank-3,359
Python,https://github.com/codespell-project/codespell,2018-04-17,1193.0,rank-3,359
Python,https://github.com/codespell-project/codespell,2018-04-18,1194.0,rank-3,359
Python,https://github.com/codespell-project/codespell,2018-04-20,1197.0,rank-3,361
Python,https://github.com/codespell-project/codespell,2018-04-23,1198.0,rank-3,361
Python,https://github.com/codespell-project/codespell,2018-04-24,1201.0,rank-3,361
Python,https://github.com/codespell-project/codespell,2018-04-26,1209.0,rank-3,362
Python,https://github.com/codespell-project/codespell,2018-04-27,1213.0,rank-3,363
Python,https://github.com/codespell-project/codespell,2018-04-28,1215.0,rank-3,365
Python,https://github.com/codespell-project/codespell,2018-04-29,1216.0,rank-3,366
Python,https://github.com/codespell-project/codespell,2018-04-30,1218.0,rank-3,366
Python,https://github.com/codespell-project/codespell,2018-05-01,1219.0,rank-3,366
Python,https://github.com/codespell-project/codespell,2018-05-02,1221.0,rank-3,366
Python,https://github.com/codespell-project/codespell,2018-05-04,1228.0,rank-3,367
Python,https://github.com/codespell-project/codespell,2018-05-05,1230.0,rank-3,369
Python,https://github.com/codespell-project/codespell,2018-05-07,1241.0,rank-3,371
Python,https://github.com/codespell-project/codespell,2018-05-08,1244.0,rank-3,371
Python,https://github.com/codespell-project/codespell,2018-05-09,1246.0,rank-3,371
Python,https://github.com/codespell-project/codespell,2018-05-10,1254.0,rank-3,371
Python,https://github.com/codespell-project/codespell,2018-05-11,1255.0,rank-3,371
Python,https://github.com/codespell-project/codespell,2018-05-14,1257.0,rank-3,371
Python,https://github.com/codespell-project/codespell,2018-05-16,1260.0,rank-3,372
Python,https://github.com/codespell-project/codespell,2018-05-17,1264.0,rank-3,372
Python,https://github.com/codespell-project/codespell,2018-05-18,1265.0,rank-3,372
Python,https://github.com/codespell-project/codespell,2018-05-19,1267.0,rank-3,372
Python,https://github.com/codespell-project/codespell,2018-05-20,1268.0,rank-3,372
Python,https://github.com/codespell-project/codespell,2018-05-21,1270.0,rank-3,372
Python,https://github.com/codespell-project/codespell,2018-05-22,1273.0,rank-3,372
Python,https://github.com/codespell-project/codespell,2018-05-23,1274.0,rank-3,372
Python,https://github.com/codespell-project/codespell,2018-05-24,1275.0,rank-3,372
Python,https://github.com/codespell-project/codespell,2018-05-25,1277.0,rank-3,372
Python,https://github.com/codespell-project/codespell,2018-05-26,1278.0,rank-3,372
Python,https://github.com/codespell-project/codespell,2018-05-29,1280.0,rank-3,373
Python,https://github.com/codespell-project/codespell,2018-05-31,1282.0,rank-3,373
Python,https://github.com/codespell-project/codespell,2018-06-02,1283.0,rank-3,373
Python,https://github.com/codespell-project/codespell,2018-06-03,1284.0,rank-3,373
Python,https://github.com/codespell-project/codespell,2018-06-04,1287.0,rank-3,373
Python,https://github.com/codespell-project/codespell,2018-06-05,1288.0,rank-3,373
Python,https://github.com/codespell-project/codespell,2018-06-07,1290.0,rank-3,373
Python,https://github.com/codespell-project/codespell,2018-06-08,1292.0,rank-3,373
Python,https://github.com/codespell-project/codespell,2018-06-09,1293.0,rank-3,373
Python,https://github.com/codespell-project/codespell,2018-06-10,1296.0,rank-3,374
Python,https://github.com/codespell-project/codespell,2018-06-11,1298.0,rank-3,374
Python,https://github.com/codespell-project/codespell,2018-06-12,1299.0,rank-3,375
Python,https://github.com/codespell-project/codespell,2018-06-15,1301.0,rank-3,377
Python,https://github.com/codespell-project/codespell,2018-06-16,1302.0,rank-3,378
Python,https://github.com/codespell-project/codespell,2018-06-18,1305.0,rank-3,378
Python,https://github.com/codespell-project/codespell,2018-06-19,1307.0,rank-3,379
Python,https://github.com/codespell-project/codespell,2018-06-20,1310.0,rank-3,380
Python,https://github.com/codespell-project/codespell,2018-06-22,1311.0,rank-3,380
Python,https://github.com/codespell-project/codespell,2018-06-24,1312.0,rank-3,380
Python,https://github.com/codespell-project/codespell,2018-06-26,1313.0,rank-3,381
Python,https://github.com/codespell-project/codespell,2018-06-27,1315.0,rank-3,383
Python,https://github.com/codespell-project/codespell,2018-07-02,1316.0,rank-3,384
Python,https://github.com/codespell-project/codespell,2018-07-03,1318.0,rank-3,386
Python,https://github.com/codespell-project/codespell,2018-07-05,1320.0,rank-3,388
Python,https://github.com/codespell-project/codespell,2018-07-06,1321.0,rank-3,388
Python,https://github.com/codespell-project/codespell,2018-07-07,1322.0,rank-3,389
Python,https://github.com/codespell-project/codespell,2018-07-08,1323.0,rank-3,390
Python,https://github.com/codespell-project/codespell,2018-07-09,1324.0,rank-3,390
Python,https://github.com/codespell-project/codespell,2018-07-10,1325.0,rank-3,390
Python,https://github.com/codespell-project/codespell,2018-07-11,1327.0,rank-3,392
Python,https://github.com/codespell-project/codespell,2018-07-12,1329.0,rank-3,393
Python,https://github.com/codespell-project/codespell,2018-07-13,1330.0,rank-3,394
Python,https://github.com/codespell-project/codespell,2018-07-14,1332.0,rank-3,394
Python,https://github.com/codespell-project/codespell,2018-07-16,1334.0,rank-3,395
Python,https://github.com/codespell-project/codespell,2018-07-18,1335.0,rank-3,396
Python,https://github.com/codespell-project/codespell,2018-07-22,1337.0,rank-3,396
Python,https://github.com/codespell-project/codespell,2018-07-23,1340.0,rank-3,396
Python,https://github.com/codespell-project/codespell,2018-07-25,1342.0,rank-3,397
Python,https://github.com/codespell-project/codespell,2018-07-26,1344.0,rank-3,397
Python,https://github.com/codespell-project/codespell,2018-07-28,1345.0,rank-3,398
Python,https://github.com/codespell-project/codespell,2018-07-29,1352.0,rank-3,398
Python,https://github.com/codespell-project/codespell,2018-07-30,1353.0,rank-3,398
Python,https://github.com/codespell-project/codespell,2018-07-31,1355.0,rank-3,399
Python,https://github.com/codespell-project/codespell,2018-08-03,1356.0,rank-3,399
Python,https://github.com/codespell-project/codespell,2018-08-04,1357.0,rank-3,400
Python,https://github.com/codespell-project/codespell,2018-08-05,1359.0,rank-3,400
Python,https://github.com/codespell-project/codespell,2018-08-06,1367.0,rank-3,400
Python,https://github.com/codespell-project/codespell,2018-08-07,1370.0,rank-3,401
Python,https://github.com/codespell-project/codespell,2018-08-09,1375.0,rank-3,401
Python,https://github.com/codespell-project/codespell,2018-08-12,1378.0,rank-3,402
Python,https://github.com/codespell-project/codespell,2018-08-13,1387.0,rank-3,402
Python,https://github.com/codespell-project/codespell,2018-08-14,1390.0,rank-3,402
Python,https://github.com/codespell-project/codespell,2018-08-15,1391.0,rank-3,403
Python,https://github.com/codespell-project/codespell,2018-08-16,1392.0,rank-3,403
Python,https://github.com/codespell-project/codespell,2018-08-17,1394.0,rank-3,404
Python,https://github.com/codespell-project/codespell,2018-08-21,1395.0,rank-3,404
Python,https://github.com/codespell-project/codespell,2018-08-23,1396.0,rank-3,404
Python,https://github.com/codespell-project/codespell,2018-08-26,1397.0,rank-3,404
Python,https://github.com/codespell-project/codespell,2018-08-27,1400.0,rank-3,404
Python,https://github.com/codespell-project/codespell,2018-08-28,1401.0,rank-3,404
Python,https://github.com/codespell-project/codespell,2018-08-30,1405.0,rank-3,407
Python,https://github.com/codespell-project/codespell,2018-09-01,1408.0,rank-3,407
Python,https://github.com/codespell-project/codespell,2018-09-02,1410.0,rank-3,407
Python,https://github.com/codespell-project/codespell,2018-09-03,1412.0,rank-3,408
Python,https://github.com/codespell-project/codespell,2018-09-04,1415.0,rank-3,409
Python,https://github.com/codespell-project/codespell,2018-09-06,1416.0,rank-3,409
Python,https://github.com/codespell-project/codespell,2018-09-09,1417.0,rank-3,409
Python,https://github.com/codespell-project/codespell,2018-09-10,1421.0,rank-3,409
Python,https://github.com/codespell-project/codespell,2018-09-11,1422.0,rank-3,409
Python,https://github.com/codespell-project/codespell,2018-09-13,1423.0,rank-3,409
Python,https://github.com/codespell-project/codespell,2018-09-14,1426.0,rank-3,409
Python,https://github.com/codespell-project/codespell,2018-09-16,1428.0,rank-3,409
Python,https://github.com/codespell-project/codespell,2018-09-19,1431.0,rank-3,409
Python,https://github.com/codespell-project/codespell,2018-09-20,1432.0,rank-3,409
Python,https://github.com/codespell-project/codespell,2018-09-21,1435.0,rank-3,409
Python,https://github.com/codespell-project/codespell,2018-09-22,1436.0,rank-3,409
Python,https://github.com/codespell-project/codespell,2018-09-23,1438.0,rank-3,409
Python,https://github.com/codespell-project/codespell,2018-09-26,1439.0,rank-3,409
Python,https://github.com/codespell-project/codespell,2018-09-27,1440.0,rank-3,409
Python,https://github.com/codespell-project/codespell,2018-09-28,1448.0,rank-3,409
Python,https://github.com/codespell-project/codespell,2018-09-29,1450.0,rank-3,410
Python,https://github.com/codespell-project/codespell,2018-10-01,1451.0,rank-3,411
Python,https://github.com/codespell-project/codespell,2018-10-02,1452.0,rank-3,411
Python,https://github.com/codespell-project/codespell,2018-10-03,1458.0,rank-3,412
Python,https://github.com/codespell-project/codespell,2018-10-04,1460.0,rank-3,412
Python,https://github.com/codespell-project/codespell,2018-10-05,1464.0,rank-3,412
Python,https://github.com/codespell-project/codespell,2018-10-06,1465.0,rank-3,412
Python,https://github.com/codespell-project/codespell,2018-10-08,1468.0,rank-3,412
Python,https://github.com/codespell-project/codespell,2018-10-09,1469.0,rank-3,412
Python,https://github.com/codespell-project/codespell,2018-10-11,1471.0,rank-3,413
Python,https://github.com/codespell-project/codespell,2018-10-12,1475.0,rank-3,413
Python,https://github.com/codespell-project/codespell,2018-10-13,1476.0,rank-3,414
Python,https://github.com/codespell-project/codespell,2018-10-14,1477.0,rank-3,415
Python,https://github.com/codespell-project/codespell,2018-10-15,1479.0,rank-3,416
Python,https://github.com/codespell-project/codespell,2018-10-16,1482.0,rank-3,416
Python,https://github.com/codespell-project/codespell,2018-10-17,1486.0,rank-3,417
Python,https://github.com/codespell-project/codespell,2018-10-21,1487.0,rank-3,418
Python,https://github.com/codespell-project/codespell,2018-10-22,1494.0,rank-3,421
Python,https://github.com/codespell-project/codespell,2018-10-23,1495.0,rank-3,422
Python,https://github.com/codespell-project/codespell,2018-10-24,1499.0,rank-3,424
Python,https://github.com/codespell-project/codespell,2018-10-25,1500.0,rank-3,425
Python,https://github.com/codespell-project/codespell,2018-10-26,1502.0,rank-3,427
Python,https://github.com/codespell-project/codespell,2018-10-27,1504.0,rank-3,428
Python,https://github.com/codespell-project/codespell,2018-10-28,1505.0,rank-3,429
Python,https://github.com/codespell-project/codespell,2018-10-29,1512.0,rank-3,429
Python,https://github.com/codespell-project/codespell,2018-10-30,1516.0,rank-3,430
Python,https://github.com/codespell-project/codespell,2018-10-31,1519.0,rank-3,430
Python,https://github.com/codespell-project/codespell,2018-11-02,1520.0,rank-3,431
Python,https://github.com/codespell-project/codespell,2018-11-03,1521.0,rank-3,432
Python,https://github.com/codespell-project/codespell,2018-11-04,1522.0,rank-3,433
Python,https://github.com/codespell-project/codespell,2018-11-05,1529.0,rank-3,433
Python,https://github.com/codespell-project/codespell,2018-11-06,1531.0,rank-3,433
Python,https://github.com/codespell-project/codespell,2018-11-07,1535.0,rank-3,434
Python,https://github.com/codespell-project/codespell,2018-11-08,1536.0,rank-3,434
Python,https://github.com/codespell-project/codespell,2018-11-10,1537.0,rank-3,435
Python,https://github.com/codespell-project/codespell,2018-11-12,1539.0,rank-3,435
Python,https://github.com/codespell-project/codespell,2018-11-13,1542.0,rank-3,435
Python,https://github.com/codespell-project/codespell,2018-11-17,1543.0,rank-3,435
Python,https://github.com/codespell-project/codespell,2018-11-19,1544.0,rank-3,435
Python,https://github.com/codespell-project/codespell,2018-11-20,1547.0,rank-3,435
Python,https://github.com/codespell-project/codespell,2018-11-24,1548.0,rank-3,436
Python,https://github.com/codespell-project/codespell,2018-11-26,1551.0,rank-3,436
Python,https://github.com/codespell-project/codespell,2018-11-29,1553.0,rank-3,436
Python,https://github.com/codespell-project/codespell,2018-12-01,1554.0,rank-3,436
Python,https://github.com/codespell-project/codespell,2018-12-02,1555.0,rank-3,437
Python,https://github.com/codespell-project/codespell,2018-12-06,1556.0,rank-3,437
Python,https://github.com/codespell-project/codespell,2018-12-07,1557.0,rank-3,437
Python,https://github.com/codespell-project/codespell,2018-12-08,1561.0,rank-3,437
Python,https://github.com/codespell-project/codespell,2018-12-10,1562.0,rank-3,438
Python,https://github.com/codespell-project/codespell,2018-12-11,1564.0,rank-3,438
Python,https://github.com/codespell-project/codespell,2018-12-12,1565.0,rank-3,438
Python,https://github.com/codespell-project/codespell,2018-12-13,1566.0,rank-3,438
Python,https://github.com/codespell-project/codespell,2018-12-14,1567.0,rank-3,438
Python,https://github.com/codespell-project/codespell,2018-12-19,1568.0,rank-3,438
Python,https://github.com/codespell-project/codespell,2018-12-23,1569.0,rank-3,439
Python,https://github.com/codespell-project/codespell,2018-12-26,1570.0,rank-3,440
Python,https://github.com/codespell-project/codespell,2018-12-27,1571.0,rank-3,440
Python,https://github.com/codespell-project/codespell,2018-12-28,1572.0,rank-3,441
Python,https://github.com/codespell-project/codespell,2018-12-30,1573.0,rank-3,441
Python,https://github.com/codespell-project/codespell,2019-01-07,1581.0,rank-3,441
Python,https://github.com/codespell-project/codespell,2019-01-09,1582.0,rank-3,441
Python,https://github.com/codespell-project/codespell,2019-01-10,1584.0,rank-3,441
Python,https://github.com/codespell-project/codespell,2019-01-11,1586.0,rank-3,442
Python,https://github.com/codespell-project/codespell,2019-01-12,1587.0,rank-3,442
Python,https://github.com/codespell-project/codespell,2019-01-13,1588.0,rank-3,443
Python,https://github.com/codespell-project/codespell,2019-01-14,1590.0,rank-3,443
Python,https://github.com/codespell-project/codespell,2019-01-15,1591.0,rank-3,443
Python,https://github.com/codespell-project/codespell,2019-01-16,1595.0,rank-3,443
Python,https://github.com/codespell-project/codespell,2019-01-17,1598.0,rank-3,443
Python,https://github.com/codespell-project/codespell,2019-01-18,1601.0,rank-3,445
Python,https://github.com/codespell-project/codespell,2019-01-19,1603.0,rank-3,447
Python,https://github.com/codespell-project/codespell,2019-01-20,1604.0,rank-3,448
Python,https://github.com/codespell-project/codespell,2019-01-22,1607.0,rank-3,449
Python,https://github.com/codespell-project/codespell,2019-01-24,1609.0,rank-3,449
Python,https://github.com/codespell-project/codespell,2019-01-25,1611.0,rank-3,449
Python,https://github.com/codespell-project/codespell,2019-01-27,1612.0,rank-3,450
Python,https://github.com/codespell-project/codespell,2019-01-29,1614.0,rank-3,451
Python,https://github.com/codespell-project/codespell,2019-01-30,1615.0,rank-3,451
Python,https://github.com/codespell-project/codespell,2019-01-31,1616.0,rank-3,452
Python,https://github.com/codespell-project/codespell,2019-02-04,1617.0,rank-3,452
Python,https://github.com/codespell-project/codespell,2019-02-05,1619.0,rank-3,452
Python,https://github.com/codespell-project/codespell,2019-02-06,1620.0,rank-3,452
Python,https://github.com/codespell-project/codespell,2019-02-10,1624.0,rank-3,452
Python,https://github.com/codespell-project/codespell,2019-02-13,1627.0,rank-3,452
Python,https://github.com/codespell-project/codespell,2019-02-14,1628.0,rank-3,453
Python,https://github.com/codespell-project/codespell,2019-02-20,1630.0,rank-3,453
Python,https://github.com/codespell-project/codespell,2019-02-21,1631.0,rank-3,454
Python,https://github.com/codespell-project/codespell,2019-02-24,1633.0,rank-3,454
Python,https://github.com/codespell-project/codespell,2019-02-25,1635.0,rank-3,454
Python,https://github.com/codespell-project/codespell,2019-02-26,1636.0,rank-3,454
Python,https://github.com/codespell-project/codespell,2019-02-27,1637.0,rank-3,455
Python,https://github.com/codespell-project/codespell,2019-02-28,1638.0,rank-3,456
Python,https://github.com/codespell-project/codespell,2019-03-01,1639.0,rank-3,456
Python,https://github.com/codespell-project/codespell,2019-03-04,1641.0,rank-3,457
Python,https://github.com/codespell-project/codespell,2019-03-05,1642.0,rank-3,457
Python,https://github.com/codespell-project/codespell,2019-03-06,1645.0,rank-3,457
Python,https://github.com/codespell-project/codespell,2019-03-07,1646.0,rank-3,457
Python,https://github.com/codespell-project/codespell,2019-03-08,1647.0,rank-3,457
Python,https://github.com/codespell-project/codespell,2019-03-10,1652.0,rank-3,457
Python,https://github.com/codespell-project/codespell,2019-03-11,1654.0,rank-3,457
Python,https://github.com/codespell-project/codespell,2019-03-12,1657.0,rank-3,457
Python,https://github.com/codespell-project/codespell,2019-03-13,1661.0,rank-3,457
Python,https://github.com/codespell-project/codespell,2019-03-15,1664.0,rank-3,457
Python,https://github.com/codespell-project/codespell,2019-03-16,1735.0,rank-3,459
Python,https://github.com/codespell-project/codespell,2019-03-17,1740.0,rank-3,459
Python,https://github.com/codespell-project/codespell,2019-03-18,1746.0,rank-3,459
Python,https://github.com/codespell-project/codespell,2019-03-19,2022.0,rank-3,460
Python,https://github.com/codespell-project/codespell,2019-03-20,2028.0,rank-3,460
Python,https://github.com/codespell-project/codespell,2019-03-21,2029.0,rank-3,461
Python,https://github.com/codespell-project/codespell,2019-03-23,2030.0,rank-3,462
Python,https://github.com/codespell-project/codespell,2019-03-26,2036.0,rank-3,463
Python,https://github.com/codespell-project/codespell,2019-03-27,2037.0,rank-3,463
Python,https://github.com/codespell-project/codespell,2019-03-28,2040.0,rank-3,463
Python,https://github.com/codespell-project/codespell,2019-03-29,2044.0,rank-3,463
Python,https://github.com/codespell-project/codespell,2019-04-01,2045.0,rank-3,464
Python,https://github.com/codespell-project/codespell,2019-04-02,2046.0,rank-3,464
Python,https://github.com/codespell-project/codespell,2019-04-04,2060.0,rank-3,464
Python,https://github.com/codespell-project/codespell,2019-04-08,2069.0,rank-3,464
Python,https://github.com/codespell-project/codespell,2019-04-10,2071.0,rank-3,465
Python,https://github.com/codespell-project/codespell,2019-04-19,2072.0,rank-3,465
Python,https://github.com/codespell-project/codespell,2019-04-29,2085.0,rank-3,466
Python,https://github.com/codespell-project/codespell,2019-04-30,2094.0,rank-3,466
Python,https://github.com/codespell-project/codespell,2019-05-03,2095.0,rank-3,466
Python,https://github.com/codespell-project/codespell,2019-05-06,2099.0,rank-3,466
Python,https://github.com/codespell-project/codespell,2019-05-07,2102.0,rank-3,467
Python,https://github.com/codespell-project/codespell,2019-05-08,2105.0,rank-3,468
Python,https://github.com/codespell-project/codespell,2019-05-09,2108.0,rank-3,468
Python,https://github.com/codespell-project/codespell,2019-05-13,2109.0,rank-3,468
Python,https://github.com/codespell-project/codespell,2019-05-16,2110.0,rank-3,468
Python,https://github.com/codespell-project/codespell,2019-05-17,2114.0,rank-3,468
Python,https://github.com/codespell-project/codespell,2019-05-18,2115.0,rank-3,469
Python,https://github.com/codespell-project/codespell,2019-05-20,2118.0,rank-3,469
Python,https://github.com/codespell-project/codespell,2019-05-21,2119.0,rank-3,469
Python,https://github.com/codespell-project/codespell,2019-05-23,2124.0,rank-3,469
Python,https://github.com/codespell-project/codespell,2019-05-24,2132.0,rank-3,470
Python,https://github.com/codespell-project/codespell,2019-05-25,2135.0,rank-3,470
Python,https://github.com/codespell-project/codespell,2019-05-26,2152.0,rank-3,470
Python,https://github.com/codespell-project/codespell,2019-05-27,2170.0,rank-3,470
Python,https://github.com/codespell-project/codespell,2019-05-28,2220.0,rank-3,471
Python,https://github.com/codespell-project/codespell,2019-05-29,2237.0,rank-3,471
Python,https://github.com/codespell-project/codespell,2019-05-30,2238.0,rank-3,471
Python,https://github.com/codespell-project/codespell,2019-06-01,2241.0,rank-3,472
Python,https://github.com/codespell-project/codespell,2019-06-02,2244.0,rank-3,472
Python,https://github.com/codespell-project/codespell,2019-06-03,2245.0,rank-3,472
Python,https://github.com/codespell-project/codespell,2019-06-06,2250.0,rank-3,472
Python,https://github.com/codespell-project/codespell,2019-06-08,2252.0,rank-3,472
Python,https://github.com/codespell-project/codespell,2019-06-09,2260.0,rank-3,472
Python,https://github.com/codespell-project/codespell,2019-06-10,2264.0,rank-3,472
Python,https://github.com/codespell-project/codespell,2019-06-11,2267.0,rank-3,472
Python,https://github.com/codespell-project/codespell,2019-06-12,2273.0,rank-3,472
Python,https://github.com/codespell-project/codespell,2019-06-13,2277.0,rank-3,472
Python,https://github.com/codespell-project/codespell,2019-06-15,2278.0,rank-3,472
Python,https://github.com/codespell-project/codespell,2019-06-16,2281.0,rank-3,472
Python,https://github.com/codespell-project/codespell,2019-06-17,2286.0,rank-3,472
Python,https://github.com/codespell-project/codespell,2019-06-18,2296.0,rank-3,472
Python,https://github.com/codespell-project/codespell,2019-06-19,2298.0,rank-3,472
Python,https://github.com/codespell-project/codespell,2019-06-20,2300.0,rank-3,472
Python,https://github.com/codespell-project/codespell,2019-06-21,2301.0,rank-3,472
Python,https://github.com/codespell-project/codespell,2019-06-22,2302.0,rank-3,472
Python,https://github.com/codespell-project/codespell,2019-06-24,2303.0,rank-3,472
Python,https://github.com/codespell-project/codespell,2019-06-25,2305.0,rank-3,472
Python,https://github.com/codespell-project/codespell,2019-06-27,2306.0,rank-3,472
Python,https://github.com/codespell-project/codespell,2019-06-28,2309.0,rank-3,472
Python,https://github.com/codespell-project/codespell,2019-06-29,2310.0,rank-3,472
Python,https://github.com/codespell-project/codespell,2019-07-02,2312.0,rank-3,472
Python,https://github.com/codespell-project/codespell,2019-07-05,2321.0,rank-3,472
Python,https://github.com/codespell-project/codespell,2019-07-06,2325.0,rank-3,472
Python,https://github.com/codespell-project/codespell,2019-07-07,2326.0,rank-3,472
Python,https://github.com/codespell-project/codespell,2019-07-08,2328.0,rank-3,472
Python,https://github.com/codespell-project/codespell,2019-07-11,2329.0,rank-3,472
Python,https://github.com/codespell-project/codespell,2019-07-17,2340.0,rank-3,472
Python,https://github.com/codespell-project/codespell,2019-07-18,2341.0,rank-3,472
Python,https://github.com/codespell-project/codespell,2019-07-23,2342.0,rank-3,472
Python,https://github.com/codespell-project/codespell,2019-07-29,2351.0,rank-3,472
Python,https://github.com/codespell-project/codespell,2019-07-31,2352.0,rank-3,472
Python,https://github.com/codespell-project/codespell,2019-08-06,2357.0,rank-3,473
Python,https://github.com/codespell-project/codespell,2019-08-07,2363.0,rank-3,473
Python,https://github.com/codespell-project/codespell,2019-08-10,2364.0,rank-3,473
Python,https://github.com/codespell-project/codespell,2019-08-12,2365.0,rank-3,473
Python,https://github.com/codespell-project/codespell,2019-08-13,2366.0,rank-3,473
Python,https://github.com/codespell-project/codespell,2019-08-14,2367.0,rank-3,473
Python,https://github.com/codespell-project/codespell,2019-08-16,2372.0,rank-3,473
Python,https://github.com/codespell-project/codespell,2019-08-20,2374.0,rank-3,473
Python,https://github.com/codespell-project/codespell,2019-08-27,2375.0,rank-3,473
Python,https://github.com/codespell-project/codespell,2019-08-29,2382.0,rank-3,473
Python,https://github.com/codespell-project/codespell,2019-08-30,2383.0,rank-3,473
Python,https://github.com/codespell-project/codespell,2019-09-03,2384.0,rank-3,473
Python,https://github.com/codespell-project/codespell,2019-09-09,2387.0,rank-3,473
Python,https://github.com/codespell-project/codespell,2019-09-11,2388.0,rank-3,473
Python,https://github.com/codespell-project/codespell,2019-09-12,2392.0,rank-3,473
Python,https://github.com/codespell-project/codespell,2019-09-13,2395.0,rank-3,473
Python,https://github.com/codespell-project/codespell,2019-09-15,2398.0,rank-3,473
Python,https://github.com/codespell-project/codespell,2019-09-16,2401.0,rank-3,473
Python,https://github.com/codespell-project/codespell,2019-09-18,2403.0,rank-3,473
Python,https://github.com/codespell-project/codespell,2019-09-19,2406.0,rank-3,473
Python,https://github.com/codespell-project/codespell,2019-09-21,2407.0,rank-3,473
Python,https://github.com/codespell-project/codespell,2019-09-23,2408.0,rank-3,473
Python,https://github.com/codespell-project/codespell,2019-09-26,2418.0,rank-3,473
Python,https://github.com/codespell-project/codespell,2019-09-27,2419.0,rank-3,473
Python,https://github.com/codespell-project/codespell,2019-10-03,2420.0,rank-3,473
Python,https://github.com/codespell-project/codespell,2019-10-07,2422.0,rank-3,473
Python,https://github.com/codespell-project/codespell,2019-10-08,2425.0,rank-3,473
Python,https://github.com/codespell-project/codespell,2019-10-09,2427.0,rank-3,473
Python,https://github.com/codespell-project/codespell,2019-10-10,2437.0,rank-3,473
Python,https://github.com/codespell-project/codespell,2019-10-11,2439.0,rank-3,473
Python,https://github.com/codespell-project/codespell,2019-10-12,2446.0,rank-3,473
Python,https://github.com/codespell-project/codespell,2019-10-13,2447.0,rank-3,473
Python,https://github.com/codespell-project/codespell,2019-10-14,2448.0,rank-3,473
Python,https://github.com/codespell-project/codespell,2019-10-15,2453.0,rank-3,473
Python,https://github.com/codespell-project/codespell,2019-10-16,2455.0,rank-3,473
Python,https://github.com/codespell-project/codespell,2019-10-17,2470.0,rank-3,473
Python,https://github.com/codespell-project/codespell,2019-10-18,2471.0,rank-3,473
Python,https://github.com/codespell-project/codespell,2019-10-21,2480.0,rank-3,473
Python,https://github.com/codespell-project/codespell,2019-10-22,2483.0,rank-3,474
Python,https://github.com/codespell-project/codespell,2019-10-23,2485.0,rank-3,474
Python,https://github.com/codespell-project/codespell,2019-10-25,2488.0,rank-3,474
Python,https://github.com/codespell-project/codespell,2019-10-26,2489.0,rank-3,474
Python,https://github.com/codespell-project/codespell,2019-10-27,2490.0,rank-3,474
Python,https://github.com/codespell-project/codespell,2019-11-04,2492.0,rank-3,474
Python,https://github.com/codespell-project/codespell,2019-11-05,2493.0,rank-3,475
Python,https://github.com/codespell-project/codespell,2019-11-06,2494.0,rank-3,475
Python,https://github.com/codespell-project/codespell,2019-11-07,2498.0,rank-3,475
Python,https://github.com/codespell-project/codespell,2019-11-13,2504.0,rank-3,475
Python,https://github.com/codespell-project/codespell,2019-11-15,2505.0,rank-3,475
Python,https://github.com/codespell-project/codespell,2019-11-19,2506.0,rank-3,476
Python,https://github.com/codespell-project/codespell,2019-11-20,2507.0,rank-3,476
Python,https://github.com/codespell-project/codespell,2019-11-21,2508.0,rank-3,476
Python,https://github.com/codespell-project/codespell,2019-11-22,2509.0,rank-3,476
Python,https://github.com/codespell-project/codespell,2019-11-26,2519.0,rank-3,476
Python,https://github.com/codespell-project/codespell,2019-11-27,2521.0,rank-3,476
Python,https://github.com/codespell-project/codespell,2019-11-29,2522.0,rank-3,476
Python,https://github.com/codespell-project/codespell,2019-12-01,2523.0,rank-3,476
Python,https://github.com/codespell-project/codespell,2019-12-02,2525.0,rank-3,476
Python,https://github.com/codespell-project/codespell,2019-12-03,2529.0,rank-3,476
Python,https://github.com/codespell-project/codespell,2019-12-04,2530.0,rank-3,476
Python,https://github.com/codespell-project/codespell,2019-12-05,2533.0,rank-3,476
Python,https://github.com/codespell-project/codespell,2019-12-06,2535.0,rank-3,476
Python,https://github.com/codespell-project/codespell,2019-12-08,2537.0,rank-3,476
Python,https://github.com/codespell-project/codespell,2019-12-10,2540.0,rank-3,476
Python,https://github.com/codespell-project/codespell,2019-12-11,2541.0,rank-3,476
Python,https://github.com/codespell-project/codespell,2019-12-12,2544.0,rank-3,476
Python,https://github.com/codespell-project/codespell,2019-12-13,2545.0,rank-3,476
Python,https://github.com/codespell-project/codespell,2019-12-16,2547.0,rank-3,476
Python,https://github.com/codespell-project/codespell,2019-12-17,2548.0,rank-3,476
Python,https://github.com/codespell-project/codespell,2019-12-18,2565.0,rank-3,476
Python,https://github.com/codespell-project/codespell,2019-12-19,2601.0,rank-3,476
Python,https://github.com/codespell-project/codespell,2019-12-20,2602.0,rank-3,476
Python,https://github.com/codespell-project/codespell,2019-12-21,2603.0,rank-3,476
Python,https://github.com/codespell-project/codespell,2019-12-22,2608.0,rank-3,476
Python,https://github.com/codespell-project/codespell,2019-12-23,2611.0,rank-3,476
Python,https://github.com/codespell-project/codespell,2019-12-25,2612.0,rank-3,476
Python,https://github.com/codespell-project/codespell,2019-12-26,2616.0,rank-3,476
Python,https://github.com/codespell-project/codespell,2019-12-28,2618.0,rank-3,476
Python,https://github.com/codespell-project/codespell,2019-12-29,2619.0,rank-3,477
Python,https://github.com/codespell-project/codespell,2020-01-02,2620.0,rank-3,477
Python,https://github.com/codespell-project/codespell,2020-01-06,2623.0,rank-3,478
Python,https://github.com/codespell-project/codespell,2020-01-08,2624.0,rank-3,478
Python,https://github.com/codespell-project/codespell,2020-01-09,2628.0,rank-3,478
Python,https://github.com/codespell-project/codespell,2020-01-13,2629.0,rank-3,478
Python,https://github.com/codespell-project/codespell,2020-01-14,2632.0,rank-3,478
Python,https://github.com/codespell-project/codespell,2020-01-15,2635.0,rank-3,478
Python,https://github.com/codespell-project/codespell,2020-01-17,2636.0,rank-3,478
Python,https://github.com/codespell-project/codespell,2020-01-18,2637.0,rank-3,478
Python,https://github.com/codespell-project/codespell,2020-01-23,2640.0,rank-3,478
Python,https://github.com/codespell-project/codespell,2020-02-03,2641.0,rank-3,478
Python,https://github.com/codespell-project/codespell,2020-02-05,2643.0,rank-3,478
Python,https://github.com/codespell-project/codespell,2020-02-17,2645.0,rank-3,478
Python,https://github.com/codespell-project/codespell,2020-02-25,2646.0,rank-3,478
Python,https://github.com/codespell-project/codespell,2020-02-28,2647.0,rank-3,478
Python,https://github.com/codespell-project/codespell,2020-03-02,2648.0,rank-3,479
Python,https://github.com/codespell-project/codespell,2020-03-03,2653.0,rank-3,479
Python,https://github.com/codespell-project/codespell,2020-03-04,2655.0,rank-3,479
Python,https://github.com/codespell-project/codespell,2020-03-05,2656.0,rank-3,480
Python,https://github.com/codespell-project/codespell,2020-03-06,2657.0,rank-3,480
Python,https://github.com/codespell-project/codespell,2020-03-07,2658.0,rank-3,480
Python,https://github.com/codespell-project/codespell,2020-03-10,2660.0,rank-3,480
Python,https://github.com/codespell-project/codespell,2020-03-11,2661.0,rank-3,480
Python,https://github.com/codespell-project/codespell,2020-03-12,2662.0,rank-3,480
Python,https://github.com/codespell-project/codespell,2020-03-13,2667.0,rank-3,480
Python,https://github.com/codespell-project/codespell,2020-03-14,2670.0,rank-3,480
Python,https://github.com/codespell-project/codespell,2020-03-15,2673.0,rank-3,480
Python,https://github.com/codespell-project/codespell,2020-03-16,2675.0,rank-3,480
Python,https://github.com/codespell-project/codespell,2020-03-17,2676.0,rank-3,480
Python,https://github.com/codespell-project/codespell,2020-03-19,2677.0,rank-3,480
Python,https://github.com/codespell-project/codespell,2020-03-21,2678.0,rank-3,480
Python,https://github.com/codespell-project/codespell,2020-03-25,2679.0,rank-3,480
Python,https://github.com/codespell-project/codespell,2020-03-26,2684.0,rank-3,481
Python,https://github.com/codespell-project/codespell,2020-03-27,2686.0,rank-3,482
Python,https://github.com/codespell-project/codespell,2020-03-28,2687.0,rank-3,482
Python,https://github.com/codespell-project/codespell,2020-03-29,2689.0,rank-3,482
Python,https://github.com/codespell-project/codespell,2020-03-30,2691.0,rank-3,482
Python,https://github.com/codespell-project/codespell,2020-03-31,2694.0,rank-3,484
Python,https://github.com/codespell-project/codespell,2020-04-01,2696.0,rank-3,485
Python,https://github.com/codespell-project/codespell,2020-04-02,2697.0,rank-3,485
Python,https://github.com/codespell-project/codespell,2020-04-03,2698.0,rank-3,485
Python,https://github.com/codespell-project/codespell,2020-04-04,2702.0,rank-3,485
Python,https://github.com/codespell-project/codespell,2020-04-05,2706.0,rank-3,487
Python,https://github.com/codespell-project/codespell,2020-04-06,2708.0,rank-3,487
Python,https://github.com/codespell-project/codespell,2020-04-07,2711.0,rank-3,487
Python,https://github.com/codespell-project/codespell,2020-04-10,2712.0,rank-3,487
Python,https://github.com/codespell-project/codespell,2020-04-13,2713.0,rank-3,487
Python,https://github.com/codespell-project/codespell,2020-04-15,2714.0,rank-3,487
Python,https://github.com/codespell-project/codespell,2020-04-17,2715.0,rank-3,487
Python,https://github.com/codespell-project/codespell,2020-04-18,2716.0,rank-3,487
Python,https://github.com/codespell-project/codespell,2020-04-19,2717.0,rank-3,488
Python,https://github.com/codespell-project/codespell,2020-04-21,2719.0,rank-3,488
Python,https://github.com/codespell-project/codespell,2020-04-23,2720.0,rank-3,488
Python,https://github.com/codespell-project/codespell,2020-04-24,2726.0,rank-3,488
Python,https://github.com/codespell-project/codespell,2020-04-25,2727.0,rank-3,488
Python,https://github.com/codespell-project/codespell,2020-04-27,2729.0,rank-3,488
Python,https://github.com/codespell-project/codespell,2020-04-29,2731.0,rank-3,488
Python,https://github.com/codespell-project/codespell,2020-04-30,2735.0,rank-3,488
Python,https://github.com/codespell-project/codespell,2020-05-02,2736.0,rank-3,488
Python,https://github.com/codespell-project/codespell,2020-05-06,2737.0,rank-3,488
Python,https://github.com/codespell-project/codespell,2020-05-07,2740.0,rank-3,488
Python,https://github.com/codespell-project/codespell,2020-05-10,2741.0,rank-3,488
Python,https://github.com/codespell-project/codespell,2020-05-11,2745.0,rank-3,488
Python,https://github.com/codespell-project/codespell,2020-05-12,2746.0,rank-3,488
Python,https://github.com/codespell-project/codespell,2020-05-13,2748.0,rank-3,488
Python,https://github.com/codespell-project/codespell,2020-05-14,2749.0,rank-3,488
Python,https://github.com/codespell-project/codespell,2020-05-16,2752.0,rank-3,488
Python,https://github.com/codespell-project/codespell,2020-05-18,2756.0,rank-3,488
Python,https://github.com/codespell-project/codespell,2020-05-19,2757.0,rank-3,488
Python,https://github.com/codespell-project/codespell,2020-05-20,2764.0,rank-3,489
Python,https://github.com/codespell-project/codespell,2020-05-21,2769.0,rank-3,489
Python,https://github.com/codespell-project/codespell,2020-05-22,2777.0,rank-3,490
Python,https://github.com/codespell-project/codespell,2020-05-24,2780.0,rank-3,490
Python,https://github.com/codespell-project/codespell,2020-05-25,2781.0,rank-3,490
Python,https://github.com/codespell-project/codespell,2020-05-26,2783.0,rank-3,491
Python,https://github.com/codespell-project/codespell,2020-05-27,2788.0,rank-3,492
Python,https://github.com/codespell-project/codespell,2020-05-28,2789.0,rank-3,492
Python,https://github.com/codespell-project/codespell,2020-05-29,2790.0,rank-3,492
Python,https://github.com/codespell-project/codespell,2020-05-30,2793.0,rank-3,493
Python,https://github.com/codespell-project/codespell,2020-05-31,2796.0,rank-3,493
Python,https://github.com/codespell-project/codespell,2020-06-01,2797.0,rank-3,493
Python,https://github.com/codespell-project/codespell,2020-06-03,2800.0,rank-3,494
Python,https://github.com/codespell-project/codespell,2020-06-04,2801.0,rank-3,495
Python,https://github.com/codespell-project/codespell,2020-06-05,2804.0,rank-3,495
Python,https://github.com/codespell-project/codespell,2020-06-06,2811.0,rank-3,495
Python,https://github.com/codespell-project/codespell,2020-06-07,2812.0,rank-3,495
Python,https://github.com/codespell-project/codespell,2020-06-08,2816.0,rank-3,495
Python,https://github.com/codespell-project/codespell,2020-06-09,2819.0,rank-3,496
Python,https://github.com/codespell-project/codespell,2020-06-10,2825.0,rank-3,497
Python,https://github.com/codespell-project/codespell,2020-06-11,2829.0,rank-3,497
Python,https://github.com/codespell-project/codespell,2020-06-12,2831.0,rank-3,498
Python,https://github.com/codespell-project/codespell,2020-06-13,2832.0,rank-3,498
Python,https://github.com/codespell-project/codespell,2020-06-14,2835.0,rank-3,498
Python,https://github.com/codespell-project/codespell,2020-06-15,2840.0,rank-3,499
Python,https://github.com/codespell-project/codespell,2020-06-16,2842.0,rank-3,499
Python,https://github.com/codespell-project/codespell,2020-06-17,2848.0,rank-3,499
Python,https://github.com/codespell-project/codespell,2020-06-18,2849.0,rank-3,499
Python,https://github.com/codespell-project/codespell,2020-06-19,2850.0,rank-3,499
Python,https://github.com/codespell-project/codespell,2020-06-20,2856.0,rank-3,499
Python,https://github.com/codespell-project/codespell,2020-06-21,2857.0,rank-3,499
Python,https://github.com/codespell-project/codespell,2020-06-22,2858.0,rank-3,499
Python,https://github.com/codespell-project/codespell,2020-06-24,2859.0,rank-3,499
Python,https://github.com/codespell-project/codespell,2020-06-30,2861.0,rank-3,499
Python,https://github.com/codespell-project/codespell,2020-07-01,2863.0,rank-3,500
Python,https://github.com/codespell-project/codespell,2020-07-02,2864.0,rank-3,500
Python,https://github.com/codespell-project/codespell,2020-07-03,2865.0,rank-3,500
Python,https://github.com/codespell-project/codespell,2020-07-06,2870.0,rank-3,500
Python,https://github.com/codespell-project/codespell,2020-07-07,2876.0,rank-3,500
Python,https://github.com/codespell-project/codespell,2020-07-08,2877.0,rank-3,500
Python,https://github.com/codespell-project/codespell,2020-07-09,2878.0,rank-3,500
Python,https://github.com/codespell-project/codespell,2020-07-10,2879.0,rank-3,500
Python,https://github.com/codespell-project/codespell,2020-07-13,2880.0,rank-3,500
Python,https://github.com/codespell-project/codespell,2020-07-15,2881.0,rank-3,500
Python,https://github.com/codespell-project/codespell,2020-07-16,2883.0,rank-3,500
Python,https://github.com/codespell-project/codespell,2020-07-18,2884.0,rank-3,500
Python,https://github.com/codespell-project/codespell,2020-07-20,2885.0,rank-3,500
Python,https://github.com/codespell-project/codespell,2020-07-21,2888.0,rank-3,500
Python,https://github.com/codespell-project/codespell,2020-07-22,2890.0,rank-3,500
Python,https://github.com/codespell-project/codespell,2020-07-23,2894.0,rank-3,500
Python,https://github.com/codespell-project/codespell,2020-07-24,2895.0,rank-3,500
Python,https://github.com/codespell-project/codespell,2020-07-27,2899.0,rank-3,500
Python,https://github.com/codespell-project/codespell,2020-07-28,2905.0,rank-3,500
Python,https://github.com/codespell-project/codespell,2020-07-29,2906.0,rank-3,500
Python,https://github.com/codespell-project/codespell,2020-07-30,2907.0,rank-3,500
Python,https://github.com/codespell-project/codespell,2020-07-31,2911.0,rank-3,500
Python,https://github.com/codespell-project/codespell,2020-08-01,2912.0,rank-3,500
Python,https://github.com/codespell-project/codespell,2020-08-03,2917.0,rank-3,500
Python,https://github.com/codespell-project/codespell,2020-08-04,2919.0,rank-3,500
Python,https://github.com/codespell-project/codespell,2020-08-05,2921.0,rank-3,500
Python,https://github.com/codespell-project/codespell,2020-08-06,2926.0,rank-3,500
Python,https://github.com/codespell-project/codespell,2020-08-07,2929.0,rank-3,500
Python,https://github.com/codespell-project/codespell,2020-08-08,2930.0,rank-3,500
Python,https://github.com/codespell-project/codespell,2020-08-10,2934.0,rank-3,500
Python,https://github.com/codespell-project/codespell,2020-08-11,2951.0,rank-3,500
Python,https://github.com/codespell-project/codespell,2020-08-12,2958.0,rank-3,500
Python,https://github.com/codespell-project/codespell,2020-08-13,2969.0,rank-3,500
Python,https://github.com/codespell-project/codespell,2020-08-14,2980.0,rank-3,500
Python,https://github.com/codespell-project/codespell,2020-08-15,2981.0,rank-3,500
Python,https://github.com/codespell-project/codespell,2020-08-16,2982.0,rank-3,500
Python,https://github.com/codespell-project/codespell,2020-08-17,2989.0,rank-3,500
Python,https://github.com/codespell-project/codespell,2020-08-18,3012.0,rank-3,500
Python,https://github.com/codespell-project/codespell,2020-08-19,3015.0,rank-3,500
Python,https://github.com/codespell-project/codespell,2020-08-21,3016.0,rank-3,500
Python,https://github.com/codespell-project/codespell,2020-08-24,3019.0,rank-3,500
Python,https://github.com/codespell-project/codespell,2020-08-26,3020.0,rank-3,500
Python,https://github.com/codespell-project/codespell,2020-08-27,3023.0,rank-3,500
Python,https://github.com/codespell-project/codespell,2020-08-28,3036.0,rank-3,500
Python,https://github.com/codespell-project/codespell,2020-08-29,3037.0,rank-3,500
Python,https://github.com/codespell-project/codespell,2020-08-30,3053.0,rank-3,500
Python,https://github.com/codespell-project/codespell,2020-08-31,3066.0,rank-3,500
Python,https://github.com/codespell-project/codespell,2020-09-01,3071.0,rank-3,500
Python,https://github.com/codespell-project/codespell,2020-09-02,3090.0,rank-3,500
Python,https://github.com/codespell-project/codespell,2020-09-03,3102.0,rank-3,500
Python,https://github.com/codespell-project/codespell,2020-09-04,3105.0,rank-3,500
Python,https://github.com/codespell-project/codespell,2020-09-05,3109.0,rank-3,500
Python,https://github.com/codespell-project/codespell,2020-09-08,3110.0,rank-3,500
Python,https://github.com/codespell-project/codespell,2020-09-13,3111.0,rank-3,500
Python,https://github.com/codespell-project/codespell,2020-09-14,3119.0,rank-3,500
Python,https://github.com/codespell-project/codespell,2020-09-21,3133.0,rank-3,500
Python,https://github.com/codespell-project/codespell,2020-09-22,3153.0,rank-3,500
Python,https://github.com/codespell-project/codespell,2020-09-23,3179.0,rank-3,500
Python,https://github.com/codespell-project/codespell,2020-09-24,3183.0,rank-3,500
Python,https://github.com/codespell-project/codespell,2020-09-26,3185.0,rank-3,500
Python,https://github.com/codespell-project/codespell,2020-09-27,3186.0,rank-3,500
Python,https://github.com/codespell-project/codespell,2020-09-28,3190.0,rank-3,500
Python,https://github.com/codespell-project/codespell,2020-10-01,3193.0,rank-3,500
Python,https://github.com/codespell-project/codespell,2020-10-02,3209.0,rank-3,500
Python,https://github.com/codespell-project/codespell,2020-10-03,3210.0,rank-3,500
Python,https://github.com/codespell-project/codespell,2020-10-07,3212.0,rank-3,500
Python,https://github.com/codespell-project/codespell,2020-10-12,3214.0,rank-3,500
Python,https://github.com/codespell-project/codespell,2020-10-13,3215.0,rank-3,500
Python,https://github.com/codespell-project/codespell,2020-10-14,3218.0,rank-3,500
Python,https://github.com/codespell-project/codespell,2020-10-17,3221.0,rank-3,500
Python,https://github.com/codespell-project/codespell,2020-10-20,3222.0,rank-3,501
Python,https://github.com/codespell-project/codespell,2020-10-21,3225.0,rank-3,501
Python,https://github.com/codespell-project/codespell,2020-10-22,3232.0,rank-3,501
Python,https://github.com/codespell-project/codespell,2020-10-23,3236.0,rank-3,501
Python,https://github.com/codespell-project/codespell,2020-10-24,3240.0,rank-3,501
Python,https://github.com/codespell-project/codespell,2020-10-27,3246.0,rank-3,501
Python,https://github.com/codespell-project/codespell,2020-10-28,3249.0,rank-3,501
Python,https://github.com/codespell-project/codespell,2020-10-29,3254.0,rank-3,501
Python,https://github.com/codespell-project/codespell,2020-11-03,3275.0,rank-3,501
Python,https://github.com/codespell-project/codespell,2020-11-04,3276.0,rank-3,501
Python,https://github.com/codespell-project/codespell,2020-11-05,3279.0,rank-3,501
Python,https://github.com/codespell-project/codespell,2020-11-06,3281.0,rank-3,501
Python,https://github.com/codespell-project/codespell,2020-11-09,3285.0,rank-3,501
Python,https://github.com/codespell-project/codespell,2020-11-18,3308.0,rank-3,502
Python,https://github.com/codespell-project/codespell,2020-11-19,3313.0,rank-3,502
Python,https://github.com/codespell-project/codespell,2020-11-20,3316.0,rank-3,502
Python,https://github.com/codespell-project/codespell,2020-11-23,3325.0,rank-3,502
Python,https://github.com/codespell-project/codespell,2020-11-24,3326.0,rank-3,502
Python,https://github.com/codespell-project/codespell,2020-11-30,3329.0,rank-3,502
Python,https://github.com/codespell-project/codespell,2020-12-01,3338.0,rank-3,504
Python,https://github.com/codespell-project/codespell,2020-12-02,3341.0,rank-3,504
Python,https://github.com/codespell-project/codespell,2020-12-04,3345.0,rank-3,504
Python,https://github.com/codespell-project/codespell,2020-12-08,3359.0,rank-3,504
Python,https://github.com/codespell-project/codespell,2020-12-09,3372.0,rank-3,504
Python,https://github.com/codespell-project/codespell,2020-12-10,3375.0,rank-3,504
Python,https://github.com/codespell-project/codespell,2020-12-11,3381.0,rank-3,504
Python,https://github.com/codespell-project/codespell,2020-12-14,3387.0,rank-3,504
Python,https://github.com/codespell-project/codespell,2020-12-15,3390.0,rank-3,504
Python,https://github.com/codespell-project/codespell,2020-12-18,3391.0,rank-3,504
Python,https://github.com/codespell-project/codespell,2020-12-19,3392.0,rank-3,504
Python,https://github.com/codespell-project/codespell,2020-12-21,3396.0,rank-3,504
Python,https://github.com/codespell-project/codespell,2020-12-23,3399.0,rank-3,504
Python,https://github.com/codespell-project/codespell,2020-12-26,3400.0,rank-3,504
Python,https://github.com/codespell-project/codespell,2020-12-28,3406.0,rank-3,504
Python,https://github.com/codespell-project/codespell,2020-12-29,3410.0,rank-3,504
Python,https://github.com/codespell-project/codespell,2020-12-30,3411.0,rank-3,504
Python,https://github.com/codespell-project/codespell,2020-12-31,3412.0,rank-3,504
Python,https://github.com/codespell-project/codespell,2021-01-01,3414.0,rank-3,504
Python,https://github.com/codespell-project/codespell,2021-01-02,3415.0,rank-3,504
Python,https://github.com/codespell-project/codespell,2021-01-03,3416.0,rank-3,504
Python,https://github.com/codespell-project/codespell,2021-01-04,3418.0,rank-3,504
Python,https://github.com/codespell-project/codespell,2021-01-06,3424.0,rank-3,504
Python,https://github.com/codespell-project/codespell,2021-01-09,3430.0,rank-3,504
Python,https://github.com/codespell-project/codespell,2021-01-10,3433.0,rank-3,504
Python,https://github.com/codespell-project/codespell,2021-01-11,3437.0,rank-3,504
Python,https://github.com/codespell-project/codespell,2021-01-14,3446.0,rank-3,504
Python,https://github.com/codespell-project/codespell,2021-01-15,3447.0,rank-3,504
Python,https://github.com/codespell-project/codespell,2021-01-18,3449.0,rank-3,504
Python,https://github.com/codespell-project/codespell,2021-01-19,3452.0,rank-3,504
Python,https://github.com/codespell-project/codespell,2021-01-20,3454.0,rank-3,504
Python,https://github.com/codespell-project/codespell,2021-01-21,3455.0,rank-3,504
Python,https://github.com/codespell-project/codespell,2021-01-22,3458.0,rank-3,504
Python,https://github.com/codespell-project/codespell,2021-01-23,3461.0,rank-3,504
Python,https://github.com/codespell-project/codespell,2021-01-24,3464.0,rank-3,504
Python,https://github.com/codespell-project/codespell,2021-01-29,3465.0,rank-3,504
Python,https://github.com/codespell-project/codespell,2021-01-30,3467.0,rank-3,504
Python,https://github.com/codespell-project/codespell,2021-02-02,3469.0,rank-3,504
Python,https://github.com/codespell-project/codespell,2021-02-04,3470.0,rank-3,504
Python,https://github.com/codespell-project/codespell,2021-02-05,3471.0,rank-3,504
Python,https://github.com/codespell-project/codespell,2021-02-06,3472.0,rank-3,504
Python,https://github.com/codespell-project/codespell,2021-02-08,3474.0,rank-3,504
Python,https://github.com/codespell-project/codespell,2021-02-11,3478.0,rank-3,504
Python,https://github.com/codespell-project/codespell,2021-02-12,3479.0,rank-3,504
Python,https://github.com/codespell-project/codespell,2021-02-19,3501.0,rank-3,504
Python,https://github.com/codespell-project/codespell,2021-02-20,3509.0,rank-3,504
Python,https://github.com/codespell-project/codespell,2021-02-23,3510.0,rank-3,504
Python,https://github.com/codespell-project/codespell,2021-02-24,3512.0,rank-3,504
Python,https://github.com/codespell-project/codespell,2021-02-25,3513.0,rank-3,504
Python,https://github.com/codespell-project/codespell,2021-02-27,3515.0,rank-3,504
Python,https://github.com/codespell-project/codespell,2021-02-28,3516.0,rank-3,504
Python,https://github.com/codespell-project/codespell,2021-03-01,3519.0,rank-3,504
Python,https://github.com/codespell-project/codespell,2021-03-06,3520.0,rank-3,504
Python,https://github.com/codespell-project/codespell,2021-03-15,3521.0,rank-3,504
Python,https://github.com/codespell-project/codespell,2021-03-22,3523.0,rank-3,504
Python,https://github.com/codespell-project/codespell,2021-03-24,3524.0,rank-3,504
Python,https://github.com/codespell-project/codespell,2021-03-25,3525.0,rank-3,504
Python,https://github.com/codespell-project/codespell,2021-03-26,3526.0,rank-3,504
Python,https://github.com/codespell-project/codespell,2021-03-31,3528.0,rank-3,504
Python,https://github.com/codespell-project/codespell,2021-04-05,3530.0,rank-3,504
Python,https://github.com/codespell-project/codespell,2021-04-06,3532.0,rank-3,504
Python,https://github.com/codespell-project/codespell,2021-04-07,3533.0,rank-3,504
Python,https://github.com/codespell-project/codespell,2021-04-11,3535.0,rank-3,504
Python,https://github.com/codespell-project/codespell,2021-04-14,3540.0,rank-3,504
Python,https://github.com/codespell-project/codespell,2021-04-15,3542.0,rank-3,504
Python,https://github.com/codespell-project/codespell,2021-04-16,3545.0,rank-3,504
Python,https://github.com/codespell-project/codespell,2021-04-20,3546.0,rank-3,504
Python,https://github.com/codespell-project/codespell,2021-04-26,3547.0,rank-3,504
Python,https://github.com/codespell-project/codespell,2021-05-04,3548.0,rank-3,504
Python,https://github.com/codespell-project/codespell,2021-05-07,3549.0,rank-3,504
Python,https://github.com/codespell-project/codespell,2021-05-08,3553.0,rank-3,504
Python,https://github.com/codespell-project/codespell,2021-05-20,3554.0,rank-3,504
Python,https://github.com/codespell-project/codespell,2021-05-28,3555.0,rank-3,504
Python,https://github.com/codespell-project/codespell,2021-06-01,3561.0,rank-3,504
Python,https://github.com/codespell-project/codespell,2021-06-02,3563.0,rank-3,504
Python,https://github.com/codespell-project/codespell,2021-06-10,3566.0,rank-3,504
Python,https://github.com/codespell-project/codespell,2021-06-11,3582.0,rank-3,504
Python,https://github.com/codespell-project/codespell,2021-06-12,3592.0,rank-3,504
Python,https://github.com/codespell-project/codespell,2021-06-13,3609.0,rank-3,504
Python,https://github.com/codespell-project/codespell,2021-06-14,3637.0,rank-3,504
Python,https://github.com/codespell-project/codespell,2021-06-15,3640.0,rank-3,504
Python,https://github.com/codespell-project/codespell,2021-06-16,3642.0,rank-3,504
Python,https://github.com/codespell-project/codespell,2021-06-17,3643.0,rank-3,504
Python,https://github.com/codespell-project/codespell,2021-06-18,3645.0,rank-3,504
Python,https://github.com/codespell-project/codespell,2021-06-20,3647.0,rank-3,504
Python,https://github.com/codespell-project/codespell,2021-06-22,3650.0,rank-3,504
Python,https://github.com/codespell-project/codespell,2021-06-24,3651.0,rank-3,504
Python,https://github.com/codespell-project/codespell,2021-06-29,3653.0,rank-3,504
Python,https://github.com/codespell-project/codespell,2021-07-02,3654.0,rank-3,504
Python,https://github.com/codespell-project/codespell,2021-07-05,3660.0,rank-3,504
Python,https://github.com/codespell-project/codespell,2021-07-08,3661.0,rank-3,504
Python,https://github.com/codespell-project/codespell,2021-07-14,3663.0,rank-3,504
Python,https://github.com/codespell-project/codespell,2021-07-15,3664.0,rank-3,504
Python,https://github.com/codespell-project/codespell,2021-07-16,3665.0,rank-3,504
Python,https://github.com/codespell-project/codespell,2021-07-17,3669.0,rank-3,504
Python,https://github.com/codespell-project/codespell,2021-07-18,3670.0,rank-3,504
Python,https://github.com/codespell-project/codespell,2021-07-20,3672.0,rank-3,504
Python,https://github.com/codespell-project/codespell,2021-07-21,3675.0,rank-3,504
Python,https://github.com/codespell-project/codespell,2021-07-23,3677.0,rank-3,504
Python,https://github.com/codespell-project/codespell,2021-07-26,3678.0,rank-3,504
Python,https://github.com/codespell-project/codespell,2021-07-27,3681.0,rank-3,504
Python,https://github.com/codespell-project/codespell,2021-07-29,3682.0,rank-3,504
Python,https://github.com/codespell-project/codespell,2021-08-01,3684.0,rank-3,504
Python,https://github.com/codespell-project/codespell,2021-08-02,3685.0,rank-3,504
Python,https://github.com/codespell-project/codespell,2021-08-03,3687.0,rank-3,504
Python,https://github.com/codespell-project/codespell,2021-08-04,3688.0,rank-3,504
Python,https://github.com/codespell-project/codespell,2021-08-08,3689.0,rank-3,504
Python,https://github.com/codespell-project/codespell,2021-08-09,3690.0,rank-3,504
Python,https://github.com/codespell-project/codespell,2021-08-12,3691.0,rank-3,504
Python,https://github.com/codespell-project/codespell,2021-08-20,3692.0,rank-3,504
Python,https://github.com/codespell-project/codespell,2021-08-22,3700.0,rank-3,504
Python,https://github.com/codespell-project/codespell,2021-08-25,3703.0,rank-3,504
Python,https://github.com/codespell-project/codespell,2021-08-27,3707.0,rank-3,504
Python,https://github.com/codespell-project/codespell,2021-08-28,3708.0,rank-3,504
Python,https://github.com/codespell-project/codespell,2021-08-30,3711.0,rank-3,504
Python,https://github.com/codespell-project/codespell,2021-08-31,3712.0,rank-3,504
Python,https://github.com/codespell-project/codespell,2021-09-01,3713.0,rank-3,504
Python,https://github.com/codespell-project/codespell,2021-09-03,3715.0,rank-3,504
Python,https://github.com/codespell-project/codespell,2021-09-07,3716.0,rank-3,504
Python,https://github.com/codespell-project/codespell,2021-09-09,3718.0,rank-3,504
Python,https://github.com/codespell-project/codespell,2021-09-10,3719.0,rank-3,504
Python,https://github.com/codespell-project/codespell,2021-09-13,3721.0,rank-3,504
Python,https://github.com/codespell-project/codespell,2021-09-14,3722.0,rank-3,504
Python,https://github.com/codespell-project/codespell,2021-09-15,3723.0,rank-3,504
Python,https://github.com/codespell-project/codespell,2021-09-16,3725.0,rank-3,504
Python,https://github.com/codespell-project/codespell,2021-09-21,3728.0,rank-3,504
Python,https://github.com/codespell-project/codespell,2021-09-22,3732.0,rank-3,504
Python,https://github.com/codespell-project/codespell,2021-09-23,3738.0,rank-3,504
Python,https://github.com/codespell-project/codespell,2021-09-29,3740.0,rank-3,504
Python,https://github.com/codespell-project/codespell,2021-09-30,3741.0,rank-3,504
Python,https://github.com/codespell-project/codespell,2021-10-04,3742.0,rank-3,504
Python,https://github.com/codespell-project/codespell,2021-10-05,3744.0,rank-3,504
Python,https://github.com/codespell-project/codespell,2021-10-06,3745.0,rank-3,504
Python,https://github.com/codespell-project/codespell,2021-10-07,3747.0,rank-3,504
Python,https://github.com/codespell-project/codespell,2021-10-10,3752.0,rank-3,504
Python,https://github.com/codespell-project/codespell,2021-10-11,3756.0,rank-3,504
Python,https://github.com/codespell-project/codespell,2021-10-12,3758.0,rank-3,504
Python,https://github.com/codespell-project/codespell,2021-10-15,3761.0,rank-3,504
Python,https://github.com/codespell-project/codespell,2021-10-16,3762.0,rank-3,504
Python,https://github.com/codespell-project/codespell,2021-10-18,3763.0,rank-3,504
Python,https://github.com/codespell-project/codespell,2021-10-21,3771.0,rank-3,504
Python,https://github.com/codespell-project/codespell,2021-10-22,3773.0,rank-3,504
Python,https://github.com/codespell-project/codespell,2021-10-23,3774.0,rank-3,504
Python,https://github.com/codespell-project/codespell,2021-10-24,3775.0,rank-3,504
Python,https://github.com/codespell-project/codespell,2021-10-25,3781.0,rank-3,504
Python,https://github.com/codespell-project/codespell,2021-10-26,3783.0,rank-3,504
Python,https://github.com/codespell-project/codespell,2021-10-27,3786.0,rank-3,504
Python,https://github.com/codespell-project/codespell,2021-10-29,3787.0,rank-3,504
Python,https://github.com/codespell-project/codespell,2021-10-30,3790.0,rank-3,504
Python,https://github.com/codespell-project/codespell,2021-10-31,3791.0,rank-3,504
Python,https://github.com/codespell-project/codespell,2021-11-01,3795.0,rank-3,504
Python,https://github.com/codespell-project/codespell,2021-11-02,3797.0,rank-3,504
Python,https://github.com/codespell-project/codespell,2021-11-03,3799.0,rank-3,504
Python,https://github.com/codespell-project/codespell,2021-11-04,3800.0,rank-3,504
Python,https://github.com/codespell-project/codespell,2021-11-10,3806.0,rank-3,504
Python,https://github.com/codespell-project/codespell,2021-11-11,3816.0,rank-3,504
Python,https://github.com/codespell-project/codespell,2021-11-12,3820.0,rank-3,504
Python,https://github.com/codespell-project/codespell,2021-11-13,3827.0,rank-3,504
Python,https://github.com/codespell-project/codespell,2021-11-16,3837.0,rank-3,504
Python,https://github.com/codespell-project/codespell,2021-11-17,3838.0,rank-3,504
Python,https://github.com/codespell-project/codespell,2021-11-18,3842.0,rank-3,504
Python,https://github.com/codespell-project/codespell,2021-11-22,3844.0,rank-3,504
Python,https://github.com/codespell-project/codespell,2021-11-23,3845.0,rank-3,504
Python,https://github.com/codespell-project/codespell,2021-11-24,3848.0,rank-3,504
Python,https://github.com/codespell-project/codespell,2021-11-27,3858.0,rank-3,504
Python,https://github.com/codespell-project/codespell,2021-11-29,3859.0,rank-3,504
Python,https://github.com/codespell-project/codespell,2021-11-30,3860.0,rank-3,504
Python,https://github.com/codespell-project/codespell,2021-12-01,3861.0,rank-3,504
Python,https://github.com/codespell-project/codespell,2021-12-02,3868.0,rank-3,504
Python,https://github.com/codespell-project/codespell,2021-12-03,3873.0,rank-3,504
Python,https://github.com/codespell-project/codespell,2021-12-04,3882.0,rank-3,504
Python,https://github.com/codespell-project/codespell,2021-12-05,3884.0,rank-3,504
Python,https://github.com/codespell-project/codespell,2021-12-06,3886.0,rank-3,504
Python,https://github.com/codespell-project/codespell,2021-12-10,3890.0,rank-3,504
Python,https://github.com/codespell-project/codespell,2021-12-16,3891.0,rank-3,504
Python,https://github.com/codespell-project/codespell,2021-12-17,3892.0,rank-3,504
Python,https://github.com/codespell-project/codespell,2021-12-20,3893.0,rank-3,504
Python,https://github.com/codespell-project/codespell,2021-12-21,3895.0,rank-3,504
Python,https://github.com/codespell-project/codespell,2021-12-22,3898.0,rank-3,504
Python,https://github.com/codespell-project/codespell,2021-12-23,3899.0,rank-3,504
Python,https://github.com/codespell-project/codespell,2021-12-24,3904.0,rank-3,504
Python,https://github.com/codespell-project/codespell,2021-12-26,3907.0,rank-3,504
Python,https://github.com/codespell-project/codespell,2021-12-27,3908.0,rank-3,504
Python,https://github.com/codespell-project/codespell,2021-12-29,3915.0,rank-3,504
Python,https://github.com/codespell-project/codespell,2021-12-30,3917.0,rank-3,504
Python,https://github.com/codespell-project/codespell,2022-01-01,3919.0,rank-3,504
Python,https://github.com/codespell-project/codespell,2022-01-02,3923.0,rank-3,504
Python,https://github.com/codespell-project/codespell,2022-01-03,3928.0,rank-3,504
Python,https://github.com/codespell-project/codespell,2022-01-07,3929.0,rank-3,504
Python,https://github.com/codespell-project/codespell,2022-01-08,3930.0,rank-3,504
Python,https://github.com/codespell-project/codespell,2022-01-10,3932.0,rank-3,504
Python,https://github.com/codespell-project/codespell,2022-01-12,3934.0,rank-3,504
Python,https://github.com/codespell-project/codespell,2022-01-13,3936.0,rank-3,504
Python,https://github.com/codespell-project/codespell,2022-01-14,3938.0,rank-3,504
Python,https://github.com/codespell-project/codespell,2022-01-15,3940.0,rank-3,504
Python,https://github.com/codespell-project/codespell,2022-01-16,3941.0,rank-3,504
Python,https://github.com/codespell-project/codespell,2022-01-17,3942.0,rank-3,504
Python,https://github.com/codespell-project/codespell,2022-01-18,3943.0,rank-3,504
Python,https://github.com/codespell-project/codespell,2022-01-19,3947.0,rank-3,504
Python,https://github.com/codespell-project/codespell,2022-01-20,3950.0,rank-3,504
Python,https://github.com/codespell-project/codespell,2022-01-21,3952.0,rank-3,504
Python,https://github.com/codespell-project/codespell,2022-01-24,3954.0,rank-3,504
Python,https://github.com/codespell-project/codespell,2022-01-25,3955.0,rank-3,504
Python,https://github.com/codespell-project/codespell,2022-01-26,3959.0,rank-3,504
Python,https://github.com/codespell-project/codespell,2022-01-27,3965.0,rank-3,504
Python,https://github.com/codespell-project/codespell,2022-01-28,3966.0,rank-3,504
Python,https://github.com/codespell-project/codespell,2022-01-29,3967.0,rank-3,504
Python,https://github.com/codespell-project/codespell,2022-01-30,3968.0,rank-3,504
Python,https://github.com/codespell-project/codespell,2022-02-01,3972.0,rank-3,504
Python,https://github.com/codespell-project/codespell,2022-02-02,3975.0,rank-3,504
Python,https://github.com/codespell-project/codespell,2022-02-03,3977.0,rank-3,504
Python,https://github.com/codespell-project/codespell,2022-02-04,3978.0,rank-3,504
Python,https://github.com/codespell-project/codespell,2022-02-05,3985.0,rank-3,504
Python,https://github.com/codespell-project/codespell,2022-02-06,3987.0,rank-3,504
Python,https://github.com/codespell-project/codespell,2022-02-07,3991.0,rank-3,504
Python,https://github.com/codespell-project/codespell,2022-02-08,3992.0,rank-3,504
Python,https://github.com/codespell-project/codespell,2022-02-09,3994.0,rank-3,504
Python,https://github.com/codespell-project/codespell,2022-02-10,3995.0,rank-3,504
Python,https://github.com/codespell-project/codespell,2022-02-13,3996.0,rank-3,504
Python,https://github.com/codespell-project/codespell,2022-02-14,4002.0,rank-3,504
Python,https://github.com/codespell-project/codespell,2022-02-15,4003.0,rank-3,504
Python,https://github.com/codespell-project/codespell,2022-02-16,4008.0,rank-3,504
Python,https://github.com/codespell-project/codespell,2022-02-17,4009.0,rank-3,504
Python,https://github.com/codespell-project/codespell,2022-02-18,4011.0,rank-3,504
Python,https://github.com/codespell-project/codespell,2022-02-21,4014.0,rank-3,504
Python,https://github.com/codespell-project/codespell,2022-02-23,4019.0,rank-3,504
Python,https://github.com/codespell-project/codespell,2022-02-24,4021.0,rank-3,504
Python,https://github.com/codespell-project/codespell,2022-02-25,4025.0,rank-3,504
Python,https://github.com/codespell-project/codespell,2022-02-26,4026.0,rank-3,504
Python,https://github.com/codespell-project/codespell,2022-02-27,4028.0,rank-3,504
Python,https://github.com/codespell-project/codespell,2022-02-28,4029.0,rank-3,504
Python,https://github.com/codespell-project/codespell,2022-03-01,4031.0,rank-3,504
Python,https://github.com/codespell-project/codespell,2022-03-02,4035.0,rank-3,504
Python,https://github.com/codespell-project/codespell,2022-03-03,4037.0,rank-3,504
Python,https://github.com/codespell-project/codespell,2022-03-04,4039.0,rank-3,504
Python,https://github.com/codespell-project/codespell,2022-03-07,4040.0,rank-3,504
Python,https://github.com/codespell-project/codespell,2022-03-10,4041.0,rank-3,504
Python,https://github.com/codespell-project/codespell,2022-03-14,4043.0,rank-3,504
Python,https://github.com/codespell-project/codespell,2022-03-15,4044.0,rank-3,504
Python,https://github.com/codespell-project/codespell,2022-03-16,4046.0,rank-3,504
Python,https://github.com/codespell-project/codespell,2022-03-17,4047.0,rank-3,504
Python,https://github.com/codespell-project/codespell,2022-03-18,4048.0,rank-3,504
Python,https://github.com/codespell-project/codespell,2022-03-20,4051.0,rank-3,504
Python,https://github.com/codespell-project/codespell,2022-03-21,4058.0,rank-3,504
Python,https://github.com/codespell-project/codespell,2022-03-23,4059.0,rank-3,504
Python,https://github.com/codespell-project/codespell,2022-03-25,4060.0,rank-3,504
Python,https://github.com/codespell-project/codespell,2022-03-26,4063.0,rank-3,504
Python,https://github.com/codespell-project/codespell,2022-03-28,4064.0,rank-3,504
Python,https://github.com/codespell-project/codespell,2022-03-30,4065.0,rank-3,504
Python,https://github.com/codespell-project/codespell,2022-04-02,4067.0,rank-3,504
Python,https://github.com/codespell-project/codespell,2022-04-04,4069.0,rank-3,504
Python,https://github.com/codespell-project/codespell,2022-04-05,4070.0,rank-3,504
Python,https://github.com/codespell-project/codespell,2022-04-08,4071.0,rank-3,504
Python,https://github.com/codespell-project/codespell,2022-04-12,4072.0,rank-3,504
Python,https://github.com/codespell-project/codespell,2022-04-14,4074.0,rank-3,504
Python,https://github.com/codespell-project/codespell,2022-04-18,4076.0,rank-3,504
Python,https://github.com/codespell-project/codespell,2022-04-24,4084.0,rank-3,504
Python,https://github.com/codespell-project/codespell,2022-04-26,4085.0,rank-3,504
Python,https://github.com/codespell-project/codespell,2022-04-29,4089.0,rank-3,504
Python,https://github.com/codespell-project/codespell,2022-04-30,4091.0,rank-3,504
Python,https://github.com/codespell-project/codespell,2022-05-04,4092.0,rank-3,504
Python,https://github.com/codespell-project/codespell,2022-05-05,4093.0,rank-3,504
Python,https://github.com/codespell-project/codespell,2022-05-06,4096.0,rank-3,504
Python,https://github.com/codespell-project/codespell,2022-05-08,4099.0,rank-3,504
Python,https://github.com/codespell-project/codespell,2022-05-10,4101.0,rank-3,504
Python,https://github.com/codespell-project/codespell,2022-05-24,4102.0,rank-3,504
Python,https://github.com/codespell-project/codespell,2022-05-26,4103.0,rank-3,504
Python,https://github.com/codespell-project/codespell,2022-06-03,4104.0,rank-3,504
Python,https://github.com/codespell-project/codespell,2022-06-06,4108.0,rank-3,504
Python,https://github.com/codespell-project/codespell,2022-06-09,4118.0,rank-3,504
Python,https://github.com/codespell-project/codespell,2022-06-10,4119.0,rank-3,504
Python,https://github.com/codespell-project/codespell,2022-06-12,4121.0,rank-3,504
Python,https://github.com/codespell-project/codespell,2022-06-13,4124.0,rank-3,504
Python,https://github.com/codespell-project/codespell,2022-06-14,4126.0,rank-3,504
Python,https://github.com/codespell-project/codespell,2022-06-16,4127.0,rank-3,504
Python,https://github.com/codespell-project/codespell,2022-06-17,4128.0,rank-3,504
Python,https://github.com/codespell-project/codespell,2022-06-22,4130.0,rank-3,504
Python,https://github.com/codespell-project/codespell,2022-06-23,4135.0,rank-3,504
Python,https://github.com/codespell-project/codespell,2022-06-25,4138.0,rank-3,504
Python,https://github.com/codespell-project/codespell,2022-06-26,4140.0,rank-3,504
Python,https://github.com/codespell-project/codespell,2022-06-27,4142.0,rank-3,504
Python,https://github.com/codespell-project/codespell,2022-07-01,4143.0,rank-3,504
Python,https://github.com/codespell-project/codespell,2022-07-04,4146.0,rank-3,504
Python,https://github.com/codespell-project/codespell,2022-07-05,4148.0,rank-3,504
Python,https://github.com/codespell-project/codespell,2022-07-07,4149.0,rank-3,504
Python,https://github.com/codespell-project/codespell,2022-07-09,4154.0,rank-3,504
Python,https://github.com/codespell-project/codespell,2022-07-10,4156.0,rank-3,504
Python,https://github.com/codespell-project/codespell,2022-07-12,4158.0,rank-3,504
Python,https://github.com/codespell-project/codespell,2022-07-13,4159.0,rank-3,504
Python,https://github.com/codespell-project/codespell,2022-07-14,4161.0,rank-3,504
Python,https://github.com/codespell-project/codespell,2022-07-17,4163.0,rank-3,504
Python,https://github.com/codespell-project/codespell,2022-07-19,4167.0,rank-3,504
Python,https://github.com/codespell-project/codespell,2022-07-20,4170.0,rank-3,504
Python,https://github.com/codespell-project/codespell,2022-07-21,4171.0,rank-3,504
Python,https://github.com/codespell-project/codespell,2022-07-23,4172.0,rank-3,504
Python,https://github.com/codespell-project/codespell,2022-07-28,4174.0,rank-3,504
Python,https://github.com/codespell-project/codespell,2022-07-29,4175.0,rank-3,504
Python,https://github.com/codespell-project/codespell,2022-07-30,4176.0,rank-3,504
Python,https://github.com/codespell-project/codespell,2022-07-31,4177.0,rank-3,504
Python,https://github.com/codespell-project/codespell,2022-08-01,4180.0,rank-3,504
Python,https://github.com/codespell-project/codespell,2022-08-02,4182.0,rank-3,504
Python,https://github.com/codespell-project/codespell,2022-08-03,4188.0,rank-3,504
Python,https://github.com/codespell-project/codespell,2022-08-04,4194.0,rank-3,504
Python,https://github.com/codespell-project/codespell,2022-08-09,4198.0,rank-3,504
Python,https://github.com/codespell-project/codespell,2022-08-10,4203.0,rank-3,504
Python,https://github.com/codespell-project/codespell,2022-08-13,4204.0,rank-3,504
Python,https://github.com/codespell-project/codespell,2022-08-16,4205.0,rank-3,504
Python,https://github.com/codespell-project/codespell,2022-08-17,4209.0,rank-3,504
Python,https://github.com/codespell-project/codespell,2022-08-18,4214.0,rank-3,504
Python,https://github.com/codespell-project/codespell,2022-08-19,4220.0,rank-3,504
Python,https://github.com/codespell-project/codespell,2022-08-20,4222.0,rank-3,504
Python,https://github.com/codespell-project/codespell,2022-08-21,4223.0,rank-3,504
Python,https://github.com/codespell-project/codespell,2022-08-23,4225.0,rank-3,504
Python,https://github.com/codespell-project/codespell,2022-08-24,4228.0,rank-3,504
Python,https://github.com/codespell-project/codespell,2022-08-25,4229.0,rank-3,504
Python,https://github.com/codespell-project/codespell,2022-08-26,4230.0,rank-3,504
Python,https://github.com/codespell-project/codespell,2022-08-27,4233.0,rank-3,504
Python,https://github.com/codespell-project/codespell,2022-08-29,4236.0,rank-3,504
Python,https://github.com/codespell-project/codespell,2022-08-30,4237.0,rank-3,504
Python,https://github.com/codespell-project/codespell,2022-08-31,4239.0,rank-3,504
Python,https://github.com/codespell-project/codespell,2022-09-01,4241.0,rank-3,504
Python,https://github.com/codespell-project/codespell,2022-09-04,4242.0,rank-3,504
Python,https://github.com/codespell-project/codespell,2022-09-06,4243.0,rank-3,504
Python,https://github.com/codespell-project/codespell,2022-09-07,4245.0,rank-3,504
Python,https://github.com/codespell-project/codespell,2022-09-08,4246.0,rank-3,504
Python,https://github.com/codespell-project/codespell,2022-09-10,4247.0,rank-3,504
Python,https://github.com/codespell-project/codespell,2022-09-11,4252.0,rank-3,504
Python,https://github.com/codespell-project/codespell,2022-09-12,4253.0,rank-3,504
Python,https://github.com/codespell-project/codespell,2022-09-14,4254.0,rank-3,504
Python,https://github.com/codespell-project/codespell,2022-09-16,4255.0,rank-3,504
Python,https://github.com/codespell-project/codespell,2022-09-18,4256.0,rank-3,504
Python,https://github.com/codespell-project/codespell,2022-09-25,4257.0,rank-3,504
Python,https://github.com/codespell-project/codespell,2022-09-26,4261.0,rank-3,504
Python,https://github.com/codespell-project/codespell,2022-10-03,4264.0,rank-3,504
Python,https://github.com/codespell-project/codespell,2022-10-04,4267.0,rank-3,504
Python,https://github.com/codespell-project/codespell,2022-10-05,4277.0,rank-3,504
Python,https://github.com/codespell-project/codespell,2022-10-06,4280.0,rank-3,504
Python,https://github.com/codespell-project/codespell,2022-10-08,4281.0,rank-3,504
Python,https://github.com/codespell-project/codespell,2022-10-11,4286.0,rank-3,504
Python,https://github.com/codespell-project/codespell,2022-10-12,4288.0,rank-3,504
Python,https://github.com/codespell-project/codespell,2022-10-14,4295.0,rank-3,504
Python,https://github.com/codespell-project/codespell,2022-10-16,4296.0,rank-3,504
Python,https://github.com/codespell-project/codespell,2022-10-17,4305.0,rank-3,504
Python,https://github.com/codespell-project/codespell,2022-10-18,4309.0,rank-3,504
Python,https://github.com/codespell-project/codespell,2022-10-19,4317.0,rank-3,504
Python,https://github.com/codespell-project/codespell,2022-10-20,4320.0,rank-3,504
Python,https://github.com/codespell-project/codespell,2022-10-21,4321.0,rank-3,504
Python,https://github.com/codespell-project/codespell,2022-10-23,4329.0,rank-3,504
Python,https://github.com/codespell-project/codespell,2022-10-24,4331.0,rank-3,504
Python,https://github.com/codespell-project/codespell,2022-10-25,4332.0,rank-3,504
Python,https://github.com/codespell-project/codespell,2022-10-26,4333.0,rank-3,504
Python,https://github.com/codespell-project/codespell,2022-10-27,4334.0,rank-3,504
Python,https://github.com/codespell-project/codespell,2022-10-28,4335.0,rank-3,504
Python,https://github.com/codespell-project/codespell,2022-10-29,4338.0,rank-3,504
Python,https://github.com/codespell-project/codespell,2022-10-30,4343.0,rank-3,504
Python,https://github.com/codespell-project/codespell,2022-10-31,4358.0,rank-3,504
Python,https://github.com/codespell-project/codespell,2022-11-02,4366.0,rank-3,504
Python,https://github.com/codespell-project/codespell,2022-11-03,4367.0,rank-3,504
Python,https://github.com/codespell-project/codespell,2022-11-04,4368.0,rank-3,504
Python,https://github.com/codespell-project/codespell,2022-11-06,4372.0,rank-3,504
Python,https://github.com/codespell-project/codespell,2022-11-07,4377.0,rank-3,504
Python,https://github.com/codespell-project/codespell,2022-11-08,4378.0,rank-3,504
Python,https://github.com/codespell-project/codespell,2022-11-11,4379.0,rank-3,504
Python,https://github.com/codespell-project/codespell,2022-11-13,4380.0,rank-3,504
Python,https://github.com/codespell-project/codespell,2022-11-15,4381.0,rank-3,504
Python,https://github.com/codespell-project/codespell,2022-11-16,4382.0,rank-3,504
Python,https://github.com/codespell-project/codespell,2022-11-17,4388.0,rank-3,504
Python,https://github.com/codespell-project/codespell,2022-11-18,4390.0,rank-3,504
Python,https://github.com/codespell-project/codespell,2022-11-19,4398.0,rank-3,504
Python,https://github.com/codespell-project/codespell,2022-11-20,4401.0,rank-3,504
Python,https://github.com/codespell-project/codespell,2022-11-21,4402.0,rank-3,504
Python,https://github.com/codespell-project/codespell,2022-11-23,4403.0,rank-3,504
Python,https://github.com/codespell-project/codespell,2022-11-25,4405.0,rank-3,504
Python,https://github.com/codespell-project/codespell,2022-11-26,4406.0,rank-3,504
Python,https://github.com/codespell-project/codespell,2022-11-27,4407.0,rank-3,504
Python,https://github.com/codespell-project/codespell,2022-11-28,4410.0,rank-3,504
Python,https://github.com/codespell-project/codespell,2022-11-29,4412.0,rank-3,504
Python,https://github.com/codespell-project/codespell,2022-12-01,4413.0,rank-3,504
Python,https://github.com/codespell-project/codespell,2022-12-05,4414.0,rank-3,504
Python,https://github.com/codespell-project/codespell,2022-12-06,4419.0,rank-3,504
Python,https://github.com/codespell-project/codespell,2022-12-07,4421.0,rank-3,504
Python,https://github.com/codespell-project/codespell,2022-12-09,4425.0,rank-3,504
Python,https://github.com/codespell-project/codespell,2022-12-12,4428.0,rank-3,504
Python,https://github.com/codespell-project/codespell,2022-12-16,4432.0,rank-3,504
Python,https://github.com/codespell-project/codespell,2022-12-17,4434.0,rank-3,504
Python,https://github.com/codespell-project/codespell,2022-12-18,4435.0,rank-3,504
Python,https://github.com/codespell-project/codespell,2022-12-22,4436.0,rank-3,504
Python,https://github.com/codespell-project/codespell,2022-12-23,4440.0,rank-3,504
Python,https://github.com/codespell-project/codespell,2022-12-24,4441.0,rank-3,504
Python,https://github.com/codespell-project/codespell,2022-12-26,4465.0,rank-3,504
Python,https://github.com/codespell-project/codespell,2022-12-27,4470.0,rank-3,504
Python,https://github.com/codespell-project/codespell,2022-12-28,4483.0,rank-3,504
Python,https://github.com/codespell-project/codespell,2022-12-29,4494.0,rank-3,504
Python,https://github.com/codespell-project/codespell,2023-01-01,4495.0,rank-3,504
Python,https://github.com/codespell-project/codespell,2023-01-02,4500.0,rank-3,504
Python,https://github.com/codespell-project/codespell,2023-01-03,4507.0,rank-3,504
Python,https://github.com/codespell-project/codespell,2023-01-04,4511.0,rank-3,504
Python,https://github.com/codespell-project/codespell,2023-01-05,4513.0,rank-3,504
Python,https://github.com/codespell-project/codespell,2023-01-06,4514.0,rank-3,504
Python,https://github.com/codespell-project/codespell,2023-01-07,4515.0,rank-3,504
Python,https://github.com/codespell-project/codespell,2023-01-12,4518.0,rank-3,504
Python,https://github.com/codespell-project/codespell,2023-01-13,4521.0,rank-3,504
Python,https://github.com/codespell-project/codespell,2023-01-15,4522.0,rank-3,504
Python,https://github.com/codespell-project/codespell,2023-01-17,4523.0,rank-3,504
Python,https://github.com/codespell-project/codespell,2023-01-18,4525.0,rank-3,504
Python,https://github.com/codespell-project/codespell,2023-01-25,4527.0,rank-3,504
Python,https://github.com/codespell-project/codespell,2023-01-26,4528.0,rank-3,504
Python,https://github.com/codespell-project/codespell,2023-02-01,4531.0,rank-3,504
Python,https://github.com/codespell-project/codespell,2023-02-04,4532.0,rank-3,504
Python,https://github.com/codespell-project/codespell,2023-02-05,4533.0,rank-3,504
Python,https://github.com/codespell-project/codespell,2023-02-08,4535.0,rank-3,504
Python,https://github.com/codespell-project/codespell,2023-02-10,4537.0,rank-3,504
Python,https://github.com/codespell-project/codespell,2023-02-11,4542.0,rank-3,504
Python,https://github.com/codespell-project/codespell,2023-02-12,4543.0,rank-3,504
Python,https://github.com/codespell-project/codespell,2023-02-14,4547.0,rank-3,504
Python,https://github.com/codespell-project/codespell,2023-02-18,4552.0,rank-3,504
Python,https://github.com/codespell-project/codespell,2023-02-19,4554.0,rank-3,504
Python,https://github.com/codespell-project/codespell,2023-02-20,4557.0,rank-3,504
Python,https://github.com/codespell-project/codespell,2023-02-22,4558.0,rank-3,504
Python,https://github.com/codespell-project/codespell,2023-02-23,4559.0,rank-3,504
Python,https://github.com/codespell-project/codespell,2023-02-28,4560.0,rank-3,504
Python,https://github.com/codespell-project/codespell,2023-03-01,4563.0,rank-3,504
Python,https://github.com/codespell-project/codespell,2023-03-03,4564.0,rank-3,504
Python,https://github.com/codespell-project/codespell,2023-03-06,4565.0,rank-3,504
Python,https://github.com/codespell-project/codespell,2023-03-07,4567.0,rank-3,504
Python,https://github.com/codespell-project/codespell,2023-03-08,4569.0,rank-3,504
Python,https://github.com/codespell-project/codespell,2023-03-09,4571.0,rank-3,504
Python,https://github.com/codespell-project/codespell,2023-03-10,4576.0,rank-3,504
Python,https://github.com/codespell-project/codespell,2023-03-11,4577.0,rank-3,504
Python,https://github.com/codespell-project/codespell,2023-03-12,4579.0,rank-3,504
Python,https://github.com/codespell-project/codespell,2023-03-13,4580.0,rank-3,504
Python,https://github.com/codespell-project/codespell,2023-03-14,4584.0,rank-3,504
Python,https://github.com/codespell-project/codespell,2023-03-15,4586.0,rank-3,504
Python,https://github.com/codespell-project/codespell,2023-03-18,4588.0,rank-3,504
Python,https://github.com/codespell-project/codespell,2023-03-20,4590.0,rank-3,504
Python,https://github.com/codespell-project/codespell,2023-03-21,4591.0,rank-3,504
Python,https://github.com/codespell-project/codespell,2023-03-22,4592.0,rank-3,504
Python,https://github.com/codespell-project/codespell,2023-03-24,4593.0,rank-3,504
Python,https://github.com/codespell-project/codespell,2023-03-25,4594.0,rank-3,504
Python,https://github.com/codespell-project/codespell,2023-03-27,4595.0,rank-3,504
Python,https://github.com/codespell-project/codespell,2023-03-28,4597.0,rank-3,504
Python,https://github.com/codespell-project/codespell,2023-03-29,4600.0,rank-3,504
Python,https://github.com/codespell-project/codespell,2023-03-30,4605.0,rank-3,504
Python,https://github.com/codespell-project/codespell,2023-03-31,4606.0,rank-3,504
Python,https://github.com/codespell-project/codespell,2023-04-02,4607.0,rank-3,504
Python,https://github.com/codespell-project/codespell,2023-04-16,4608.0,rank-3,504
Python,https://github.com/codespell-project/codespell,2023-04-17,4610.0,rank-3,504
Python,https://github.com/codespell-project/codespell,2023-04-18,4611.0,rank-3,504
Python,https://github.com/codespell-project/codespell,2023-04-19,4612.0,rank-3,504
Python,https://github.com/codespell-project/codespell,2023-04-21,4616.0,rank-3,504
Python,https://github.com/codespell-project/codespell,2023-04-23,4617.0,rank-3,504
Python,https://github.com/codespell-project/codespell,2023-04-24,4618.0,rank-3,504
Python,https://github.com/codespell-project/codespell,2023-04-26,4620.0,rank-3,504
Python,https://github.com/codespell-project/codespell,2023-04-27,4628.0,rank-3,504
Python,https://github.com/codespell-project/codespell,2023-04-28,4629.0,rank-3,504
Python,https://github.com/codespell-project/codespell,2023-05-01,4630.0,rank-3,504
Python,https://github.com/codespell-project/codespell,2023-05-02,4631.0,rank-3,504
Python,https://github.com/codespell-project/codespell,2023-05-07,4632.0,rank-3,504
Python,https://github.com/codespell-project/codespell,2023-05-09,4635.0,rank-3,504
Python,https://github.com/codespell-project/codespell,2023-05-11,4638.0,rank-3,504
Python,https://github.com/codespell-project/codespell,2023-05-17,4641.0,rank-3,504
Python,https://github.com/codespell-project/codespell,2023-05-19,4642.0,rank-3,504
Python,https://github.com/codespell-project/codespell,2023-05-23,4643.0,rank-3,504
Python,https://github.com/codespell-project/codespell,2023-05-25,4644.0,rank-3,504
Python,https://github.com/codespell-project/codespell,2023-05-30,4645.0,rank-3,504
Python,https://github.com/codespell-project/codespell,2023-06-05,4647.0,rank-3,504
Python,https://github.com/codespell-project/codespell,2023-06-06,4648.0,rank-3,504
Python,https://github.com/codespell-project/codespell,2023-06-08,4649.0,rank-3,504
Python,https://github.com/codespell-project/codespell,2023-06-10,4650.0,rank-3,504
Python,https://github.com/codespell-project/codespell,2023-06-11,4652.0,rank-3,504
Python,https://github.com/codespell-project/codespell,2023-06-14,4655.0,rank-3,504
Python,https://github.com/codespell-project/codespell,2023-06-15,4656.0,rank-3,504
Python,https://github.com/codespell-project/codespell,2023-06-18,4660.0,rank-3,504
Python,https://github.com/codespell-project/codespell,2023-06-19,4663.0,rank-3,504
Python,https://github.com/codespell-project/codespell,2023-06-20,4667.0,rank-3,504
Python,https://github.com/codespell-project/codespell,2023-06-21,4668.0,rank-3,504
Python,https://github.com/codespell-project/codespell,2023-06-22,4672.0,rank-3,504
Python,https://github.com/codespell-project/codespell,2023-06-23,4673.0,rank-3,504
Python,https://github.com/codespell-project/codespell,2023-06-24,4674.0,rank-3,504
Python,https://github.com/codespell-project/codespell,2023-06-26,4678.0,rank-3,504
Python,https://github.com/codespell-project/codespell,2023-06-27,4680.0,rank-3,504
Python,https://github.com/codespell-project/codespell,2023-06-28,4683.0,rank-3,504
Python,https://github.com/codespell-project/codespell,2023-06-29,4684.0,rank-3,504
Python,https://github.com/codespell-project/codespell,2023-06-30,4686.0,rank-3,504
Python,https://github.com/codespell-project/codespell,2023-07-01,4691.0,rank-3,504
Python,https://github.com/codespell-project/codespell,2023-07-03,4692.0,rank-3,504
Python,https://github.com/codespell-project/codespell,2023-07-04,4695.0,rank-3,504
Python,https://github.com/codespell-project/codespell,2023-07-05,4697.0,rank-3,504
Python,https://github.com/codespell-project/codespell,2023-07-06,4698.0,rank-3,504
Python,https://github.com/codespell-project/codespell,2023-07-07,4701.0,rank-3,504
Python,https://github.com/codespell-project/codespell,2023-07-08,4708.0,rank-3,504
Python,https://github.com/codespell-project/codespell,2023-07-09,4717.0,rank-3,504
Python,https://github.com/codespell-project/codespell,2023-07-10,4720.0,rank-3,504
Python,https://github.com/codespell-project/codespell,2023-07-12,4722.0,rank-3,504
Python,https://github.com/codespell-project/codespell,2023-07-13,4723.0,rank-3,504
Python,https://github.com/codespell-project/codespell,2023-07-14,4725.0,rank-3,504
Python,https://github.com/codespell-project/codespell,2023-07-15,4727.0,rank-3,504
Python,https://github.com/codespell-project/codespell,2023-07-17,4730.0,rank-3,504
Python,https://github.com/codespell-project/codespell,2023-07-18,4733.0,rank-3,504
Python,https://github.com/codespell-project/codespell,2023-07-20,4735.0,rank-3,504
Python,https://github.com/codespell-project/codespell,2023-07-23,4738.0,rank-3,504
Python,https://github.com/codespell-project/codespell,2023-07-24,4741.0,rank-3,504
Python,https://github.com/codespell-project/codespell,2023-07-25,4744.0,rank-3,504
Python,https://github.com/codespell-project/codespell,2023-07-26,4746.0,rank-3,504
Python,https://github.com/codespell-project/codespell,2023-07-27,4749.0,rank-3,504
Python,https://github.com/codespell-project/codespell,2023-07-28,4752.0,rank-3,504
Python,https://github.com/codespell-project/codespell,2023-07-29,4754.0,rank-3,504
Python,https://github.com/codespell-project/codespell,2023-07-30,4757.0,rank-3,504
Python,https://github.com/codespell-project/codespell,2023-07-31,4760.0,rank-3,504
Python,https://github.com/codespell-project/codespell,2023-08-01,4765.0,rank-3,504
Python,https://github.com/codespell-project/codespell,2023-08-04,4767.0,rank-3,504
Python,https://github.com/codespell-project/codespell,2023-08-05,4769.0,rank-3,504
Python,https://github.com/codespell-project/codespell,2023-08-06,4775.0,rank-3,504
Python,https://github.com/codespell-project/codespell,2023-08-07,4779.0,rank-3,504
Python,https://github.com/codespell-project/codespell,2023-08-08,4782.0,rank-3,504
Python,https://github.com/codespell-project/codespell,2023-08-09,4792.0,rank-3,504
Python,https://github.com/codespell-project/codespell,2023-08-10,4793.0,rank-3,504
Python,https://github.com/codespell-project/codespell,2023-08-11,4797.0,rank-3,504
Python,https://github.com/codespell-project/codespell,2023-08-13,4799.0,rank-3,504
Python,https://github.com/codespell-project/codespell,2023-08-14,4800.0,rank-3,504
Python,https://github.com/codespell-project/codespell,2023-08-15,4802.0,rank-3,504
Python,https://github.com/codespell-project/codespell,2023-08-20,4803.0,rank-3,504
Python,https://github.com/codespell-project/codespell,2023-08-21,4806.0,rank-3,504
Python,https://github.com/codespell-project/codespell,2023-08-25,4807.0,rank-3,504
Python,https://github.com/codespell-project/codespell,2023-08-26,4808.0,rank-3,504
Python,https://github.com/codespell-project/codespell,2023-08-28,4813.0,rank-3,504
Python,https://github.com/codespell-project/codespell,2023-08-29,4814.0,rank-3,504
Python,https://github.com/codespell-project/codespell,2023-08-30,4816.0,rank-3,504
Python,https://github.com/codespell-project/codespell,2023-08-31,4819.0,rank-3,504
Python,https://github.com/codespell-project/codespell,2023-09-01,4821.0,rank-3,504
Python,https://github.com/codespell-project/codespell,2023-09-02,4822.0,rank-3,504
Python,https://github.com/codespell-project/codespell,2023-09-03,4824.0,rank-3,504
Python,https://github.com/codespell-project/codespell,2023-09-04,4828.0,rank-3,504
Python,https://github.com/codespell-project/codespell,2023-09-05,4830.0,rank-3,504
Python,https://github.com/codespell-project/codespell,2023-09-06,4832.0,rank-3,504
Python,https://github.com/codespell-project/codespell,2023-09-08,4834.0,rank-3,504
Python,https://github.com/codespell-project/codespell,2023-09-10,4835.0,rank-3,504
Python,https://github.com/codespell-project/codespell,2023-09-11,4836.0,rank-3,504
Python,https://github.com/codespell-project/codespell,2023-09-12,4838.0,rank-3,504
Python,https://github.com/codespell-project/codespell,2023-09-13,4840.0,rank-3,504
Python,https://github.com/codespell-project/codespell,2023-09-14,4842.0,rank-3,504
Python,https://github.com/codespell-project/codespell,2023-09-15,4844.0,rank-3,504
Python,https://github.com/codespell-project/codespell,2023-09-17,4847.0,rank-3,504
Python,https://github.com/codespell-project/codespell,2023-09-18,4849.0,rank-3,504
Python,https://github.com/codespell-project/codespell,2023-09-19,4850.0,rank-3,504
Python,https://github.com/codespell-project/codespell,2023-09-21,4851.0,rank-3,504
Python,https://github.com/codespell-project/codespell,2023-09-22,4853.0,rank-3,504
Python,https://github.com/codespell-project/codespell,2023-09-23,4854.0,rank-3,504
Python,https://github.com/codespell-project/codespell,2023-09-24,4855.0,rank-3,504
Python,https://github.com/codespell-project/codespell,2023-09-25,4856.0,rank-3,504
Python,https://github.com/codespell-project/codespell,2023-09-26,4857.0,rank-3,504
Python,https://github.com/codespell-project/codespell,2023-09-27,4859.0,rank-3,504
Python,https://github.com/codespell-project/codespell,2023-09-28,4861.0,rank-3,504
Python,https://github.com/codespell-project/codespell,2023-09-29,4862.0,rank-3,504
Python,https://github.com/codespell-project/codespell,2023-10-01,4863.0,rank-3,504
Python,https://github.com/codespell-project/codespell,2023-10-02,4864.0,rank-3,504
Python,https://github.com/codespell-project/codespell,2023-10-04,4866.0,rank-3,504
Python,https://github.com/codespell-project/codespell,2023-10-05,4868.0,rank-3,504
Python,https://github.com/codespell-project/codespell,2023-10-08,4871.0,rank-3,504
Python,https://github.com/codespell-project/codespell,2023-10-09,4872.0,rank-3,504
Python,https://github.com/codespell-project/codespell,2023-10-11,4873.0,rank-3,504
Python,https://github.com/codespell-project/codespell,2023-10-12,4874.0,rank-3,504
Python,https://github.com/codespell-project/codespell,2023-10-14,4875.0,rank-3,504
Python,https://github.com/codespell-project/codespell,2023-10-16,4876.0,rank-3,504
Python,https://github.com/codespell-project/codespell,2023-10-17,4878.0,rank-3,504
Python,https://github.com/codespell-project/codespell,2023-10-18,4880.0,rank-3,504
Python,https://github.com/codespell-project/codespell,2023-10-19,4881.0,rank-3,504
Python,https://github.com/codespell-project/codespell,2023-10-20,4882.0,rank-3,504
Python,https://github.com/codespell-project/codespell,2023-10-21,4883.0,rank-3,504
Python,https://github.com/codespell-project/codespell,2023-10-22,4885.0,rank-3,504
Python,https://github.com/codespell-project/codespell,2023-10-23,4887.0,rank-3,504
Python,https://github.com/codespell-project/codespell,2023-10-24,4891.0,rank-3,504
Python,https://github.com/codespell-project/codespell,2023-10-25,4892.0,rank-3,504
Python,https://github.com/codespell-project/codespell,2023-10-27,4896.0,rank-3,504
Python,https://github.com/codespell-project/codespell,2023-10-28,4897.0,rank-3,504
Python,https://github.com/codespell-project/codespell,2023-10-29,4898.0,rank-3,504
Python,https://github.com/codespell-project/codespell,2023-10-30,4900.0,rank-3,504
Python,https://github.com/codespell-project/codespell,2023-10-31,4902.0,rank-3,504
Python,https://github.com/codespell-project/codespell,2023-11-01,4903.0,rank-3,504
Python,https://github.com/codespell-project/codespell,2023-11-03,4904.0,rank-3,504
Python,https://github.com/codespell-project/codespell,2023-11-05,4905.0,rank-3,504
Python,https://github.com/codespell-project/codespell,2023-11-06,4907.0,rank-3,504
Python,https://github.com/codespell-project/codespell,2023-11-08,4909.0,rank-3,504
Python,https://github.com/codespell-project/codespell,2023-11-13,4911.0,rank-3,504
Python,https://github.com/codespell-project/codespell,2023-11-14,4913.0,rank-3,504
Python,https://github.com/codespell-project/codespell,2023-11-16,4914.0,rank-3,504
Python,https://github.com/codespell-project/codespell,2023-11-20,4916.0,rank-3,504
Python,https://github.com/codespell-project/codespell,2023-11-21,4917.0,rank-3,504
Python,https://github.com/codespell-project/codespell,2023-11-22,4918.0,rank-3,504
Python,https://github.com/codespell-project/codespell,2023-11-23,4919.0,rank-3,504
Python,https://github.com/codespell-project/codespell,2023-11-27,4921.0,rank-3,504
Python,https://github.com/codespell-project/codespell,2023-11-29,4922.0,rank-3,504
Python,https://github.com/codespell-project/codespell,2023-11-30,4923.0,rank-3,504
Python,https://github.com/codespell-project/codespell,2023-12-02,4924.0,rank-3,504
Python,https://github.com/codespell-project/codespell,2011-01-28,8.0,rank-4,0
Python,https://github.com/codespell-project/codespell,2011-01-29,17.0,rank-4,0
Python,https://github.com/codespell-project/codespell,2011-01-31,23.0,rank-4,0
Python,https://github.com/codespell-project/codespell,2011-02-01,27.0,rank-4,0
Python,https://github.com/codespell-project/codespell,2011-02-02,28.0,rank-4,0
Python,https://github.com/codespell-project/codespell,2011-02-03,34.0,rank-4,0
Python,https://github.com/codespell-project/codespell,2011-02-16,36.0,rank-4,0
Python,https://github.com/codespell-project/codespell,2011-02-17,37.0,rank-4,0
Python,https://github.com/codespell-project/codespell,2011-02-21,38.0,rank-4,0
Python,https://github.com/codespell-project/codespell,2011-03-22,40.0,rank-4,0
Python,https://github.com/codespell-project/codespell,2011-03-29,44.0,rank-4,0
Python,https://github.com/codespell-project/codespell,2011-03-30,46.0,rank-4,0
Python,https://github.com/codespell-project/codespell,2011-04-01,48.0,rank-4,0
Python,https://github.com/codespell-project/codespell,2011-04-14,53.0,rank-4,0
Python,https://github.com/codespell-project/codespell,2011-04-18,54.0,rank-4,0
Python,https://github.com/codespell-project/codespell,2011-04-27,56.0,rank-4,0
Python,https://github.com/codespell-project/codespell,2011-04-28,58.0,rank-4,0
Python,https://github.com/codespell-project/codespell,2011-05-02,59.0,rank-4,0
Python,https://github.com/codespell-project/codespell,2011-05-22,61.0,rank-4,0
Python,https://github.com/codespell-project/codespell,2011-05-24,62.0,rank-4,0
Python,https://github.com/codespell-project/codespell,2011-05-25,65.0,rank-4,0
Python,https://github.com/codespell-project/codespell,2011-05-26,67.0,rank-4,0
Python,https://github.com/codespell-project/codespell,2011-05-27,69.0,rank-4,0
Python,https://github.com/codespell-project/codespell,2011-05-28,72.0,rank-4,0
Python,https://github.com/codespell-project/codespell,2011-05-29,74.0,rank-4,0
Python,https://github.com/codespell-project/codespell,2011-05-30,76.0,rank-4,0
Python,https://github.com/codespell-project/codespell,2011-06-02,77.0,rank-4,0
Python,https://github.com/codespell-project/codespell,2011-06-11,79.0,rank-4,0
Python,https://github.com/codespell-project/codespell,2011-06-14,82.0,rank-4,0
Python,https://github.com/codespell-project/codespell,2011-06-16,83.0,rank-4,0
Python,https://github.com/codespell-project/codespell,2011-06-18,92.0,rank-4,0
Python,https://github.com/codespell-project/codespell,2011-06-28,95.0,rank-4,0
Python,https://github.com/codespell-project/codespell,2011-07-02,99.0,rank-4,0
Python,https://github.com/codespell-project/codespell,2011-07-12,100.0,rank-4,0
Python,https://github.com/codespell-project/codespell,2011-07-14,102.0,rank-4,0
Python,https://github.com/codespell-project/codespell,2011-07-25,105.0,rank-4,0
Python,https://github.com/codespell-project/codespell,2011-08-17,108.0,rank-4,0
Python,https://github.com/codespell-project/codespell,2011-08-20,109.0,rank-4,0
Python,https://github.com/codespell-project/codespell,2011-09-15,110.0,rank-4,0
Python,https://github.com/codespell-project/codespell,2011-09-21,111.0,rank-4,0
Python,https://github.com/codespell-project/codespell,2011-09-28,113.0,rank-4,0
Python,https://github.com/codespell-project/codespell,2011-09-29,115.0,rank-4,0
Python,https://github.com/codespell-project/codespell,2011-09-30,116.0,rank-4,0
Python,https://github.com/codespell-project/codespell,2011-10-14,117.0,rank-4,0
Python,https://github.com/codespell-project/codespell,2011-10-15,120.0,rank-4,0
Python,https://github.com/codespell-project/codespell,2011-10-19,124.0,rank-4,0
Python,https://github.com/codespell-project/codespell,2011-12-06,125.0,rank-4,0
Python,https://github.com/codespell-project/codespell,2011-12-09,130.0,rank-4,0
Python,https://github.com/codespell-project/codespell,2012-01-20,132.0,rank-4,0
Python,https://github.com/codespell-project/codespell,2012-02-28,137.0,rank-4,0
Python,https://github.com/codespell-project/codespell,2012-03-05,138.0,rank-4,0
Python,https://github.com/codespell-project/codespell,2012-03-06,139.0,rank-4,0
Python,https://github.com/codespell-project/codespell,2012-08-22,143.0,rank-4,0
Python,https://github.com/codespell-project/codespell,2013-02-12,144.0,rank-4,0
Python,https://github.com/codespell-project/codespell,2013-02-14,145.0,rank-4,0
Python,https://github.com/codespell-project/codespell,2013-04-10,152.0,rank-4,0
Python,https://github.com/codespell-project/codespell,2013-04-19,153.0,rank-4,0
Python,https://github.com/codespell-project/codespell,2013-05-06,154.0,rank-4,0
Python,https://github.com/codespell-project/codespell,2013-05-07,156.0,rank-4,0
Python,https://github.com/codespell-project/codespell,2013-05-16,158.0,rank-4,0
Python,https://github.com/codespell-project/codespell,2013-05-28,159.0,rank-4,0
Python,https://github.com/codespell-project/codespell,2013-07-12,160.0,rank-4,0
Python,https://github.com/codespell-project/codespell,2013-07-21,161.0,rank-4,0
Python,https://github.com/codespell-project/codespell,2013-07-24,162.0,rank-4,0
Python,https://github.com/codespell-project/codespell,2013-09-25,163.0,rank-4,0
Python,https://github.com/codespell-project/codespell,2013-10-21,164.0,rank-4,0
Python,https://github.com/codespell-project/codespell,2013-12-05,165.0,rank-4,0
Python,https://github.com/codespell-project/codespell,2013-12-26,169.0,rank-4,0
Python,https://github.com/codespell-project/codespell,2013-12-29,170.0,rank-4,0
Python,https://github.com/codespell-project/codespell,2014-01-07,172.0,rank-4,0
Python,https://github.com/codespell-project/codespell,2014-01-24,176.0,rank-4,0
Python,https://github.com/codespell-project/codespell,2014-01-27,177.0,rank-4,0
Python,https://github.com/codespell-project/codespell,2014-03-22,178.0,rank-4,0
Python,https://github.com/codespell-project/codespell,2014-03-29,179.0,rank-4,0
Python,https://github.com/codespell-project/codespell,2014-04-07,180.0,rank-4,0
Python,https://github.com/codespell-project/codespell,2014-04-08,181.0,rank-4,0
Python,https://github.com/codespell-project/codespell,2014-06-07,183.0,rank-4,0
Python,https://github.com/codespell-project/codespell,2014-06-12,184.0,rank-4,0
Python,https://github.com/codespell-project/codespell,2014-06-27,185.0,rank-4,0
Python,https://github.com/codespell-project/codespell,2014-09-02,191.0,rank-4,0
Python,https://github.com/codespell-project/codespell,2014-09-29,192.0,rank-4,0
Python,https://github.com/codespell-project/codespell,2014-10-17,193.0,rank-4,0
Python,https://github.com/codespell-project/codespell,2014-11-25,194.0,rank-4,0
Python,https://github.com/codespell-project/codespell,2015-01-03,198.0,rank-4,0
Python,https://github.com/codespell-project/codespell,2015-03-09,199.0,rank-4,0
Python,https://github.com/codespell-project/codespell,2015-03-12,201.0,rank-4,0
Python,https://github.com/codespell-project/codespell,2015-03-13,202.0,rank-4,0
Python,https://github.com/codespell-project/codespell,2015-03-31,203.0,rank-4,0
Python,https://github.com/codespell-project/codespell,2015-04-11,205.0,rank-4,0
Python,https://github.com/codespell-project/codespell,2015-04-18,207.0,rank-4,0
Python,https://github.com/codespell-project/codespell,2015-05-07,208.0,rank-4,0
Python,https://github.com/codespell-project/codespell,2015-05-18,209.0,rank-4,0
Python,https://github.com/codespell-project/codespell,2015-06-15,210.0,rank-4,0
Python,https://github.com/codespell-project/codespell,2015-06-18,214.0,rank-4,0
Python,https://github.com/codespell-project/codespell,2015-06-23,217.0,rank-4,0
Python,https://github.com/codespell-project/codespell,2015-06-30,218.0,rank-4,0
Python,https://github.com/codespell-project/codespell,2015-08-02,219.0,rank-4,0
Python,https://github.com/codespell-project/codespell,2015-08-11,220.0,rank-4,0
Python,https://github.com/codespell-project/codespell,2015-08-12,221.0,rank-4,0
Python,https://github.com/codespell-project/codespell,2015-08-18,225.0,rank-4,0
Python,https://github.com/codespell-project/codespell,2015-09-09,226.0,rank-4,0
Python,https://github.com/codespell-project/codespell,2015-09-10,227.0,rank-4,0
Python,https://github.com/codespell-project/codespell,2015-09-12,232.0,rank-4,0
Python,https://github.com/codespell-project/codespell,2015-09-13,233.0,rank-4,0
Python,https://github.com/codespell-project/codespell,2015-09-14,234.0,rank-4,0
Python,https://github.com/codespell-project/codespell,2015-09-21,235.0,rank-4,0
Python,https://github.com/codespell-project/codespell,2015-10-22,236.0,rank-4,0
Python,https://github.com/codespell-project/codespell,2015-10-27,237.0,rank-4,0
Python,https://github.com/codespell-project/codespell,2015-11-17,238.0,rank-4,0
Python,https://github.com/codespell-project/codespell,2015-12-08,239.0,rank-4,0
Python,https://github.com/codespell-project/codespell,2015-12-10,240.0,rank-4,0
Python,https://github.com/codespell-project/codespell,2015-12-12,241.0,rank-4,0
Python,https://github.com/codespell-project/codespell,2016-01-07,242.0,rank-4,0
Python,https://github.com/codespell-project/codespell,2016-01-12,244.0,rank-4,0
Python,https://github.com/codespell-project/codespell,2016-01-15,247.0,rank-4,0
Python,https://github.com/codespell-project/codespell,2016-02-26,249.0,rank-4,0
Python,https://github.com/codespell-project/codespell,2016-03-06,250.0,rank-4,0
Python,https://github.com/codespell-project/codespell,2016-03-11,252.0,rank-4,0
Python,https://github.com/codespell-project/codespell,2016-04-21,253.0,rank-4,0
Python,https://github.com/codespell-project/codespell,2016-04-26,255.0,rank-4,0
Python,https://github.com/codespell-project/codespell,2016-04-27,259.0,rank-4,4
Python,https://github.com/codespell-project/codespell,2016-05-12,260.0,rank-4,4
Python,https://github.com/codespell-project/codespell,2016-05-22,264.0,rank-4,4
Python,https://github.com/codespell-project/codespell,2016-06-03,265.0,rank-4,4
Python,https://github.com/codespell-project/codespell,2016-06-06,268.0,rank-4,4
Python,https://github.com/codespell-project/codespell,2016-06-09,275.0,rank-4,8
Python,https://github.com/codespell-project/codespell,2016-06-10,287.0,rank-4,13
Python,https://github.com/codespell-project/codespell,2016-06-11,288.0,rank-4,13
Python,https://github.com/codespell-project/codespell,2016-06-16,290.0,rank-4,15
Python,https://github.com/codespell-project/codespell,2016-06-17,294.0,rank-4,19
Python,https://github.com/codespell-project/codespell,2016-08-18,295.0,rank-4,20
Python,https://github.com/codespell-project/codespell,2016-08-31,297.0,rank-4,20
Python,https://github.com/codespell-project/codespell,2016-09-04,300.0,rank-4,20
Python,https://github.com/codespell-project/codespell,2016-09-08,301.0,rank-4,20
Python,https://github.com/codespell-project/codespell,2016-09-10,302.0,rank-4,20
Python,https://github.com/codespell-project/codespell,2016-10-10,303.0,rank-4,20
Python,https://github.com/codespell-project/codespell,2016-10-14,304.0,rank-4,21
Python,https://github.com/codespell-project/codespell,2016-10-17,306.0,rank-4,21
Python,https://github.com/codespell-project/codespell,2016-10-19,310.0,rank-4,21
Python,https://github.com/codespell-project/codespell,2016-11-09,313.0,rank-4,21
Python,https://github.com/codespell-project/codespell,2016-11-11,317.0,rank-4,21
Python,https://github.com/codespell-project/codespell,2016-11-12,323.0,rank-4,21
Python,https://github.com/codespell-project/codespell,2016-11-14,324.0,rank-4,21
Python,https://github.com/codespell-project/codespell,2016-11-15,325.0,rank-4,21
Python,https://github.com/codespell-project/codespell,2016-11-16,326.0,rank-4,21
Python,https://github.com/codespell-project/codespell,2016-11-19,328.0,rank-4,21
Python,https://github.com/codespell-project/codespell,2016-11-22,331.0,rank-4,21
Python,https://github.com/codespell-project/codespell,2016-11-27,332.0,rank-4,21
Python,https://github.com/codespell-project/codespell,2016-12-01,333.0,rank-4,21
Python,https://github.com/codespell-project/codespell,2016-12-02,334.0,rank-4,21
Python,https://github.com/codespell-project/codespell,2016-12-03,338.0,rank-4,21
Python,https://github.com/codespell-project/codespell,2016-12-05,339.0,rank-4,21
Python,https://github.com/codespell-project/codespell,2016-12-08,346.0,rank-4,21
Python,https://github.com/codespell-project/codespell,2016-12-10,348.0,rank-4,21
Python,https://github.com/codespell-project/codespell,2016-12-11,349.0,rank-4,21
Python,https://github.com/codespell-project/codespell,2016-12-13,350.0,rank-4,21
Python,https://github.com/codespell-project/codespell,2016-12-15,351.0,rank-4,21
Python,https://github.com/codespell-project/codespell,2016-12-16,355.0,rank-4,21
Python,https://github.com/codespell-project/codespell,2016-12-18,356.0,rank-4,21
Python,https://github.com/codespell-project/codespell,2016-12-19,357.0,rank-4,21
Python,https://github.com/codespell-project/codespell,2016-12-22,358.0,rank-4,21
Python,https://github.com/codespell-project/codespell,2016-12-25,360.0,rank-4,21
Python,https://github.com/codespell-project/codespell,2016-12-26,361.0,rank-4,21
Python,https://github.com/codespell-project/codespell,2016-12-30,365.0,rank-4,21
Python,https://github.com/codespell-project/codespell,2016-12-31,366.0,rank-4,21
Python,https://github.com/codespell-project/codespell,2017-01-02,372.0,rank-4,21
Python,https://github.com/codespell-project/codespell,2017-01-04,378.0,rank-4,21
Python,https://github.com/codespell-project/codespell,2017-01-05,379.0,rank-4,21
Python,https://github.com/codespell-project/codespell,2017-01-07,380.0,rank-4,21
Python,https://github.com/codespell-project/codespell,2017-01-08,381.0,rank-4,21
Python,https://github.com/codespell-project/codespell,2017-01-14,382.0,rank-4,21
Python,https://github.com/codespell-project/codespell,2017-01-15,383.0,rank-4,21
Python,https://github.com/codespell-project/codespell,2017-01-16,385.0,rank-4,21
Python,https://github.com/codespell-project/codespell,2017-01-17,388.0,rank-4,22
Python,https://github.com/codespell-project/codespell,2017-01-19,389.0,rank-4,22
Python,https://github.com/codespell-project/codespell,2017-01-20,390.0,rank-4,22
Python,https://github.com/codespell-project/codespell,2017-01-21,392.0,rank-4,22
Python,https://github.com/codespell-project/codespell,2017-01-23,397.0,rank-4,22
Python,https://github.com/codespell-project/codespell,2017-01-24,399.0,rank-4,22
Python,https://github.com/codespell-project/codespell,2017-01-25,400.0,rank-4,22
Python,https://github.com/codespell-project/codespell,2017-01-29,402.0,rank-4,22
Python,https://github.com/codespell-project/codespell,2017-01-30,403.0,rank-4,22
Python,https://github.com/codespell-project/codespell,2017-01-31,404.0,rank-4,22
Python,https://github.com/codespell-project/codespell,2017-02-01,406.0,rank-4,22
Python,https://github.com/codespell-project/codespell,2017-02-02,411.0,rank-4,22
Python,https://github.com/codespell-project/codespell,2017-02-03,412.0,rank-4,22
Python,https://github.com/codespell-project/codespell,2017-02-05,414.0,rank-4,22
Python,https://github.com/codespell-project/codespell,2017-02-06,416.0,rank-4,22
Python,https://github.com/codespell-project/codespell,2017-02-10,418.0,rank-4,22
Python,https://github.com/codespell-project/codespell,2017-02-12,420.0,rank-4,22
Python,https://github.com/codespell-project/codespell,2017-02-14,421.0,rank-4,22
Python,https://github.com/codespell-project/codespell,2017-02-20,423.0,rank-4,22
Python,https://github.com/codespell-project/codespell,2017-02-21,425.0,rank-4,23
Python,https://github.com/codespell-project/codespell,2017-02-23,426.0,rank-4,23
Python,https://github.com/codespell-project/codespell,2017-02-24,427.0,rank-4,23
Python,https://github.com/codespell-project/codespell,2017-02-26,429.0,rank-4,23
Python,https://github.com/codespell-project/codespell,2017-03-03,430.0,rank-4,23
Python,https://github.com/codespell-project/codespell,2017-03-06,432.0,rank-4,23
Python,https://github.com/codespell-project/codespell,2017-03-07,434.0,rank-4,23
Python,https://github.com/codespell-project/codespell,2017-03-09,446.0,rank-4,23
Python,https://github.com/codespell-project/codespell,2017-03-10,447.0,rank-4,23
Python,https://github.com/codespell-project/codespell,2017-03-11,448.0,rank-4,23
Python,https://github.com/codespell-project/codespell,2017-03-13,449.0,rank-4,23
Python,https://github.com/codespell-project/codespell,2017-03-14,452.0,rank-4,23
Python,https://github.com/codespell-project/codespell,2017-03-15,454.0,rank-4,25
Python,https://github.com/codespell-project/codespell,2017-03-16,457.0,rank-4,25
Python,https://github.com/codespell-project/codespell,2017-03-18,458.0,rank-4,25
Python,https://github.com/codespell-project/codespell,2017-03-19,459.0,rank-4,25
Python,https://github.com/codespell-project/codespell,2017-03-20,461.0,rank-4,25
Python,https://github.com/codespell-project/codespell,2017-03-21,462.0,rank-4,25
Python,https://github.com/codespell-project/codespell,2017-03-24,463.0,rank-4,25
Python,https://github.com/codespell-project/codespell,2017-03-25,464.0,rank-4,25
Python,https://github.com/codespell-project/codespell,2017-03-27,466.0,rank-4,25
Python,https://github.com/codespell-project/codespell,2017-03-28,468.0,rank-4,25
Python,https://github.com/codespell-project/codespell,2017-03-31,470.0,rank-4,26
Python,https://github.com/codespell-project/codespell,2017-04-01,472.0,rank-4,26
Python,https://github.com/codespell-project/codespell,2017-04-02,473.0,rank-4,26
Python,https://github.com/codespell-project/codespell,2017-04-03,475.0,rank-4,26
Python,https://github.com/codespell-project/codespell,2017-04-12,476.0,rank-4,26
Python,https://github.com/codespell-project/codespell,2017-04-13,477.0,rank-4,26
Python,https://github.com/codespell-project/codespell,2017-04-14,478.0,rank-4,26
Python,https://github.com/codespell-project/codespell,2017-04-16,479.0,rank-4,26
Python,https://github.com/codespell-project/codespell,2017-04-17,482.0,rank-4,26
Python,https://github.com/codespell-project/codespell,2017-04-18,485.0,rank-4,26
Python,https://github.com/codespell-project/codespell,2017-04-20,487.0,rank-4,26
Python,https://github.com/codespell-project/codespell,2017-04-22,490.0,rank-4,26
Python,https://github.com/codespell-project/codespell,2017-04-27,491.0,rank-4,26
Python,https://github.com/codespell-project/codespell,2017-04-28,492.0,rank-4,26
Python,https://github.com/codespell-project/codespell,2017-04-29,493.0,rank-4,26
Python,https://github.com/codespell-project/codespell,2017-05-03,495.0,rank-4,26
Python,https://github.com/codespell-project/codespell,2017-05-05,496.0,rank-4,26
Python,https://github.com/codespell-project/codespell,2017-05-07,501.0,rank-4,26
Python,https://github.com/codespell-project/codespell,2017-05-08,502.0,rank-4,26
Python,https://github.com/codespell-project/codespell,2017-05-09,503.0,rank-4,26
Python,https://github.com/codespell-project/codespell,2017-05-11,504.0,rank-4,26
Python,https://github.com/codespell-project/codespell,2017-05-12,505.0,rank-4,26
Python,https://github.com/codespell-project/codespell,2017-05-14,506.0,rank-4,26
Python,https://github.com/codespell-project/codespell,2017-05-15,507.0,rank-4,26
Python,https://github.com/codespell-project/codespell,2017-05-17,508.0,rank-4,26
Python,https://github.com/codespell-project/codespell,2017-05-20,514.0,rank-4,26
Python,https://github.com/codespell-project/codespell,2017-05-22,515.0,rank-4,26
Python,https://github.com/codespell-project/codespell,2017-05-23,516.0,rank-4,26
Python,https://github.com/codespell-project/codespell,2017-05-27,517.0,rank-4,26
Python,https://github.com/codespell-project/codespell,2017-05-29,519.0,rank-4,26
Python,https://github.com/codespell-project/codespell,2017-05-30,521.0,rank-4,26
Python,https://github.com/codespell-project/codespell,2017-06-08,522.0,rank-4,26
Python,https://github.com/codespell-project/codespell,2017-06-12,524.0,rank-4,26
Python,https://github.com/codespell-project/codespell,2017-06-14,525.0,rank-4,26
Python,https://github.com/codespell-project/codespell,2017-06-16,526.0,rank-4,26
Python,https://github.com/codespell-project/codespell,2017-06-17,527.0,rank-4,26
Python,https://github.com/codespell-project/codespell,2017-06-19,529.0,rank-4,26
Python,https://github.com/codespell-project/codespell,2017-06-22,530.0,rank-4,26
Python,https://github.com/codespell-project/codespell,2017-06-26,531.0,rank-4,26
Python,https://github.com/codespell-project/codespell,2017-06-29,533.0,rank-4,26
Python,https://github.com/codespell-project/codespell,2017-07-03,534.0,rank-4,26
Python,https://github.com/codespell-project/codespell,2017-07-04,535.0,rank-4,26
Python,https://github.com/codespell-project/codespell,2017-07-10,537.0,rank-4,26
Python,https://github.com/codespell-project/codespell,2017-07-14,538.0,rank-4,26
Python,https://github.com/codespell-project/codespell,2017-07-17,541.0,rank-4,26
Python,https://github.com/codespell-project/codespell,2017-07-18,542.0,rank-4,26
Python,https://github.com/codespell-project/codespell,2017-07-21,544.0,rank-4,27
Python,https://github.com/codespell-project/codespell,2017-07-22,546.0,rank-4,27
Python,https://github.com/codespell-project/codespell,2017-07-23,547.0,rank-4,27
Python,https://github.com/codespell-project/codespell,2017-07-24,550.0,rank-4,28
Python,https://github.com/codespell-project/codespell,2017-07-25,552.0,rank-4,29
Python,https://github.com/codespell-project/codespell,2017-07-29,553.0,rank-4,29
Python,https://github.com/codespell-project/codespell,2017-08-03,554.0,rank-4,29
Python,https://github.com/codespell-project/codespell,2017-08-05,555.0,rank-4,30
Python,https://github.com/codespell-project/codespell,2017-08-10,556.0,rank-4,30
Python,https://github.com/codespell-project/codespell,2017-08-13,559.0,rank-4,30
Python,https://github.com/codespell-project/codespell,2017-08-15,566.0,rank-4,33
Python,https://github.com/codespell-project/codespell,2017-08-17,571.0,rank-4,33
Python,https://github.com/codespell-project/codespell,2017-08-22,573.0,rank-4,35
Python,https://github.com/codespell-project/codespell,2017-08-23,574.0,rank-4,35
Python,https://github.com/codespell-project/codespell,2017-08-27,577.0,rank-4,35
Python,https://github.com/codespell-project/codespell,2017-08-28,583.0,rank-4,39
Python,https://github.com/codespell-project/codespell,2017-08-31,585.0,rank-4,39
Python,https://github.com/codespell-project/codespell,2017-09-01,587.0,rank-4,40
Python,https://github.com/codespell-project/codespell,2017-09-02,589.0,rank-4,41
Python,https://github.com/codespell-project/codespell,2017-09-04,590.0,rank-4,41
Python,https://github.com/codespell-project/codespell,2017-09-06,591.0,rank-4,41
Python,https://github.com/codespell-project/codespell,2017-09-13,593.0,rank-4,41
Python,https://github.com/codespell-project/codespell,2017-09-14,594.0,rank-4,41
Python,https://github.com/codespell-project/codespell,2017-09-15,601.0,rank-4,44
Python,https://github.com/codespell-project/codespell,2017-09-16,602.0,rank-4,45
Python,https://github.com/codespell-project/codespell,2017-09-17,604.0,rank-4,45
Python,https://github.com/codespell-project/codespell,2017-09-18,606.0,rank-4,45
Python,https://github.com/codespell-project/codespell,2017-09-19,609.0,rank-4,45
Python,https://github.com/codespell-project/codespell,2017-09-20,612.0,rank-4,46
Python,https://github.com/codespell-project/codespell,2017-09-26,617.0,rank-4,51
Python,https://github.com/codespell-project/codespell,2017-09-29,621.0,rank-4,53
Python,https://github.com/codespell-project/codespell,2017-10-01,625.0,rank-4,55
Python,https://github.com/codespell-project/codespell,2017-10-03,627.0,rank-4,55
Python,https://github.com/codespell-project/codespell,2017-10-05,628.0,rank-4,55
Python,https://github.com/codespell-project/codespell,2017-10-06,632.0,rank-4,57
Python,https://github.com/codespell-project/codespell,2017-10-08,640.0,rank-4,59
Python,https://github.com/codespell-project/codespell,2017-10-09,647.0,rank-4,64
Python,https://github.com/codespell-project/codespell,2017-10-10,651.0,rank-4,66
Python,https://github.com/codespell-project/codespell,2017-10-11,656.0,rank-4,68
Python,https://github.com/codespell-project/codespell,2017-10-12,660.0,rank-4,68
Python,https://github.com/codespell-project/codespell,2017-10-13,664.0,rank-4,69
Python,https://github.com/codespell-project/codespell,2017-10-14,666.0,rank-4,70
Python,https://github.com/codespell-project/codespell,2017-10-15,670.0,rank-4,71
Python,https://github.com/codespell-project/codespell,2017-10-16,676.0,rank-4,75
Python,https://github.com/codespell-project/codespell,2017-10-17,681.0,rank-4,77
Python,https://github.com/codespell-project/codespell,2017-10-19,682.0,rank-4,77
Python,https://github.com/codespell-project/codespell,2017-10-20,684.0,rank-4,78
Python,https://github.com/codespell-project/codespell,2017-10-23,686.0,rank-4,78
Python,https://github.com/codespell-project/codespell,2017-10-24,693.0,rank-4,82
Python,https://github.com/codespell-project/codespell,2017-10-25,694.0,rank-4,83
Python,https://github.com/codespell-project/codespell,2017-10-26,696.0,rank-4,83
Python,https://github.com/codespell-project/codespell,2017-10-28,698.0,rank-4,83
Python,https://github.com/codespell-project/codespell,2017-10-29,702.0,rank-4,85
Python,https://github.com/codespell-project/codespell,2017-10-30,709.0,rank-4,87
Python,https://github.com/codespell-project/codespell,2017-10-31,711.0,rank-4,88
Python,https://github.com/codespell-project/codespell,2017-11-01,712.0,rank-4,88
Python,https://github.com/codespell-project/codespell,2017-11-03,716.0,rank-4,90
Python,https://github.com/codespell-project/codespell,2017-11-04,717.0,rank-4,90
Python,https://github.com/codespell-project/codespell,2017-11-05,719.0,rank-4,90
Python,https://github.com/codespell-project/codespell,2017-11-06,721.0,rank-4,92
Python,https://github.com/codespell-project/codespell,2017-11-07,729.0,rank-4,96
Python,https://github.com/codespell-project/codespell,2017-11-08,732.0,rank-4,97
Python,https://github.com/codespell-project/codespell,2017-11-09,745.0,rank-4,104
Python,https://github.com/codespell-project/codespell,2017-11-10,749.0,rank-4,105
Python,https://github.com/codespell-project/codespell,2017-11-12,751.0,rank-4,106
Python,https://github.com/codespell-project/codespell,2017-11-13,753.0,rank-4,107
Python,https://github.com/codespell-project/codespell,2017-11-14,765.0,rank-4,110
Python,https://github.com/codespell-project/codespell,2017-11-15,774.0,rank-4,118
Python,https://github.com/codespell-project/codespell,2017-11-16,788.0,rank-4,129
Python,https://github.com/codespell-project/codespell,2017-11-17,790.0,rank-4,129
Python,https://github.com/codespell-project/codespell,2017-11-18,792.0,rank-4,129
Python,https://github.com/codespell-project/codespell,2017-11-19,794.0,rank-4,129
Python,https://github.com/codespell-project/codespell,2017-11-22,796.0,rank-4,129
Python,https://github.com/codespell-project/codespell,2017-11-23,797.0,rank-4,129
Python,https://github.com/codespell-project/codespell,2017-11-24,799.0,rank-4,130
Python,https://github.com/codespell-project/codespell,2017-11-26,802.0,rank-4,130
Python,https://github.com/codespell-project/codespell,2017-11-27,815.0,rank-4,140
Python,https://github.com/codespell-project/codespell,2017-11-28,817.0,rank-4,140
Python,https://github.com/codespell-project/codespell,2017-11-29,825.0,rank-4,144
Python,https://github.com/codespell-project/codespell,2017-11-30,826.0,rank-4,145
Python,https://github.com/codespell-project/codespell,2017-12-01,828.0,rank-4,146
Python,https://github.com/codespell-project/codespell,2017-12-03,829.0,rank-4,146
Python,https://github.com/codespell-project/codespell,2017-12-04,839.0,rank-4,151
Python,https://github.com/codespell-project/codespell,2017-12-05,842.0,rank-4,152
Python,https://github.com/codespell-project/codespell,2017-12-06,848.0,rank-4,154
Python,https://github.com/codespell-project/codespell,2017-12-07,850.0,rank-4,155
Python,https://github.com/codespell-project/codespell,2017-12-09,851.0,rank-4,155
Python,https://github.com/codespell-project/codespell,2017-12-11,853.0,rank-4,157
Python,https://github.com/codespell-project/codespell,2017-12-12,854.0,rank-4,157
Python,https://github.com/codespell-project/codespell,2017-12-13,857.0,rank-4,158
Python,https://github.com/codespell-project/codespell,2017-12-14,858.0,rank-4,159
Python,https://github.com/codespell-project/codespell,2017-12-15,863.0,rank-4,162
Python,https://github.com/codespell-project/codespell,2017-12-18,864.0,rank-4,162
Python,https://github.com/codespell-project/codespell,2017-12-19,867.0,rank-4,163
Python,https://github.com/codespell-project/codespell,2017-12-20,869.0,rank-4,163
Python,https://github.com/codespell-project/codespell,2017-12-23,873.0,rank-4,163
Python,https://github.com/codespell-project/codespell,2017-12-24,874.0,rank-4,163
Python,https://github.com/codespell-project/codespell,2017-12-27,875.0,rank-4,163
Python,https://github.com/codespell-project/codespell,2017-12-28,876.0,rank-4,163
Python,https://github.com/codespell-project/codespell,2017-12-31,880.0,rank-4,163
Python,https://github.com/codespell-project/codespell,2018-01-01,881.0,rank-4,163
Python,https://github.com/codespell-project/codespell,2018-01-02,884.0,rank-4,163
Python,https://github.com/codespell-project/codespell,2018-01-03,889.0,rank-4,163
Python,https://github.com/codespell-project/codespell,2018-01-04,890.0,rank-4,163
Python,https://github.com/codespell-project/codespell,2018-01-05,895.0,rank-4,163
Python,https://github.com/codespell-project/codespell,2018-01-07,896.0,rank-4,163
Python,https://github.com/codespell-project/codespell,2018-01-08,899.0,rank-4,163
Python,https://github.com/codespell-project/codespell,2018-01-09,933.0,rank-4,192
Python,https://github.com/codespell-project/codespell,2018-01-10,935.0,rank-4,193
Python,https://github.com/codespell-project/codespell,2018-01-11,937.0,rank-4,193
Python,https://github.com/codespell-project/codespell,2018-01-12,945.0,rank-4,198
Python,https://github.com/codespell-project/codespell,2018-01-13,949.0,rank-4,198
Python,https://github.com/codespell-project/codespell,2018-01-14,950.0,rank-4,198
Python,https://github.com/codespell-project/codespell,2018-01-15,955.0,rank-4,201
Python,https://github.com/codespell-project/codespell,2018-01-16,957.0,rank-4,202
Python,https://github.com/codespell-project/codespell,2018-01-17,959.0,rank-4,202
Python,https://github.com/codespell-project/codespell,2018-01-18,968.0,rank-4,205
Python,https://github.com/codespell-project/codespell,2018-01-19,973.0,rank-4,209
Python,https://github.com/codespell-project/codespell,2018-01-20,975.0,rank-4,209
Python,https://github.com/codespell-project/codespell,2018-01-21,976.0,rank-4,210
Python,https://github.com/codespell-project/codespell,2018-01-22,977.0,rank-4,210
Python,https://github.com/codespell-project/codespell,2018-01-23,980.0,rank-4,210
Python,https://github.com/codespell-project/codespell,2018-01-24,982.0,rank-4,210
Python,https://github.com/codespell-project/codespell,2018-01-25,987.0,rank-4,213
Python,https://github.com/codespell-project/codespell,2018-01-26,988.0,rank-4,214
Python,https://github.com/codespell-project/codespell,2018-01-27,992.0,rank-4,215
Python,https://github.com/codespell-project/codespell,2018-01-28,993.0,rank-4,215
Python,https://github.com/codespell-project/codespell,2018-01-29,1003.0,rank-4,220
Python,https://github.com/codespell-project/codespell,2018-02-02,1004.0,rank-4,220
Python,https://github.com/codespell-project/codespell,2018-02-03,1007.0,rank-4,221
Python,https://github.com/codespell-project/codespell,2018-02-04,1008.0,rank-4,222
Python,https://github.com/codespell-project/codespell,2018-02-05,1016.0,rank-4,225
Python,https://github.com/codespell-project/codespell,2018-02-06,1018.0,rank-4,226
Python,https://github.com/codespell-project/codespell,2018-02-07,1025.0,rank-4,229
Python,https://github.com/codespell-project/codespell,2018-02-08,1029.0,rank-4,230
Python,https://github.com/codespell-project/codespell,2018-02-09,1034.0,rank-4,233
Python,https://github.com/codespell-project/codespell,2018-02-10,1035.0,rank-4,233
Python,https://github.com/codespell-project/codespell,2018-02-12,1038.0,rank-4,234
Python,https://github.com/codespell-project/codespell,2018-02-13,1040.0,rank-4,235
Python,https://github.com/codespell-project/codespell,2018-02-14,1050.0,rank-4,240
Python,https://github.com/codespell-project/codespell,2018-02-15,1062.0,rank-4,245
Python,https://github.com/codespell-project/codespell,2018-02-16,1068.0,rank-4,248
Python,https://github.com/codespell-project/codespell,2018-02-17,1073.0,rank-4,250
Python,https://github.com/codespell-project/codespell,2018-02-18,1075.0,rank-4,250
Python,https://github.com/codespell-project/codespell,2018-02-19,1078.0,rank-4,252
Python,https://github.com/codespell-project/codespell,2018-02-21,1080.0,rank-4,253
Python,https://github.com/codespell-project/codespell,2018-02-22,1084.0,rank-4,254
Python,https://github.com/codespell-project/codespell,2018-02-23,1085.0,rank-4,254
Python,https://github.com/codespell-project/codespell,2018-02-24,1087.0,rank-4,254
Python,https://github.com/codespell-project/codespell,2018-02-25,1092.0,rank-4,254
Python,https://github.com/codespell-project/codespell,2018-02-26,1094.0,rank-4,254
Python,https://github.com/codespell-project/codespell,2018-02-27,1096.0,rank-4,254
Python,https://github.com/codespell-project/codespell,2018-02-28,1100.0,rank-4,254
Python,https://github.com/codespell-project/codespell,2018-03-01,1101.0,rank-4,254
Python,https://github.com/codespell-project/codespell,2018-03-02,1103.0,rank-4,254
Python,https://github.com/codespell-project/codespell,2018-03-03,1108.0,rank-4,254
Python,https://github.com/codespell-project/codespell,2018-03-04,1109.0,rank-4,254
Python,https://github.com/codespell-project/codespell,2018-03-05,1114.0,rank-4,254
Python,https://github.com/codespell-project/codespell,2018-03-06,1116.0,rank-4,254
Python,https://github.com/codespell-project/codespell,2018-03-08,1120.0,rank-4,254
Python,https://github.com/codespell-project/codespell,2018-03-09,1122.0,rank-4,256
Python,https://github.com/codespell-project/codespell,2018-03-11,1123.0,rank-4,256
Python,https://github.com/codespell-project/codespell,2018-03-12,1131.0,rank-4,256
Python,https://github.com/codespell-project/codespell,2018-03-14,1132.0,rank-4,256
Python,https://github.com/codespell-project/codespell,2018-03-16,1133.0,rank-4,256
Python,https://github.com/codespell-project/codespell,2018-03-17,1135.0,rank-4,256
Python,https://github.com/codespell-project/codespell,2018-03-19,1137.0,rank-4,256
Python,https://github.com/codespell-project/codespell,2018-03-20,1138.0,rank-4,256
Python,https://github.com/codespell-project/codespell,2018-03-22,1140.0,rank-4,256
Python,https://github.com/codespell-project/codespell,2018-03-23,1142.0,rank-4,256
Python,https://github.com/codespell-project/codespell,2018-03-24,1145.0,rank-4,256
Python,https://github.com/codespell-project/codespell,2018-03-25,1149.0,rank-4,256
Python,https://github.com/codespell-project/codespell,2018-03-26,1151.0,rank-4,256
Python,https://github.com/codespell-project/codespell,2018-03-27,1156.0,rank-4,256
Python,https://github.com/codespell-project/codespell,2018-03-28,1157.0,rank-4,256
Python,https://github.com/codespell-project/codespell,2018-03-29,1158.0,rank-4,256
Python,https://github.com/codespell-project/codespell,2018-03-30,1159.0,rank-4,256
Python,https://github.com/codespell-project/codespell,2018-03-31,1166.0,rank-4,256
Python,https://github.com/codespell-project/codespell,2018-04-01,1167.0,rank-4,256
Python,https://github.com/codespell-project/codespell,2018-04-02,1169.0,rank-4,256
Python,https://github.com/codespell-project/codespell,2018-04-03,1171.0,rank-4,256
Python,https://github.com/codespell-project/codespell,2018-04-04,1173.0,rank-4,256
Python,https://github.com/codespell-project/codespell,2018-04-05,1176.0,rank-4,256
Python,https://github.com/codespell-project/codespell,2018-04-06,1178.0,rank-4,256
Python,https://github.com/codespell-project/codespell,2018-04-07,1180.0,rank-4,256
Python,https://github.com/codespell-project/codespell,2018-04-09,1181.0,rank-4,256
Python,https://github.com/codespell-project/codespell,2018-04-12,1182.0,rank-4,256
Python,https://github.com/codespell-project/codespell,2018-04-13,1183.0,rank-4,256
Python,https://github.com/codespell-project/codespell,2018-04-15,1184.0,rank-4,256
Python,https://github.com/codespell-project/codespell,2018-04-16,1191.0,rank-4,256
Python,https://github.com/codespell-project/codespell,2018-04-17,1193.0,rank-4,256
Python,https://github.com/codespell-project/codespell,2018-04-18,1194.0,rank-4,256
Python,https://github.com/codespell-project/codespell,2018-04-20,1197.0,rank-4,256
Python,https://github.com/codespell-project/codespell,2018-04-23,1198.0,rank-4,256
Python,https://github.com/codespell-project/codespell,2018-04-24,1201.0,rank-4,256
Python,https://github.com/codespell-project/codespell,2018-04-26,1209.0,rank-4,256
Python,https://github.com/codespell-project/codespell,2018-04-27,1213.0,rank-4,256
Python,https://github.com/codespell-project/codespell,2018-04-28,1215.0,rank-4,256
Python,https://github.com/codespell-project/codespell,2018-04-29,1216.0,rank-4,256
Python,https://github.com/codespell-project/codespell,2018-04-30,1218.0,rank-4,256
Python,https://github.com/codespell-project/codespell,2018-05-01,1219.0,rank-4,256
Python,https://github.com/codespell-project/codespell,2018-05-02,1221.0,rank-4,256
Python,https://github.com/codespell-project/codespell,2018-05-04,1228.0,rank-4,256
Python,https://github.com/codespell-project/codespell,2018-05-05,1230.0,rank-4,256
Python,https://github.com/codespell-project/codespell,2018-05-07,1241.0,rank-4,257
Python,https://github.com/codespell-project/codespell,2018-05-08,1244.0,rank-4,257
Python,https://github.com/codespell-project/codespell,2018-05-09,1246.0,rank-4,257
Python,https://github.com/codespell-project/codespell,2018-05-10,1254.0,rank-4,257
Python,https://github.com/codespell-project/codespell,2018-05-11,1255.0,rank-4,257
Python,https://github.com/codespell-project/codespell,2018-05-14,1257.0,rank-4,257
Python,https://github.com/codespell-project/codespell,2018-05-16,1260.0,rank-4,257
Python,https://github.com/codespell-project/codespell,2018-05-17,1264.0,rank-4,260
Python,https://github.com/codespell-project/codespell,2018-05-18,1265.0,rank-4,260
Python,https://github.com/codespell-project/codespell,2018-05-19,1267.0,rank-4,260
Python,https://github.com/codespell-project/codespell,2018-05-20,1268.0,rank-4,260
Python,https://github.com/codespell-project/codespell,2018-05-21,1270.0,rank-4,260
Python,https://github.com/codespell-project/codespell,2018-05-22,1273.0,rank-4,260
Python,https://github.com/codespell-project/codespell,2018-05-23,1274.0,rank-4,260
Python,https://github.com/codespell-project/codespell,2018-05-24,1275.0,rank-4,260
Python,https://github.com/codespell-project/codespell,2018-05-25,1277.0,rank-4,261
Python,https://github.com/codespell-project/codespell,2018-05-26,1278.0,rank-4,261
Python,https://github.com/codespell-project/codespell,2018-05-29,1280.0,rank-4,261
Python,https://github.com/codespell-project/codespell,2018-05-31,1282.0,rank-4,261
Python,https://github.com/codespell-project/codespell,2018-06-02,1283.0,rank-4,261
Python,https://github.com/codespell-project/codespell,2018-06-03,1284.0,rank-4,261
Python,https://github.com/codespell-project/codespell,2018-06-04,1287.0,rank-4,261
Python,https://github.com/codespell-project/codespell,2018-06-05,1288.0,rank-4,261
Python,https://github.com/codespell-project/codespell,2018-06-07,1290.0,rank-4,261
Python,https://github.com/codespell-project/codespell,2018-06-08,1292.0,rank-4,261
Python,https://github.com/codespell-project/codespell,2018-06-09,1293.0,rank-4,261
Python,https://github.com/codespell-project/codespell,2018-06-10,1296.0,rank-4,261
Python,https://github.com/codespell-project/codespell,2018-06-11,1298.0,rank-4,261
Python,https://github.com/codespell-project/codespell,2018-06-12,1299.0,rank-4,261
Python,https://github.com/codespell-project/codespell,2018-06-15,1301.0,rank-4,261
Python,https://github.com/codespell-project/codespell,2018-06-16,1302.0,rank-4,261
Python,https://github.com/codespell-project/codespell,2018-06-18,1305.0,rank-4,262
Python,https://github.com/codespell-project/codespell,2018-06-19,1307.0,rank-4,262
Python,https://github.com/codespell-project/codespell,2018-06-20,1310.0,rank-4,262
Python,https://github.com/codespell-project/codespell,2018-06-22,1311.0,rank-4,262
Python,https://github.com/codespell-project/codespell,2018-06-24,1312.0,rank-4,262
Python,https://github.com/codespell-project/codespell,2018-06-26,1313.0,rank-4,262
Python,https://github.com/codespell-project/codespell,2018-06-27,1315.0,rank-4,262
Python,https://github.com/codespell-project/codespell,2018-07-02,1316.0,rank-4,262
Python,https://github.com/codespell-project/codespell,2018-07-03,1318.0,rank-4,262
Python,https://github.com/codespell-project/codespell,2018-07-05,1320.0,rank-4,262
Python,https://github.com/codespell-project/codespell,2018-07-06,1321.0,rank-4,262
Python,https://github.com/codespell-project/codespell,2018-07-07,1322.0,rank-4,262
Python,https://github.com/codespell-project/codespell,2018-07-08,1323.0,rank-4,262
Python,https://github.com/codespell-project/codespell,2018-07-09,1324.0,rank-4,262
Python,https://github.com/codespell-project/codespell,2018-07-10,1325.0,rank-4,262
Python,https://github.com/codespell-project/codespell,2018-07-11,1327.0,rank-4,262
Python,https://github.com/codespell-project/codespell,2018-07-12,1329.0,rank-4,262
Python,https://github.com/codespell-project/codespell,2018-07-13,1330.0,rank-4,262
Python,https://github.com/codespell-project/codespell,2018-07-14,1332.0,rank-4,262
Python,https://github.com/codespell-project/codespell,2018-07-16,1334.0,rank-4,263
Python,https://github.com/codespell-project/codespell,2018-07-18,1335.0,rank-4,263
Python,https://github.com/codespell-project/codespell,2018-07-22,1337.0,rank-4,263
Python,https://github.com/codespell-project/codespell,2018-07-23,1340.0,rank-4,263
Python,https://github.com/codespell-project/codespell,2018-07-25,1342.0,rank-4,263
Python,https://github.com/codespell-project/codespell,2018-07-26,1344.0,rank-4,263
Python,https://github.com/codespell-project/codespell,2018-07-28,1345.0,rank-4,263
Python,https://github.com/codespell-project/codespell,2018-07-29,1352.0,rank-4,263
Python,https://github.com/codespell-project/codespell,2018-07-30,1353.0,rank-4,263
Python,https://github.com/codespell-project/codespell,2018-07-31,1355.0,rank-4,263
Python,https://github.com/codespell-project/codespell,2018-08-03,1356.0,rank-4,263
Python,https://github.com/codespell-project/codespell,2018-08-04,1357.0,rank-4,263
Python,https://github.com/codespell-project/codespell,2018-08-05,1359.0,rank-4,263
Python,https://github.com/codespell-project/codespell,2018-08-06,1367.0,rank-4,263
Python,https://github.com/codespell-project/codespell,2018-08-07,1370.0,rank-4,263
Python,https://github.com/codespell-project/codespell,2018-08-09,1375.0,rank-4,263
Python,https://github.com/codespell-project/codespell,2018-08-12,1378.0,rank-4,264
Python,https://github.com/codespell-project/codespell,2018-08-13,1387.0,rank-4,264
Python,https://github.com/codespell-project/codespell,2018-08-14,1390.0,rank-4,264
Python,https://github.com/codespell-project/codespell,2018-08-15,1391.0,rank-4,264
Python,https://github.com/codespell-project/codespell,2018-08-16,1392.0,rank-4,264
Python,https://github.com/codespell-project/codespell,2018-08-17,1394.0,rank-4,264
Python,https://github.com/codespell-project/codespell,2018-08-21,1395.0,rank-4,264
Python,https://github.com/codespell-project/codespell,2018-08-23,1396.0,rank-4,264
Python,https://github.com/codespell-project/codespell,2018-08-26,1397.0,rank-4,264
Python,https://github.com/codespell-project/codespell,2018-08-27,1400.0,rank-4,264
Python,https://github.com/codespell-project/codespell,2018-08-28,1401.0,rank-4,264
Python,https://github.com/codespell-project/codespell,2018-08-30,1405.0,rank-4,264
Python,https://github.com/codespell-project/codespell,2018-09-01,1408.0,rank-4,264
Python,https://github.com/codespell-project/codespell,2018-09-02,1410.0,rank-4,264
Python,https://github.com/codespell-project/codespell,2018-09-03,1412.0,rank-4,264
Python,https://github.com/codespell-project/codespell,2018-09-04,1415.0,rank-4,264
Python,https://github.com/codespell-project/codespell,2018-09-06,1416.0,rank-4,264
Python,https://github.com/codespell-project/codespell,2018-09-09,1417.0,rank-4,264
Python,https://github.com/codespell-project/codespell,2018-09-10,1421.0,rank-4,265
Python,https://github.com/codespell-project/codespell,2018-09-11,1422.0,rank-4,265
Python,https://github.com/codespell-project/codespell,2018-09-13,1423.0,rank-4,265
Python,https://github.com/codespell-project/codespell,2018-09-14,1426.0,rank-4,265
Python,https://github.com/codespell-project/codespell,2018-09-16,1428.0,rank-4,265
Python,https://github.com/codespell-project/codespell,2018-09-19,1431.0,rank-4,265
Python,https://github.com/codespell-project/codespell,2018-09-20,1432.0,rank-4,265
Python,https://github.com/codespell-project/codespell,2018-09-21,1435.0,rank-4,265
Python,https://github.com/codespell-project/codespell,2018-09-22,1436.0,rank-4,265
Python,https://github.com/codespell-project/codespell,2018-09-23,1438.0,rank-4,265
Python,https://github.com/codespell-project/codespell,2018-09-26,1439.0,rank-4,265
Python,https://github.com/codespell-project/codespell,2018-09-27,1440.0,rank-4,265
Python,https://github.com/codespell-project/codespell,2018-09-28,1448.0,rank-4,265
Python,https://github.com/codespell-project/codespell,2018-09-29,1450.0,rank-4,265
Python,https://github.com/codespell-project/codespell,2018-10-01,1451.0,rank-4,265
Python,https://github.com/codespell-project/codespell,2018-10-02,1452.0,rank-4,265
Python,https://github.com/codespell-project/codespell,2018-10-03,1458.0,rank-4,267
Python,https://github.com/codespell-project/codespell,2018-10-04,1460.0,rank-4,267
Python,https://github.com/codespell-project/codespell,2018-10-05,1464.0,rank-4,267
Python,https://github.com/codespell-project/codespell,2018-10-06,1465.0,rank-4,267
Python,https://github.com/codespell-project/codespell,2018-10-08,1468.0,rank-4,267
Python,https://github.com/codespell-project/codespell,2018-10-09,1469.0,rank-4,267
Python,https://github.com/codespell-project/codespell,2018-10-11,1471.0,rank-4,267
Python,https://github.com/codespell-project/codespell,2018-10-12,1475.0,rank-4,267
Python,https://github.com/codespell-project/codespell,2018-10-13,1476.0,rank-4,267
Python,https://github.com/codespell-project/codespell,2018-10-14,1477.0,rank-4,267
Python,https://github.com/codespell-project/codespell,2018-10-15,1479.0,rank-4,267
Python,https://github.com/codespell-project/codespell,2018-10-16,1482.0,rank-4,267
Python,https://github.com/codespell-project/codespell,2018-10-17,1486.0,rank-4,267
Python,https://github.com/codespell-project/codespell,2018-10-21,1487.0,rank-4,267
Python,https://github.com/codespell-project/codespell,2018-10-22,1494.0,rank-4,267
Python,https://github.com/codespell-project/codespell,2018-10-23,1495.0,rank-4,267
Python,https://github.com/codespell-project/codespell,2018-10-24,1499.0,rank-4,267
Python,https://github.com/codespell-project/codespell,2018-10-25,1500.0,rank-4,267
Python,https://github.com/codespell-project/codespell,2018-10-26,1502.0,rank-4,267
Python,https://github.com/codespell-project/codespell,2018-10-27,1504.0,rank-4,267
Python,https://github.com/codespell-project/codespell,2018-10-28,1505.0,rank-4,267
Python,https://github.com/codespell-project/codespell,2018-10-29,1512.0,rank-4,267
Python,https://github.com/codespell-project/codespell,2018-10-30,1516.0,rank-4,267
Python,https://github.com/codespell-project/codespell,2018-10-31,1519.0,rank-4,267
Python,https://github.com/codespell-project/codespell,2018-11-02,1520.0,rank-4,267
Python,https://github.com/codespell-project/codespell,2018-11-03,1521.0,rank-4,267
Python,https://github.com/codespell-project/codespell,2018-11-04,1522.0,rank-4,267
Python,https://github.com/codespell-project/codespell,2018-11-05,1529.0,rank-4,268
Python,https://github.com/codespell-project/codespell,2018-11-06,1531.0,rank-4,268
Python,https://github.com/codespell-project/codespell,2018-11-07,1535.0,rank-4,268
Python,https://github.com/codespell-project/codespell,2018-11-08,1536.0,rank-4,268
Python,https://github.com/codespell-project/codespell,2018-11-10,1537.0,rank-4,268
Python,https://github.com/codespell-project/codespell,2018-11-12,1539.0,rank-4,268
Python,https://github.com/codespell-project/codespell,2018-11-13,1542.0,rank-4,268
Python,https://github.com/codespell-project/codespell,2018-11-17,1543.0,rank-4,268
Python,https://github.com/codespell-project/codespell,2018-11-19,1544.0,rank-4,268
Python,https://github.com/codespell-project/codespell,2018-11-20,1547.0,rank-4,268
Python,https://github.com/codespell-project/codespell,2018-11-24,1548.0,rank-4,268
Python,https://github.com/codespell-project/codespell,2018-11-26,1551.0,rank-4,268
Python,https://github.com/codespell-project/codespell,2018-11-29,1553.0,rank-4,268
Python,https://github.com/codespell-project/codespell,2018-12-01,1554.0,rank-4,268
Python,https://github.com/codespell-project/codespell,2018-12-02,1555.0,rank-4,268
Python,https://github.com/codespell-project/codespell,2018-12-06,1556.0,rank-4,268
Python,https://github.com/codespell-project/codespell,2018-12-07,1557.0,rank-4,268
Python,https://github.com/codespell-project/codespell,2018-12-08,1561.0,rank-4,268
Python,https://github.com/codespell-project/codespell,2018-12-10,1562.0,rank-4,268
Python,https://github.com/codespell-project/codespell,2018-12-11,1564.0,rank-4,268
Python,https://github.com/codespell-project/codespell,2018-12-12,1565.0,rank-4,268
Python,https://github.com/codespell-project/codespell,2018-12-13,1566.0,rank-4,268
Python,https://github.com/codespell-project/codespell,2018-12-14,1567.0,rank-4,268
Python,https://github.com/codespell-project/codespell,2018-12-19,1568.0,rank-4,269
Python,https://github.com/codespell-project/codespell,2018-12-23,1569.0,rank-4,269
Python,https://github.com/codespell-project/codespell,2018-12-26,1570.0,rank-4,269
Python,https://github.com/codespell-project/codespell,2018-12-27,1571.0,rank-4,269
Python,https://github.com/codespell-project/codespell,2018-12-28,1572.0,rank-4,269
Python,https://github.com/codespell-project/codespell,2018-12-30,1573.0,rank-4,269
Python,https://github.com/codespell-project/codespell,2019-01-07,1581.0,rank-4,269
Python,https://github.com/codespell-project/codespell,2019-01-09,1582.0,rank-4,269
Python,https://github.com/codespell-project/codespell,2019-01-10,1584.0,rank-4,269
Python,https://github.com/codespell-project/codespell,2019-01-11,1586.0,rank-4,269
Python,https://github.com/codespell-project/codespell,2019-01-12,1587.0,rank-4,269
Python,https://github.com/codespell-project/codespell,2019-01-13,1588.0,rank-4,269
Python,https://github.com/codespell-project/codespell,2019-01-14,1590.0,rank-4,269
Python,https://github.com/codespell-project/codespell,2019-01-15,1591.0,rank-4,269
Python,https://github.com/codespell-project/codespell,2019-01-16,1595.0,rank-4,269
Python,https://github.com/codespell-project/codespell,2019-01-17,1598.0,rank-4,269
Python,https://github.com/codespell-project/codespell,2019-01-18,1601.0,rank-4,269
Python,https://github.com/codespell-project/codespell,2019-01-19,1603.0,rank-4,269
Python,https://github.com/codespell-project/codespell,2019-01-20,1604.0,rank-4,269
Python,https://github.com/codespell-project/codespell,2019-01-22,1607.0,rank-4,269
Python,https://github.com/codespell-project/codespell,2019-01-24,1609.0,rank-4,269
Python,https://github.com/codespell-project/codespell,2019-01-25,1611.0,rank-4,269
Python,https://github.com/codespell-project/codespell,2019-01-27,1612.0,rank-4,269
Python,https://github.com/codespell-project/codespell,2019-01-29,1614.0,rank-4,269
Python,https://github.com/codespell-project/codespell,2019-01-30,1615.0,rank-4,269
Python,https://github.com/codespell-project/codespell,2019-01-31,1616.0,rank-4,269
Python,https://github.com/codespell-project/codespell,2019-02-04,1617.0,rank-4,270
Python,https://github.com/codespell-project/codespell,2019-02-05,1619.0,rank-4,270
Python,https://github.com/codespell-project/codespell,2019-02-06,1620.0,rank-4,270
Python,https://github.com/codespell-project/codespell,2019-02-10,1624.0,rank-4,270
Python,https://github.com/codespell-project/codespell,2019-02-13,1627.0,rank-4,271
Python,https://github.com/codespell-project/codespell,2019-02-14,1628.0,rank-4,271
Python,https://github.com/codespell-project/codespell,2019-02-20,1630.0,rank-4,271
Python,https://github.com/codespell-project/codespell,2019-02-21,1631.0,rank-4,271
Python,https://github.com/codespell-project/codespell,2019-02-24,1633.0,rank-4,271
Python,https://github.com/codespell-project/codespell,2019-02-25,1635.0,rank-4,271
Python,https://github.com/codespell-project/codespell,2019-02-26,1636.0,rank-4,271
Python,https://github.com/codespell-project/codespell,2019-02-27,1637.0,rank-4,271
Python,https://github.com/codespell-project/codespell,2019-02-28,1638.0,rank-4,271
Python,https://github.com/codespell-project/codespell,2019-03-01,1639.0,rank-4,271
Python,https://github.com/codespell-project/codespell,2019-03-04,1641.0,rank-4,271
Python,https://github.com/codespell-project/codespell,2019-03-05,1642.0,rank-4,271
Python,https://github.com/codespell-project/codespell,2019-03-06,1645.0,rank-4,271
Python,https://github.com/codespell-project/codespell,2019-03-07,1646.0,rank-4,271
Python,https://github.com/codespell-project/codespell,2019-03-08,1647.0,rank-4,271
Python,https://github.com/codespell-project/codespell,2019-03-10,1652.0,rank-4,271
Python,https://github.com/codespell-project/codespell,2019-03-11,1654.0,rank-4,271
Python,https://github.com/codespell-project/codespell,2019-03-12,1657.0,rank-4,271
Python,https://github.com/codespell-project/codespell,2019-03-13,1661.0,rank-4,271
Python,https://github.com/codespell-project/codespell,2019-03-15,1664.0,rank-4,271
Python,https://github.com/codespell-project/codespell,2019-03-16,1735.0,rank-4,271
Python,https://github.com/codespell-project/codespell,2019-03-17,1740.0,rank-4,271
Python,https://github.com/codespell-project/codespell,2019-03-18,1746.0,rank-4,271
Python,https://github.com/codespell-project/codespell,2019-03-19,2022.0,rank-4,271
Python,https://github.com/codespell-project/codespell,2019-03-20,2028.0,rank-4,271
Python,https://github.com/codespell-project/codespell,2019-03-21,2029.0,rank-4,271
Python,https://github.com/codespell-project/codespell,2019-03-23,2030.0,rank-4,271
Python,https://github.com/codespell-project/codespell,2019-03-26,2036.0,rank-4,271
Python,https://github.com/codespell-project/codespell,2019-03-27,2037.0,rank-4,271
Python,https://github.com/codespell-project/codespell,2019-03-28,2040.0,rank-4,271
Python,https://github.com/codespell-project/codespell,2019-03-29,2044.0,rank-4,271
Python,https://github.com/codespell-project/codespell,2019-04-01,2045.0,rank-4,271
Python,https://github.com/codespell-project/codespell,2019-04-02,2046.0,rank-4,271
Python,https://github.com/codespell-project/codespell,2019-04-04,2060.0,rank-4,271
Python,https://github.com/codespell-project/codespell,2019-04-08,2069.0,rank-4,272
Python,https://github.com/codespell-project/codespell,2019-04-10,2071.0,rank-4,272
Python,https://github.com/codespell-project/codespell,2019-04-19,2072.0,rank-4,272
Python,https://github.com/codespell-project/codespell,2019-04-29,2085.0,rank-4,272
Python,https://github.com/codespell-project/codespell,2019-04-30,2094.0,rank-4,272
Python,https://github.com/codespell-project/codespell,2019-05-03,2095.0,rank-4,272
Python,https://github.com/codespell-project/codespell,2019-05-06,2099.0,rank-4,272
Python,https://github.com/codespell-project/codespell,2019-05-07,2102.0,rank-4,272
Python,https://github.com/codespell-project/codespell,2019-05-08,2105.0,rank-4,272
Python,https://github.com/codespell-project/codespell,2019-05-09,2108.0,rank-4,272
Python,https://github.com/codespell-project/codespell,2019-05-13,2109.0,rank-4,272
Python,https://github.com/codespell-project/codespell,2019-05-16,2110.0,rank-4,272
Python,https://github.com/codespell-project/codespell,2019-05-17,2114.0,rank-4,275
Python,https://github.com/codespell-project/codespell,2019-05-18,2115.0,rank-4,275
Python,https://github.com/codespell-project/codespell,2019-05-20,2118.0,rank-4,275
Python,https://github.com/codespell-project/codespell,2019-05-21,2119.0,rank-4,275
Python,https://github.com/codespell-project/codespell,2019-05-23,2124.0,rank-4,275
Python,https://github.com/codespell-project/codespell,2019-05-24,2132.0,rank-4,275
Python,https://github.com/codespell-project/codespell,2019-05-25,2135.0,rank-4,275
Python,https://github.com/codespell-project/codespell,2019-05-26,2152.0,rank-4,275
Python,https://github.com/codespell-project/codespell,2019-05-27,2170.0,rank-4,275
Python,https://github.com/codespell-project/codespell,2019-05-28,2220.0,rank-4,275
Python,https://github.com/codespell-project/codespell,2019-05-29,2237.0,rank-4,275
Python,https://github.com/codespell-project/codespell,2019-05-30,2238.0,rank-4,275
Python,https://github.com/codespell-project/codespell,2019-06-01,2241.0,rank-4,275
Python,https://github.com/codespell-project/codespell,2019-06-02,2244.0,rank-4,275
Python,https://github.com/codespell-project/codespell,2019-06-03,2245.0,rank-4,275
Python,https://github.com/codespell-project/codespell,2019-06-06,2250.0,rank-4,275
Python,https://github.com/codespell-project/codespell,2019-06-08,2252.0,rank-4,275
Python,https://github.com/codespell-project/codespell,2019-06-09,2260.0,rank-4,275
Python,https://github.com/codespell-project/codespell,2019-06-10,2264.0,rank-4,275
Python,https://github.com/codespell-project/codespell,2019-06-11,2267.0,rank-4,275
Python,https://github.com/codespell-project/codespell,2019-06-12,2273.0,rank-4,275
Python,https://github.com/codespell-project/codespell,2019-06-13,2277.0,rank-4,275
Python,https://github.com/codespell-project/codespell,2019-06-15,2278.0,rank-4,275
Python,https://github.com/codespell-project/codespell,2019-06-16,2281.0,rank-4,275
Python,https://github.com/codespell-project/codespell,2019-06-17,2286.0,rank-4,275
Python,https://github.com/codespell-project/codespell,2019-06-18,2296.0,rank-4,275
Python,https://github.com/codespell-project/codespell,2019-06-19,2298.0,rank-4,275
Python,https://github.com/codespell-project/codespell,2019-06-20,2300.0,rank-4,275
Python,https://github.com/codespell-project/codespell,2019-06-21,2301.0,rank-4,275
Python,https://github.com/codespell-project/codespell,2019-06-22,2302.0,rank-4,275
Python,https://github.com/codespell-project/codespell,2019-06-24,2303.0,rank-4,275
Python,https://github.com/codespell-project/codespell,2019-06-25,2305.0,rank-4,275
Python,https://github.com/codespell-project/codespell,2019-06-27,2306.0,rank-4,275
Python,https://github.com/codespell-project/codespell,2019-06-28,2309.0,rank-4,275
Python,https://github.com/codespell-project/codespell,2019-06-29,2310.0,rank-4,275
Python,https://github.com/codespell-project/codespell,2019-07-02,2312.0,rank-4,275
Python,https://github.com/codespell-project/codespell,2019-07-05,2321.0,rank-4,275
Python,https://github.com/codespell-project/codespell,2019-07-06,2325.0,rank-4,275
Python,https://github.com/codespell-project/codespell,2019-07-07,2326.0,rank-4,275
Python,https://github.com/codespell-project/codespell,2019-07-08,2328.0,rank-4,275
Python,https://github.com/codespell-project/codespell,2019-07-11,2329.0,rank-4,275
Python,https://github.com/codespell-project/codespell,2019-07-17,2340.0,rank-4,275
Python,https://github.com/codespell-project/codespell,2019-07-18,2341.0,rank-4,275
Python,https://github.com/codespell-project/codespell,2019-07-23,2342.0,rank-4,275
Python,https://github.com/codespell-project/codespell,2019-07-29,2351.0,rank-4,277
Python,https://github.com/codespell-project/codespell,2019-07-31,2352.0,rank-4,277
Python,https://github.com/codespell-project/codespell,2019-08-06,2357.0,rank-4,277
Python,https://github.com/codespell-project/codespell,2019-08-07,2363.0,rank-4,278
Python,https://github.com/codespell-project/codespell,2019-08-10,2364.0,rank-4,278
Python,https://github.com/codespell-project/codespell,2019-08-12,2365.0,rank-4,278
Python,https://github.com/codespell-project/codespell,2019-08-13,2366.0,rank-4,278
Python,https://github.com/codespell-project/codespell,2019-08-14,2367.0,rank-4,278
Python,https://github.com/codespell-project/codespell,2019-08-16,2372.0,rank-4,278
Python,https://github.com/codespell-project/codespell,2019-08-20,2374.0,rank-4,278
Python,https://github.com/codespell-project/codespell,2019-08-27,2375.0,rank-4,278
Python,https://github.com/codespell-project/codespell,2019-08-29,2382.0,rank-4,278
Python,https://github.com/codespell-project/codespell,2019-08-30,2383.0,rank-4,278
Python,https://github.com/codespell-project/codespell,2019-09-03,2384.0,rank-4,278
Python,https://github.com/codespell-project/codespell,2019-09-09,2387.0,rank-4,278
Python,https://github.com/codespell-project/codespell,2019-09-11,2388.0,rank-4,278
Python,https://github.com/codespell-project/codespell,2019-09-12,2392.0,rank-4,280
Python,https://github.com/codespell-project/codespell,2019-09-13,2395.0,rank-4,280
Python,https://github.com/codespell-project/codespell,2019-09-15,2398.0,rank-4,280
Python,https://github.com/codespell-project/codespell,2019-09-16,2401.0,rank-4,280
Python,https://github.com/codespell-project/codespell,2019-09-18,2403.0,rank-4,280
Python,https://github.com/codespell-project/codespell,2019-09-19,2406.0,rank-4,280
Python,https://github.com/codespell-project/codespell,2019-09-21,2407.0,rank-4,280
Python,https://github.com/codespell-project/codespell,2019-09-23,2408.0,rank-4,280
Python,https://github.com/codespell-project/codespell,2019-09-26,2418.0,rank-4,280
Python,https://github.com/codespell-project/codespell,2019-09-27,2419.0,rank-4,280
Python,https://github.com/codespell-project/codespell,2019-10-03,2420.0,rank-4,280
Python,https://github.com/codespell-project/codespell,2019-10-07,2422.0,rank-4,280
Python,https://github.com/codespell-project/codespell,2019-10-08,2425.0,rank-4,280
Python,https://github.com/codespell-project/codespell,2019-10-09,2427.0,rank-4,280
Python,https://github.com/codespell-project/codespell,2019-10-10,2437.0,rank-4,280
Python,https://github.com/codespell-project/codespell,2019-10-11,2439.0,rank-4,280
Python,https://github.com/codespell-project/codespell,2019-10-12,2446.0,rank-4,280
Python,https://github.com/codespell-project/codespell,2019-10-13,2447.0,rank-4,280
Python,https://github.com/codespell-project/codespell,2019-10-14,2448.0,rank-4,280
Python,https://github.com/codespell-project/codespell,2019-10-15,2453.0,rank-4,280
Python,https://github.com/codespell-project/codespell,2019-10-16,2455.0,rank-4,280
Python,https://github.com/codespell-project/codespell,2019-10-17,2470.0,rank-4,280
Python,https://github.com/codespell-project/codespell,2019-10-18,2471.0,rank-4,280
Python,https://github.com/codespell-project/codespell,2019-10-21,2480.0,rank-4,280
Python,https://github.com/codespell-project/codespell,2019-10-22,2483.0,rank-4,280
Python,https://github.com/codespell-project/codespell,2019-10-23,2485.0,rank-4,280
Python,https://github.com/codespell-project/codespell,2019-10-25,2488.0,rank-4,280
Python,https://github.com/codespell-project/codespell,2019-10-26,2489.0,rank-4,280
Python,https://github.com/codespell-project/codespell,2019-10-27,2490.0,rank-4,280
Python,https://github.com/codespell-project/codespell,2019-11-04,2492.0,rank-4,280
Python,https://github.com/codespell-project/codespell,2019-11-05,2493.0,rank-4,280
Python,https://github.com/codespell-project/codespell,2019-11-06,2494.0,rank-4,280
Python,https://github.com/codespell-project/codespell,2019-11-07,2498.0,rank-4,280
Python,https://github.com/codespell-project/codespell,2019-11-13,2504.0,rank-4,280
Python,https://github.com/codespell-project/codespell,2019-11-15,2505.0,rank-4,280
Python,https://github.com/codespell-project/codespell,2019-11-19,2506.0,rank-4,280
Python,https://github.com/codespell-project/codespell,2019-11-20,2507.0,rank-4,280
Python,https://github.com/codespell-project/codespell,2019-11-21,2508.0,rank-4,280
Python,https://github.com/codespell-project/codespell,2019-11-22,2509.0,rank-4,280
Python,https://github.com/codespell-project/codespell,2019-11-26,2519.0,rank-4,280
Python,https://github.com/codespell-project/codespell,2019-11-27,2521.0,rank-4,280
Python,https://github.com/codespell-project/codespell,2019-11-29,2522.0,rank-4,280
Python,https://github.com/codespell-project/codespell,2019-12-01,2523.0,rank-4,280
Python,https://github.com/codespell-project/codespell,2019-12-02,2525.0,rank-4,280
Python,https://github.com/codespell-project/codespell,2019-12-03,2529.0,rank-4,280
Python,https://github.com/codespell-project/codespell,2019-12-04,2530.0,rank-4,280
Python,https://github.com/codespell-project/codespell,2019-12-05,2533.0,rank-4,280
Python,https://github.com/codespell-project/codespell,2019-12-06,2535.0,rank-4,280
Python,https://github.com/codespell-project/codespell,2019-12-08,2537.0,rank-4,280
Python,https://github.com/codespell-project/codespell,2019-12-10,2540.0,rank-4,280
Python,https://github.com/codespell-project/codespell,2019-12-11,2541.0,rank-4,280
Python,https://github.com/codespell-project/codespell,2019-12-12,2544.0,rank-4,280
Python,https://github.com/codespell-project/codespell,2019-12-13,2545.0,rank-4,280
Python,https://github.com/codespell-project/codespell,2019-12-16,2547.0,rank-4,280
Python,https://github.com/codespell-project/codespell,2019-12-17,2548.0,rank-4,280
Python,https://github.com/codespell-project/codespell,2019-12-18,2565.0,rank-4,280
Python,https://github.com/codespell-project/codespell,2019-12-19,2601.0,rank-4,280
Python,https://github.com/codespell-project/codespell,2019-12-20,2602.0,rank-4,280
Python,https://github.com/codespell-project/codespell,2019-12-21,2603.0,rank-4,280
Python,https://github.com/codespell-project/codespell,2019-12-22,2608.0,rank-4,280
Python,https://github.com/codespell-project/codespell,2019-12-23,2611.0,rank-4,280
Python,https://github.com/codespell-project/codespell,2019-12-25,2612.0,rank-4,280
Python,https://github.com/codespell-project/codespell,2019-12-26,2616.0,rank-4,280
Python,https://github.com/codespell-project/codespell,2019-12-28,2618.0,rank-4,280
Python,https://github.com/codespell-project/codespell,2019-12-29,2619.0,rank-4,280
Python,https://github.com/codespell-project/codespell,2020-01-02,2620.0,rank-4,280
Python,https://github.com/codespell-project/codespell,2020-01-06,2623.0,rank-4,280
Python,https://github.com/codespell-project/codespell,2020-01-08,2624.0,rank-4,280
Python,https://github.com/codespell-project/codespell,2020-01-09,2628.0,rank-4,280
Python,https://github.com/codespell-project/codespell,2020-01-13,2629.0,rank-4,280
Python,https://github.com/codespell-project/codespell,2020-01-14,2632.0,rank-4,280
Python,https://github.com/codespell-project/codespell,2020-01-15,2635.0,rank-4,281
Python,https://github.com/codespell-project/codespell,2020-01-17,2636.0,rank-4,281
Python,https://github.com/codespell-project/codespell,2020-01-18,2637.0,rank-4,281
Python,https://github.com/codespell-project/codespell,2020-01-23,2640.0,rank-4,283
Python,https://github.com/codespell-project/codespell,2020-02-03,2641.0,rank-4,283
Python,https://github.com/codespell-project/codespell,2020-02-05,2643.0,rank-4,283
Python,https://github.com/codespell-project/codespell,2020-02-17,2645.0,rank-4,283
Python,https://github.com/codespell-project/codespell,2020-02-25,2646.0,rank-4,283
Python,https://github.com/codespell-project/codespell,2020-02-28,2647.0,rank-4,283
Python,https://github.com/codespell-project/codespell,2020-03-02,2648.0,rank-4,283
Python,https://github.com/codespell-project/codespell,2020-03-03,2653.0,rank-4,283
Python,https://github.com/codespell-project/codespell,2020-03-04,2655.0,rank-4,283
Python,https://github.com/codespell-project/codespell,2020-03-05,2656.0,rank-4,283
Python,https://github.com/codespell-project/codespell,2020-03-06,2657.0,rank-4,283
Python,https://github.com/codespell-project/codespell,2020-03-07,2658.0,rank-4,283
Python,https://github.com/codespell-project/codespell,2020-03-10,2660.0,rank-4,283
Python,https://github.com/codespell-project/codespell,2020-03-11,2661.0,rank-4,283
Python,https://github.com/codespell-project/codespell,2020-03-12,2662.0,rank-4,283
Python,https://github.com/codespell-project/codespell,2020-03-13,2667.0,rank-4,283
Python,https://github.com/codespell-project/codespell,2020-03-14,2670.0,rank-4,283
Python,https://github.com/codespell-project/codespell,2020-03-15,2673.0,rank-4,283
Python,https://github.com/codespell-project/codespell,2020-03-16,2675.0,rank-4,283
Python,https://github.com/codespell-project/codespell,2020-03-17,2676.0,rank-4,283
Python,https://github.com/codespell-project/codespell,2020-03-19,2677.0,rank-4,283
Python,https://github.com/codespell-project/codespell,2020-03-21,2678.0,rank-4,283
Python,https://github.com/codespell-project/codespell,2020-03-25,2679.0,rank-4,283
Python,https://github.com/codespell-project/codespell,2020-03-26,2684.0,rank-4,283
Python,https://github.com/codespell-project/codespell,2020-03-27,2686.0,rank-4,283
Python,https://github.com/codespell-project/codespell,2020-03-28,2687.0,rank-4,283
Python,https://github.com/codespell-project/codespell,2020-03-29,2689.0,rank-4,283
Python,https://github.com/codespell-project/codespell,2020-03-30,2691.0,rank-4,283
Python,https://github.com/codespell-project/codespell,2020-03-31,2694.0,rank-4,283
Python,https://github.com/codespell-project/codespell,2020-04-01,2696.0,rank-4,283
Python,https://github.com/codespell-project/codespell,2020-04-02,2697.0,rank-4,283
Python,https://github.com/codespell-project/codespell,2020-04-03,2698.0,rank-4,283
Python,https://github.com/codespell-project/codespell,2020-04-04,2702.0,rank-4,283
Python,https://github.com/codespell-project/codespell,2020-04-05,2706.0,rank-4,283
Python,https://github.com/codespell-project/codespell,2020-04-06,2708.0,rank-4,283
Python,https://github.com/codespell-project/codespell,2020-04-07,2711.0,rank-4,283
Python,https://github.com/codespell-project/codespell,2020-04-10,2712.0,rank-4,283
Python,https://github.com/codespell-project/codespell,2020-04-13,2713.0,rank-4,283
Python,https://github.com/codespell-project/codespell,2020-04-15,2714.0,rank-4,283
Python,https://github.com/codespell-project/codespell,2020-04-17,2715.0,rank-4,283
Python,https://github.com/codespell-project/codespell,2020-04-18,2716.0,rank-4,283
Python,https://github.com/codespell-project/codespell,2020-04-19,2717.0,rank-4,283
Python,https://github.com/codespell-project/codespell,2020-04-21,2719.0,rank-4,283
Python,https://github.com/codespell-project/codespell,2020-04-23,2720.0,rank-4,283
Python,https://github.com/codespell-project/codespell,2020-04-24,2726.0,rank-4,283
Python,https://github.com/codespell-project/codespell,2020-04-25,2727.0,rank-4,283
Python,https://github.com/codespell-project/codespell,2020-04-27,2729.0,rank-4,283
Python,https://github.com/codespell-project/codespell,2020-04-29,2731.0,rank-4,283
Python,https://github.com/codespell-project/codespell,2020-04-30,2735.0,rank-4,283
Python,https://github.com/codespell-project/codespell,2020-05-02,2736.0,rank-4,283
Python,https://github.com/codespell-project/codespell,2020-05-06,2737.0,rank-4,283
Python,https://github.com/codespell-project/codespell,2020-05-07,2740.0,rank-4,283
Python,https://github.com/codespell-project/codespell,2020-05-10,2741.0,rank-4,283
Python,https://github.com/codespell-project/codespell,2020-05-11,2745.0,rank-4,283
Python,https://github.com/codespell-project/codespell,2020-05-12,2746.0,rank-4,283
Python,https://github.com/codespell-project/codespell,2020-05-13,2748.0,rank-4,283
Python,https://github.com/codespell-project/codespell,2020-05-14,2749.0,rank-4,283
Python,https://github.com/codespell-project/codespell,2020-05-16,2752.0,rank-4,283
Python,https://github.com/codespell-project/codespell,2020-05-18,2756.0,rank-4,283
Python,https://github.com/codespell-project/codespell,2020-05-19,2757.0,rank-4,283
Python,https://github.com/codespell-project/codespell,2020-05-20,2764.0,rank-4,284
Python,https://github.com/codespell-project/codespell,2020-05-21,2769.0,rank-4,287
Python,https://github.com/codespell-project/codespell,2020-05-22,2777.0,rank-4,289
Python,https://github.com/codespell-project/codespell,2020-05-24,2780.0,rank-4,289
Python,https://github.com/codespell-project/codespell,2020-05-25,2781.0,rank-4,289
Python,https://github.com/codespell-project/codespell,2020-05-26,2783.0,rank-4,289
Python,https://github.com/codespell-project/codespell,2020-05-27,2788.0,rank-4,289
Python,https://github.com/codespell-project/codespell,2020-05-28,2789.0,rank-4,289
Python,https://github.com/codespell-project/codespell,2020-05-29,2790.0,rank-4,289
Python,https://github.com/codespell-project/codespell,2020-05-30,2793.0,rank-4,289
Python,https://github.com/codespell-project/codespell,2020-05-31,2796.0,rank-4,289
Python,https://github.com/codespell-project/codespell,2020-06-01,2797.0,rank-4,289
Python,https://github.com/codespell-project/codespell,2020-06-03,2800.0,rank-4,289
Python,https://github.com/codespell-project/codespell,2020-06-04,2801.0,rank-4,289
Python,https://github.com/codespell-project/codespell,2020-06-05,2804.0,rank-4,289
Python,https://github.com/codespell-project/codespell,2020-06-06,2811.0,rank-4,289
Python,https://github.com/codespell-project/codespell,2020-06-07,2812.0,rank-4,289
Python,https://github.com/codespell-project/codespell,2020-06-08,2816.0,rank-4,291
Python,https://github.com/codespell-project/codespell,2020-06-09,2819.0,rank-4,292
Python,https://github.com/codespell-project/codespell,2020-06-10,2825.0,rank-4,294
Python,https://github.com/codespell-project/codespell,2020-06-11,2829.0,rank-4,294
Python,https://github.com/codespell-project/codespell,2020-06-12,2831.0,rank-4,295
Python,https://github.com/codespell-project/codespell,2020-06-13,2832.0,rank-4,295
Python,https://github.com/codespell-project/codespell,2020-06-14,2835.0,rank-4,295
Python,https://github.com/codespell-project/codespell,2020-06-15,2840.0,rank-4,297
Python,https://github.com/codespell-project/codespell,2020-06-16,2842.0,rank-4,298
Python,https://github.com/codespell-project/codespell,2020-06-17,2848.0,rank-4,298
Python,https://github.com/codespell-project/codespell,2020-06-18,2849.0,rank-4,298
Python,https://github.com/codespell-project/codespell,2020-06-19,2850.0,rank-4,298
Python,https://github.com/codespell-project/codespell,2020-06-20,2856.0,rank-4,298
Python,https://github.com/codespell-project/codespell,2020-06-21,2857.0,rank-4,298
Python,https://github.com/codespell-project/codespell,2020-06-22,2858.0,rank-4,298
Python,https://github.com/codespell-project/codespell,2020-06-24,2859.0,rank-4,298
Python,https://github.com/codespell-project/codespell,2020-06-30,2861.0,rank-4,298
Python,https://github.com/codespell-project/codespell,2020-07-01,2863.0,rank-4,298
Python,https://github.com/codespell-project/codespell,2020-07-02,2864.0,rank-4,298
Python,https://github.com/codespell-project/codespell,2020-07-03,2865.0,rank-4,298
Python,https://github.com/codespell-project/codespell,2020-07-06,2870.0,rank-4,298
Python,https://github.com/codespell-project/codespell,2020-07-07,2876.0,rank-4,298
Python,https://github.com/codespell-project/codespell,2020-07-08,2877.0,rank-4,298
Python,https://github.com/codespell-project/codespell,2020-07-09,2878.0,rank-4,298
Python,https://github.com/codespell-project/codespell,2020-07-10,2879.0,rank-4,298
Python,https://github.com/codespell-project/codespell,2020-07-13,2880.0,rank-4,298
Python,https://github.com/codespell-project/codespell,2020-07-15,2881.0,rank-4,298
Python,https://github.com/codespell-project/codespell,2020-07-16,2883.0,rank-4,298
Python,https://github.com/codespell-project/codespell,2020-07-18,2884.0,rank-4,298
Python,https://github.com/codespell-project/codespell,2020-07-20,2885.0,rank-4,298
Python,https://github.com/codespell-project/codespell,2020-07-21,2888.0,rank-4,298
Python,https://github.com/codespell-project/codespell,2020-07-22,2890.0,rank-4,298
Python,https://github.com/codespell-project/codespell,2020-07-23,2894.0,rank-4,298
Python,https://github.com/codespell-project/codespell,2020-07-24,2895.0,rank-4,298
Python,https://github.com/codespell-project/codespell,2020-07-27,2899.0,rank-4,298
Python,https://github.com/codespell-project/codespell,2020-07-28,2905.0,rank-4,298
Python,https://github.com/codespell-project/codespell,2020-07-29,2906.0,rank-4,298
Python,https://github.com/codespell-project/codespell,2020-07-30,2907.0,rank-4,298
Python,https://github.com/codespell-project/codespell,2020-07-31,2911.0,rank-4,298
Python,https://github.com/codespell-project/codespell,2020-08-01,2912.0,rank-4,298
Python,https://github.com/codespell-project/codespell,2020-08-03,2917.0,rank-4,298
Python,https://github.com/codespell-project/codespell,2020-08-04,2919.0,rank-4,298
Python,https://github.com/codespell-project/codespell,2020-08-05,2921.0,rank-4,298
Python,https://github.com/codespell-project/codespell,2020-08-06,2926.0,rank-4,298
Python,https://github.com/codespell-project/codespell,2020-08-07,2929.0,rank-4,298
Python,https://github.com/codespell-project/codespell,2020-08-08,2930.0,rank-4,298
Python,https://github.com/codespell-project/codespell,2020-08-10,2934.0,rank-4,298
Python,https://github.com/codespell-project/codespell,2020-08-11,2951.0,rank-4,298
Python,https://github.com/codespell-project/codespell,2020-08-12,2958.0,rank-4,298
Python,https://github.com/codespell-project/codespell,2020-08-13,2969.0,rank-4,298
Python,https://github.com/codespell-project/codespell,2020-08-14,2980.0,rank-4,298
Python,https://github.com/codespell-project/codespell,2020-08-15,2981.0,rank-4,298
Python,https://github.com/codespell-project/codespell,2020-08-16,2982.0,rank-4,298
Python,https://github.com/codespell-project/codespell,2020-08-17,2989.0,rank-4,298
Python,https://github.com/codespell-project/codespell,2020-08-18,3012.0,rank-4,298
Python,https://github.com/codespell-project/codespell,2020-08-19,3015.0,rank-4,298
Python,https://github.com/codespell-project/codespell,2020-08-21,3016.0,rank-4,298
Python,https://github.com/codespell-project/codespell,2020-08-24,3019.0,rank-4,298
Python,https://github.com/codespell-project/codespell,2020-08-26,3020.0,rank-4,298
Python,https://github.com/codespell-project/codespell,2020-08-27,3023.0,rank-4,298
Python,https://github.com/codespell-project/codespell,2020-08-28,3036.0,rank-4,298
Python,https://github.com/codespell-project/codespell,2020-08-29,3037.0,rank-4,298
Python,https://github.com/codespell-project/codespell,2020-08-30,3053.0,rank-4,298
Python,https://github.com/codespell-project/codespell,2020-08-31,3066.0,rank-4,298
Python,https://github.com/codespell-project/codespell,2020-09-01,3071.0,rank-4,298
Python,https://github.com/codespell-project/codespell,2020-09-02,3090.0,rank-4,298
Python,https://github.com/codespell-project/codespell,2020-09-03,3102.0,rank-4,298
Python,https://github.com/codespell-project/codespell,2020-09-04,3105.0,rank-4,298
Python,https://github.com/codespell-project/codespell,2020-09-05,3109.0,rank-4,298
Python,https://github.com/codespell-project/codespell,2020-09-08,3110.0,rank-4,298
Python,https://github.com/codespell-project/codespell,2020-09-13,3111.0,rank-4,298
Python,https://github.com/codespell-project/codespell,2020-09-14,3119.0,rank-4,298
Python,https://github.com/codespell-project/codespell,2020-09-21,3133.0,rank-4,298
Python,https://github.com/codespell-project/codespell,2020-09-22,3153.0,rank-4,298
Python,https://github.com/codespell-project/codespell,2020-09-23,3179.0,rank-4,298
Python,https://github.com/codespell-project/codespell,2020-09-24,3183.0,rank-4,298
Python,https://github.com/codespell-project/codespell,2020-09-26,3185.0,rank-4,298
Python,https://github.com/codespell-project/codespell,2020-09-27,3186.0,rank-4,298
Python,https://github.com/codespell-project/codespell,2020-09-28,3190.0,rank-4,298
Python,https://github.com/codespell-project/codespell,2020-10-01,3193.0,rank-4,298
Python,https://github.com/codespell-project/codespell,2020-10-02,3209.0,rank-4,298
Python,https://github.com/codespell-project/codespell,2020-10-03,3210.0,rank-4,298
Python,https://github.com/codespell-project/codespell,2020-10-07,3212.0,rank-4,298
Python,https://github.com/codespell-project/codespell,2020-10-12,3214.0,rank-4,298
Python,https://github.com/codespell-project/codespell,2020-10-13,3215.0,rank-4,298
Python,https://github.com/codespell-project/codespell,2020-10-14,3218.0,rank-4,298
Python,https://github.com/codespell-project/codespell,2020-10-17,3221.0,rank-4,298
Python,https://github.com/codespell-project/codespell,2020-10-20,3222.0,rank-4,298
Python,https://github.com/codespell-project/codespell,2020-10-21,3225.0,rank-4,298
Python,https://github.com/codespell-project/codespell,2020-10-22,3232.0,rank-4,298
Python,https://github.com/codespell-project/codespell,2020-10-23,3236.0,rank-4,298
Python,https://github.com/codespell-project/codespell,2020-10-24,3240.0,rank-4,298
Python,https://github.com/codespell-project/codespell,2020-10-27,3246.0,rank-4,298
Python,https://github.com/codespell-project/codespell,2020-10-28,3249.0,rank-4,298
Python,https://github.com/codespell-project/codespell,2020-10-29,3254.0,rank-4,298
Python,https://github.com/codespell-project/codespell,2020-11-03,3275.0,rank-4,298
Python,https://github.com/codespell-project/codespell,2020-11-04,3276.0,rank-4,298
Python,https://github.com/codespell-project/codespell,2020-11-05,3279.0,rank-4,298
Python,https://github.com/codespell-project/codespell,2020-11-06,3281.0,rank-4,298
Python,https://github.com/codespell-project/codespell,2020-11-09,3285.0,rank-4,298
Python,https://github.com/codespell-project/codespell,2020-11-18,3308.0,rank-4,298
Python,https://github.com/codespell-project/codespell,2020-11-19,3313.0,rank-4,298
Python,https://github.com/codespell-project/codespell,2020-11-20,3316.0,rank-4,298
Python,https://github.com/codespell-project/codespell,2020-11-23,3325.0,rank-4,300
Python,https://github.com/codespell-project/codespell,2020-11-24,3326.0,rank-4,300
Python,https://github.com/codespell-project/codespell,2020-11-30,3329.0,rank-4,300
Python,https://github.com/codespell-project/codespell,2020-12-01,3338.0,rank-4,300
Python,https://github.com/codespell-project/codespell,2020-12-02,3341.0,rank-4,300
Python,https://github.com/codespell-project/codespell,2020-12-04,3345.0,rank-4,300
Python,https://github.com/codespell-project/codespell,2020-12-08,3359.0,rank-4,300
Python,https://github.com/codespell-project/codespell,2020-12-09,3372.0,rank-4,300
Python,https://github.com/codespell-project/codespell,2020-12-10,3375.0,rank-4,300
Python,https://github.com/codespell-project/codespell,2020-12-11,3381.0,rank-4,300
Python,https://github.com/codespell-project/codespell,2020-12-14,3387.0,rank-4,300
Python,https://github.com/codespell-project/codespell,2020-12-15,3390.0,rank-4,300
Python,https://github.com/codespell-project/codespell,2020-12-18,3391.0,rank-4,300
Python,https://github.com/codespell-project/codespell,2020-12-19,3392.0,rank-4,300
Python,https://github.com/codespell-project/codespell,2020-12-21,3396.0,rank-4,300
Python,https://github.com/codespell-project/codespell,2020-12-23,3399.0,rank-4,300
Python,https://github.com/codespell-project/codespell,2020-12-26,3400.0,rank-4,300
Python,https://github.com/codespell-project/codespell,2020-12-28,3406.0,rank-4,300
Python,https://github.com/codespell-project/codespell,2020-12-29,3410.0,rank-4,300
Python,https://github.com/codespell-project/codespell,2020-12-30,3411.0,rank-4,300
Python,https://github.com/codespell-project/codespell,2020-12-31,3412.0,rank-4,300
Python,https://github.com/codespell-project/codespell,2021-01-01,3414.0,rank-4,300
Python,https://github.com/codespell-project/codespell,2021-01-02,3415.0,rank-4,300
Python,https://github.com/codespell-project/codespell,2021-01-03,3416.0,rank-4,300
Python,https://github.com/codespell-project/codespell,2021-01-04,3418.0,rank-4,300
Python,https://github.com/codespell-project/codespell,2021-01-06,3424.0,rank-4,300
Python,https://github.com/codespell-project/codespell,2021-01-09,3430.0,rank-4,300
Python,https://github.com/codespell-project/codespell,2021-01-10,3433.0,rank-4,300
Python,https://github.com/codespell-project/codespell,2021-01-11,3437.0,rank-4,300
Python,https://github.com/codespell-project/codespell,2021-01-14,3446.0,rank-4,300
Python,https://github.com/codespell-project/codespell,2021-01-15,3447.0,rank-4,300
Python,https://github.com/codespell-project/codespell,2021-01-18,3449.0,rank-4,300
Python,https://github.com/codespell-project/codespell,2021-01-19,3452.0,rank-4,300
Python,https://github.com/codespell-project/codespell,2021-01-20,3454.0,rank-4,300
Python,https://github.com/codespell-project/codespell,2021-01-21,3455.0,rank-4,300
Python,https://github.com/codespell-project/codespell,2021-01-22,3458.0,rank-4,300
Python,https://github.com/codespell-project/codespell,2021-01-23,3461.0,rank-4,300
Python,https://github.com/codespell-project/codespell,2021-01-24,3464.0,rank-4,300
Python,https://github.com/codespell-project/codespell,2021-01-29,3465.0,rank-4,300
Python,https://github.com/codespell-project/codespell,2021-01-30,3467.0,rank-4,300
Python,https://github.com/codespell-project/codespell,2021-02-02,3469.0,rank-4,300
Python,https://github.com/codespell-project/codespell,2021-02-04,3470.0,rank-4,300
Python,https://github.com/codespell-project/codespell,2021-02-05,3471.0,rank-4,300
Python,https://github.com/codespell-project/codespell,2021-02-06,3472.0,rank-4,300
Python,https://github.com/codespell-project/codespell,2021-02-08,3474.0,rank-4,300
Python,https://github.com/codespell-project/codespell,2021-02-11,3478.0,rank-4,300
Python,https://github.com/codespell-project/codespell,2021-02-12,3479.0,rank-4,300
Python,https://github.com/codespell-project/codespell,2021-02-19,3501.0,rank-4,300
Python,https://github.com/codespell-project/codespell,2021-02-20,3509.0,rank-4,300
Python,https://github.com/codespell-project/codespell,2021-02-23,3510.0,rank-4,300
Python,https://github.com/codespell-project/codespell,2021-02-24,3512.0,rank-4,300
Python,https://github.com/codespell-project/codespell,2021-02-25,3513.0,rank-4,300
Python,https://github.com/codespell-project/codespell,2021-02-27,3515.0,rank-4,300
Python,https://github.com/codespell-project/codespell,2021-02-28,3516.0,rank-4,300
Python,https://github.com/codespell-project/codespell,2021-03-01,3519.0,rank-4,300
Python,https://github.com/codespell-project/codespell,2021-03-06,3520.0,rank-4,300
Python,https://github.com/codespell-project/codespell,2021-03-15,3521.0,rank-4,300
Python,https://github.com/codespell-project/codespell,2021-03-22,3523.0,rank-4,300
Python,https://github.com/codespell-project/codespell,2021-03-24,3524.0,rank-4,300
Python,https://github.com/codespell-project/codespell,2021-03-25,3525.0,rank-4,300
Python,https://github.com/codespell-project/codespell,2021-03-26,3526.0,rank-4,300
Python,https://github.com/codespell-project/codespell,2021-03-31,3528.0,rank-4,300
Python,https://github.com/codespell-project/codespell,2021-04-05,3530.0,rank-4,300
Python,https://github.com/codespell-project/codespell,2021-04-06,3532.0,rank-4,300
Python,https://github.com/codespell-project/codespell,2021-04-07,3533.0,rank-4,300
Python,https://github.com/codespell-project/codespell,2021-04-11,3535.0,rank-4,300
Python,https://github.com/codespell-project/codespell,2021-04-14,3540.0,rank-4,300
Python,https://github.com/codespell-project/codespell,2021-04-15,3542.0,rank-4,300
Python,https://github.com/codespell-project/codespell,2021-04-16,3545.0,rank-4,300
Python,https://github.com/codespell-project/codespell,2021-04-20,3546.0,rank-4,300
Python,https://github.com/codespell-project/codespell,2021-04-26,3547.0,rank-4,300
Python,https://github.com/codespell-project/codespell,2021-05-04,3548.0,rank-4,300
Python,https://github.com/codespell-project/codespell,2021-05-07,3549.0,rank-4,300
Python,https://github.com/codespell-project/codespell,2021-05-08,3553.0,rank-4,300
Python,https://github.com/codespell-project/codespell,2021-05-20,3554.0,rank-4,300
Python,https://github.com/codespell-project/codespell,2021-05-28,3555.0,rank-4,300
Python,https://github.com/codespell-project/codespell,2021-06-01,3561.0,rank-4,300
Python,https://github.com/codespell-project/codespell,2021-06-02,3563.0,rank-4,300
Python,https://github.com/codespell-project/codespell,2021-06-10,3566.0,rank-4,302
Python,https://github.com/codespell-project/codespell,2021-06-11,3582.0,rank-4,302
Python,https://github.com/codespell-project/codespell,2021-06-12,3592.0,rank-4,302
Python,https://github.com/codespell-project/codespell,2021-06-13,3609.0,rank-4,302
Python,https://github.com/codespell-project/codespell,2021-06-14,3637.0,rank-4,302
Python,https://github.com/codespell-project/codespell,2021-06-15,3640.0,rank-4,302
Python,https://github.com/codespell-project/codespell,2021-06-16,3642.0,rank-4,302
Python,https://github.com/codespell-project/codespell,2021-06-17,3643.0,rank-4,302
Python,https://github.com/codespell-project/codespell,2021-06-18,3645.0,rank-4,302
Python,https://github.com/codespell-project/codespell,2021-06-20,3647.0,rank-4,302
Python,https://github.com/codespell-project/codespell,2021-06-22,3650.0,rank-4,302
Python,https://github.com/codespell-project/codespell,2021-06-24,3651.0,rank-4,302
Python,https://github.com/codespell-project/codespell,2021-06-29,3653.0,rank-4,302
Python,https://github.com/codespell-project/codespell,2021-07-02,3654.0,rank-4,302
Python,https://github.com/codespell-project/codespell,2021-07-05,3660.0,rank-4,302
Python,https://github.com/codespell-project/codespell,2021-07-08,3661.0,rank-4,302
Python,https://github.com/codespell-project/codespell,2021-07-14,3663.0,rank-4,302
Python,https://github.com/codespell-project/codespell,2021-07-15,3664.0,rank-4,302
Python,https://github.com/codespell-project/codespell,2021-07-16,3665.0,rank-4,302
Python,https://github.com/codespell-project/codespell,2021-07-17,3669.0,rank-4,302
Python,https://github.com/codespell-project/codespell,2021-07-18,3670.0,rank-4,302
Python,https://github.com/codespell-project/codespell,2021-07-20,3672.0,rank-4,302
Python,https://github.com/codespell-project/codespell,2021-07-21,3675.0,rank-4,302
Python,https://github.com/codespell-project/codespell,2021-07-23,3677.0,rank-4,302
Python,https://github.com/codespell-project/codespell,2021-07-26,3678.0,rank-4,302
Python,https://github.com/codespell-project/codespell,2021-07-27,3681.0,rank-4,302
Python,https://github.com/codespell-project/codespell,2021-07-29,3682.0,rank-4,302
Python,https://github.com/codespell-project/codespell,2021-08-01,3684.0,rank-4,302
Python,https://github.com/codespell-project/codespell,2021-08-02,3685.0,rank-4,302
Python,https://github.com/codespell-project/codespell,2021-08-03,3687.0,rank-4,302
Python,https://github.com/codespell-project/codespell,2021-08-04,3688.0,rank-4,302
Python,https://github.com/codespell-project/codespell,2021-08-08,3689.0,rank-4,302
Python,https://github.com/codespell-project/codespell,2021-08-09,3690.0,rank-4,302
Python,https://github.com/codespell-project/codespell,2021-08-12,3691.0,rank-4,302
Python,https://github.com/codespell-project/codespell,2021-08-20,3692.0,rank-4,302
Python,https://github.com/codespell-project/codespell,2021-08-22,3700.0,rank-4,302
Python,https://github.com/codespell-project/codespell,2021-08-25,3703.0,rank-4,302
Python,https://github.com/codespell-project/codespell,2021-08-27,3707.0,rank-4,302
Python,https://github.com/codespell-project/codespell,2021-08-28,3708.0,rank-4,302
Python,https://github.com/codespell-project/codespell,2021-08-30,3711.0,rank-4,302
Python,https://github.com/codespell-project/codespell,2021-08-31,3712.0,rank-4,302
Python,https://github.com/codespell-project/codespell,2021-09-01,3713.0,rank-4,302
Python,https://github.com/codespell-project/codespell,2021-09-03,3715.0,rank-4,302
Python,https://github.com/codespell-project/codespell,2021-09-07,3716.0,rank-4,302
Python,https://github.com/codespell-project/codespell,2021-09-09,3718.0,rank-4,302
Python,https://github.com/codespell-project/codespell,2021-09-10,3719.0,rank-4,302
Python,https://github.com/codespell-project/codespell,2021-09-13,3721.0,rank-4,302
Python,https://github.com/codespell-project/codespell,2021-09-14,3722.0,rank-4,302
Python,https://github.com/codespell-project/codespell,2021-09-15,3723.0,rank-4,302
Python,https://github.com/codespell-project/codespell,2021-09-16,3725.0,rank-4,302
Python,https://github.com/codespell-project/codespell,2021-09-21,3728.0,rank-4,302
Python,https://github.com/codespell-project/codespell,2021-09-22,3732.0,rank-4,302
Python,https://github.com/codespell-project/codespell,2021-09-23,3738.0,rank-4,302
Python,https://github.com/codespell-project/codespell,2021-09-29,3740.0,rank-4,302
Python,https://github.com/codespell-project/codespell,2021-09-30,3741.0,rank-4,302
Python,https://github.com/codespell-project/codespell,2021-10-04,3742.0,rank-4,302
Python,https://github.com/codespell-project/codespell,2021-10-05,3744.0,rank-4,302
Python,https://github.com/codespell-project/codespell,2021-10-06,3745.0,rank-4,302
Python,https://github.com/codespell-project/codespell,2021-10-07,3747.0,rank-4,302
Python,https://github.com/codespell-project/codespell,2021-10-10,3752.0,rank-4,302
Python,https://github.com/codespell-project/codespell,2021-10-11,3756.0,rank-4,302
Python,https://github.com/codespell-project/codespell,2021-10-12,3758.0,rank-4,302
Python,https://github.com/codespell-project/codespell,2021-10-15,3761.0,rank-4,302
Python,https://github.com/codespell-project/codespell,2021-10-16,3762.0,rank-4,302
Python,https://github.com/codespell-project/codespell,2021-10-18,3763.0,rank-4,302
Python,https://github.com/codespell-project/codespell,2021-10-21,3771.0,rank-4,302
Python,https://github.com/codespell-project/codespell,2021-10-22,3773.0,rank-4,302
Python,https://github.com/codespell-project/codespell,2021-10-23,3774.0,rank-4,302
Python,https://github.com/codespell-project/codespell,2021-10-24,3775.0,rank-4,302
Python,https://github.com/codespell-project/codespell,2021-10-25,3781.0,rank-4,302
Python,https://github.com/codespell-project/codespell,2021-10-26,3783.0,rank-4,302
Python,https://github.com/codespell-project/codespell,2021-10-27,3786.0,rank-4,302
Python,https://github.com/codespell-project/codespell,2021-10-29,3787.0,rank-4,302
Python,https://github.com/codespell-project/codespell,2021-10-30,3790.0,rank-4,302
Python,https://github.com/codespell-project/codespell,2021-10-31,3791.0,rank-4,302
Python,https://github.com/codespell-project/codespell,2021-11-01,3795.0,rank-4,302
Python,https://github.com/codespell-project/codespell,2021-11-02,3797.0,rank-4,302
Python,https://github.com/codespell-project/codespell,2021-11-03,3799.0,rank-4,302
Python,https://github.com/codespell-project/codespell,2021-11-04,3800.0,rank-4,302
Python,https://github.com/codespell-project/codespell,2021-11-10,3806.0,rank-4,302
Python,https://github.com/codespell-project/codespell,2021-11-11,3816.0,rank-4,302
Python,https://github.com/codespell-project/codespell,2021-11-12,3820.0,rank-4,302
Python,https://github.com/codespell-project/codespell,2021-11-13,3827.0,rank-4,302
Python,https://github.com/codespell-project/codespell,2021-11-16,3837.0,rank-4,302
Python,https://github.com/codespell-project/codespell,2021-11-17,3838.0,rank-4,302
Python,https://github.com/codespell-project/codespell,2021-11-18,3842.0,rank-4,302
Python,https://github.com/codespell-project/codespell,2021-11-22,3844.0,rank-4,302
Python,https://github.com/codespell-project/codespell,2021-11-23,3845.0,rank-4,302
Python,https://github.com/codespell-project/codespell,2021-11-24,3848.0,rank-4,302
Python,https://github.com/codespell-project/codespell,2021-11-27,3858.0,rank-4,302
Python,https://github.com/codespell-project/codespell,2021-11-29,3859.0,rank-4,302
Python,https://github.com/codespell-project/codespell,2021-11-30,3860.0,rank-4,302
Python,https://github.com/codespell-project/codespell,2021-12-01,3861.0,rank-4,302
Python,https://github.com/codespell-project/codespell,2021-12-02,3868.0,rank-4,302
Python,https://github.com/codespell-project/codespell,2021-12-03,3873.0,rank-4,302
Python,https://github.com/codespell-project/codespell,2021-12-04,3882.0,rank-4,302
Python,https://github.com/codespell-project/codespell,2021-12-05,3884.0,rank-4,302
Python,https://github.com/codespell-project/codespell,2021-12-06,3886.0,rank-4,302
Python,https://github.com/codespell-project/codespell,2021-12-10,3890.0,rank-4,302
Python,https://github.com/codespell-project/codespell,2021-12-16,3891.0,rank-4,302
Python,https://github.com/codespell-project/codespell,2021-12-17,3892.0,rank-4,302
Python,https://github.com/codespell-project/codespell,2021-12-20,3893.0,rank-4,302
Python,https://github.com/codespell-project/codespell,2021-12-21,3895.0,rank-4,302
Python,https://github.com/codespell-project/codespell,2021-12-22,3898.0,rank-4,302
Python,https://github.com/codespell-project/codespell,2021-12-23,3899.0,rank-4,302
Python,https://github.com/codespell-project/codespell,2021-12-24,3904.0,rank-4,302
Python,https://github.com/codespell-project/codespell,2021-12-26,3907.0,rank-4,302
Python,https://github.com/codespell-project/codespell,2021-12-27,3908.0,rank-4,302
Python,https://github.com/codespell-project/codespell,2021-12-29,3915.0,rank-4,302
Python,https://github.com/codespell-project/codespell,2021-12-30,3917.0,rank-4,302
Python,https://github.com/codespell-project/codespell,2022-01-01,3919.0,rank-4,302
Python,https://github.com/codespell-project/codespell,2022-01-02,3923.0,rank-4,302
Python,https://github.com/codespell-project/codespell,2022-01-03,3928.0,rank-4,302
Python,https://github.com/codespell-project/codespell,2022-01-07,3929.0,rank-4,302
Python,https://github.com/codespell-project/codespell,2022-01-08,3930.0,rank-4,302
Python,https://github.com/codespell-project/codespell,2022-01-10,3932.0,rank-4,302
Python,https://github.com/codespell-project/codespell,2022-01-12,3934.0,rank-4,302
Python,https://github.com/codespell-project/codespell,2022-01-13,3936.0,rank-4,302
Python,https://github.com/codespell-project/codespell,2022-01-14,3938.0,rank-4,302
Python,https://github.com/codespell-project/codespell,2022-01-15,3940.0,rank-4,302
Python,https://github.com/codespell-project/codespell,2022-01-16,3941.0,rank-4,302
Python,https://github.com/codespell-project/codespell,2022-01-17,3942.0,rank-4,302
Python,https://github.com/codespell-project/codespell,2022-01-18,3943.0,rank-4,302
Python,https://github.com/codespell-project/codespell,2022-01-19,3947.0,rank-4,302
Python,https://github.com/codespell-project/codespell,2022-01-20,3950.0,rank-4,302
Python,https://github.com/codespell-project/codespell,2022-01-21,3952.0,rank-4,302
Python,https://github.com/codespell-project/codespell,2022-01-24,3954.0,rank-4,302
Python,https://github.com/codespell-project/codespell,2022-01-25,3955.0,rank-4,302
Python,https://github.com/codespell-project/codespell,2022-01-26,3959.0,rank-4,302
Python,https://github.com/codespell-project/codespell,2022-01-27,3965.0,rank-4,302
Python,https://github.com/codespell-project/codespell,2022-01-28,3966.0,rank-4,302
Python,https://github.com/codespell-project/codespell,2022-01-29,3967.0,rank-4,302
Python,https://github.com/codespell-project/codespell,2022-01-30,3968.0,rank-4,302
Python,https://github.com/codespell-project/codespell,2022-02-01,3972.0,rank-4,302
Python,https://github.com/codespell-project/codespell,2022-02-02,3975.0,rank-4,302
Python,https://github.com/codespell-project/codespell,2022-02-03,3977.0,rank-4,302
Python,https://github.com/codespell-project/codespell,2022-02-04,3978.0,rank-4,302
Python,https://github.com/codespell-project/codespell,2022-02-05,3985.0,rank-4,302
Python,https://github.com/codespell-project/codespell,2022-02-06,3987.0,rank-4,302
Python,https://github.com/codespell-project/codespell,2022-02-07,3991.0,rank-4,302
Python,https://github.com/codespell-project/codespell,2022-02-08,3992.0,rank-4,302
Python,https://github.com/codespell-project/codespell,2022-02-09,3994.0,rank-4,302
Python,https://github.com/codespell-project/codespell,2022-02-10,3995.0,rank-4,302
Python,https://github.com/codespell-project/codespell,2022-02-13,3996.0,rank-4,302
Python,https://github.com/codespell-project/codespell,2022-02-14,4002.0,rank-4,302
Python,https://github.com/codespell-project/codespell,2022-02-15,4003.0,rank-4,302
Python,https://github.com/codespell-project/codespell,2022-02-16,4008.0,rank-4,302
Python,https://github.com/codespell-project/codespell,2022-02-17,4009.0,rank-4,302
Python,https://github.com/codespell-project/codespell,2022-02-18,4011.0,rank-4,302
Python,https://github.com/codespell-project/codespell,2022-02-21,4014.0,rank-4,302
Python,https://github.com/codespell-project/codespell,2022-02-23,4019.0,rank-4,302
Python,https://github.com/codespell-project/codespell,2022-02-24,4021.0,rank-4,302
Python,https://github.com/codespell-project/codespell,2022-02-25,4025.0,rank-4,302
Python,https://github.com/codespell-project/codespell,2022-02-26,4026.0,rank-4,302
Python,https://github.com/codespell-project/codespell,2022-02-27,4028.0,rank-4,302
Python,https://github.com/codespell-project/codespell,2022-02-28,4029.0,rank-4,302
Python,https://github.com/codespell-project/codespell,2022-03-01,4031.0,rank-4,302
Python,https://github.com/codespell-project/codespell,2022-03-02,4035.0,rank-4,302
Python,https://github.com/codespell-project/codespell,2022-03-03,4037.0,rank-4,302
Python,https://github.com/codespell-project/codespell,2022-03-04,4039.0,rank-4,302
Python,https://github.com/codespell-project/codespell,2022-03-07,4040.0,rank-4,302
Python,https://github.com/codespell-project/codespell,2022-03-10,4041.0,rank-4,302
Python,https://github.com/codespell-project/codespell,2022-03-14,4043.0,rank-4,302
Python,https://github.com/codespell-project/codespell,2022-03-15,4044.0,rank-4,302
Python,https://github.com/codespell-project/codespell,2022-03-16,4046.0,rank-4,302
Python,https://github.com/codespell-project/codespell,2022-03-17,4047.0,rank-4,302
Python,https://github.com/codespell-project/codespell,2022-03-18,4048.0,rank-4,302
Python,https://github.com/codespell-project/codespell,2022-03-20,4051.0,rank-4,302
Python,https://github.com/codespell-project/codespell,2022-03-21,4058.0,rank-4,302
Python,https://github.com/codespell-project/codespell,2022-03-23,4059.0,rank-4,302
Python,https://github.com/codespell-project/codespell,2022-03-25,4060.0,rank-4,302
Python,https://github.com/codespell-project/codespell,2022-03-26,4063.0,rank-4,302
Python,https://github.com/codespell-project/codespell,2022-03-28,4064.0,rank-4,302
Python,https://github.com/codespell-project/codespell,2022-03-30,4065.0,rank-4,302
Python,https://github.com/codespell-project/codespell,2022-04-02,4067.0,rank-4,302
Python,https://github.com/codespell-project/codespell,2022-04-04,4069.0,rank-4,302
Python,https://github.com/codespell-project/codespell,2022-04-05,4070.0,rank-4,302
Python,https://github.com/codespell-project/codespell,2022-04-08,4071.0,rank-4,302
Python,https://github.com/codespell-project/codespell,2022-04-12,4072.0,rank-4,302
Python,https://github.com/codespell-project/codespell,2022-04-14,4074.0,rank-4,302
Python,https://github.com/codespell-project/codespell,2022-04-18,4076.0,rank-4,302
Python,https://github.com/codespell-project/codespell,2022-04-24,4084.0,rank-4,302
Python,https://github.com/codespell-project/codespell,2022-04-26,4085.0,rank-4,302
Python,https://github.com/codespell-project/codespell,2022-04-29,4089.0,rank-4,302
Python,https://github.com/codespell-project/codespell,2022-04-30,4091.0,rank-4,302
Python,https://github.com/codespell-project/codespell,2022-05-04,4092.0,rank-4,302
Python,https://github.com/codespell-project/codespell,2022-05-05,4093.0,rank-4,302
Python,https://github.com/codespell-project/codespell,2022-05-06,4096.0,rank-4,302
Python,https://github.com/codespell-project/codespell,2022-05-08,4099.0,rank-4,302
Python,https://github.com/codespell-project/codespell,2022-05-10,4101.0,rank-4,302
Python,https://github.com/codespell-project/codespell,2022-05-24,4102.0,rank-4,302
Python,https://github.com/codespell-project/codespell,2022-05-26,4103.0,rank-4,302
Python,https://github.com/codespell-project/codespell,2022-06-03,4104.0,rank-4,303
Python,https://github.com/codespell-project/codespell,2022-06-06,4108.0,rank-4,303
Python,https://github.com/codespell-project/codespell,2022-06-09,4118.0,rank-4,303
Python,https://github.com/codespell-project/codespell,2022-06-10,4119.0,rank-4,303
Python,https://github.com/codespell-project/codespell,2022-06-12,4121.0,rank-4,303
Python,https://github.com/codespell-project/codespell,2022-06-13,4124.0,rank-4,303
Python,https://github.com/codespell-project/codespell,2022-06-14,4126.0,rank-4,303
Python,https://github.com/codespell-project/codespell,2022-06-16,4127.0,rank-4,303
Python,https://github.com/codespell-project/codespell,2022-06-17,4128.0,rank-4,303
Python,https://github.com/codespell-project/codespell,2022-06-22,4130.0,rank-4,303
Python,https://github.com/codespell-project/codespell,2022-06-23,4135.0,rank-4,303
Python,https://github.com/codespell-project/codespell,2022-06-25,4138.0,rank-4,303
Python,https://github.com/codespell-project/codespell,2022-06-26,4140.0,rank-4,303
Python,https://github.com/codespell-project/codespell,2022-06-27,4142.0,rank-4,303
Python,https://github.com/codespell-project/codespell,2022-07-01,4143.0,rank-4,303
Python,https://github.com/codespell-project/codespell,2022-07-04,4146.0,rank-4,303
Python,https://github.com/codespell-project/codespell,2022-07-05,4148.0,rank-4,303
Python,https://github.com/codespell-project/codespell,2022-07-07,4149.0,rank-4,303
Python,https://github.com/codespell-project/codespell,2022-07-09,4154.0,rank-4,303
Python,https://github.com/codespell-project/codespell,2022-07-10,4156.0,rank-4,303
Python,https://github.com/codespell-project/codespell,2022-07-12,4158.0,rank-4,303
Python,https://github.com/codespell-project/codespell,2022-07-13,4159.0,rank-4,303
Python,https://github.com/codespell-project/codespell,2022-07-14,4161.0,rank-4,303
Python,https://github.com/codespell-project/codespell,2022-07-17,4163.0,rank-4,303
Python,https://github.com/codespell-project/codespell,2022-07-19,4167.0,rank-4,303
Python,https://github.com/codespell-project/codespell,2022-07-20,4170.0,rank-4,303
Python,https://github.com/codespell-project/codespell,2022-07-21,4171.0,rank-4,303
Python,https://github.com/codespell-project/codespell,2022-07-23,4172.0,rank-4,303
Python,https://github.com/codespell-project/codespell,2022-07-28,4174.0,rank-4,303
Python,https://github.com/codespell-project/codespell,2022-07-29,4175.0,rank-4,303
Python,https://github.com/codespell-project/codespell,2022-07-30,4176.0,rank-4,303
Python,https://github.com/codespell-project/codespell,2022-07-31,4177.0,rank-4,303
Python,https://github.com/codespell-project/codespell,2022-08-01,4180.0,rank-4,303
Python,https://github.com/codespell-project/codespell,2022-08-02,4182.0,rank-4,303
Python,https://github.com/codespell-project/codespell,2022-08-03,4188.0,rank-4,303
Python,https://github.com/codespell-project/codespell,2022-08-04,4194.0,rank-4,303
Python,https://github.com/codespell-project/codespell,2022-08-09,4198.0,rank-4,303
Python,https://github.com/codespell-project/codespell,2022-08-10,4203.0,rank-4,303
Python,https://github.com/codespell-project/codespell,2022-08-13,4204.0,rank-4,303
Python,https://github.com/codespell-project/codespell,2022-08-16,4205.0,rank-4,303
Python,https://github.com/codespell-project/codespell,2022-08-17,4209.0,rank-4,305
Python,https://github.com/codespell-project/codespell,2022-08-18,4214.0,rank-4,307
Python,https://github.com/codespell-project/codespell,2022-08-19,4220.0,rank-4,307
Python,https://github.com/codespell-project/codespell,2022-08-20,4222.0,rank-4,307
Python,https://github.com/codespell-project/codespell,2022-08-21,4223.0,rank-4,307
Python,https://github.com/codespell-project/codespell,2022-08-23,4225.0,rank-4,308
Python,https://github.com/codespell-project/codespell,2022-08-24,4228.0,rank-4,308
Python,https://github.com/codespell-project/codespell,2022-08-25,4229.0,rank-4,308
Python,https://github.com/codespell-project/codespell,2022-08-26,4230.0,rank-4,308
Python,https://github.com/codespell-project/codespell,2022-08-27,4233.0,rank-4,308
Python,https://github.com/codespell-project/codespell,2022-08-29,4236.0,rank-4,308
Python,https://github.com/codespell-project/codespell,2022-08-30,4237.0,rank-4,308
Python,https://github.com/codespell-project/codespell,2022-08-31,4239.0,rank-4,308
Python,https://github.com/codespell-project/codespell,2022-09-01,4241.0,rank-4,308
Python,https://github.com/codespell-project/codespell,2022-09-04,4242.0,rank-4,308
Python,https://github.com/codespell-project/codespell,2022-09-06,4243.0,rank-4,308
Python,https://github.com/codespell-project/codespell,2022-09-07,4245.0,rank-4,308
Python,https://github.com/codespell-project/codespell,2022-09-08,4246.0,rank-4,308
Python,https://github.com/codespell-project/codespell,2022-09-10,4247.0,rank-4,308
Python,https://github.com/codespell-project/codespell,2022-09-11,4252.0,rank-4,308
Python,https://github.com/codespell-project/codespell,2022-09-12,4253.0,rank-4,308
Python,https://github.com/codespell-project/codespell,2022-09-14,4254.0,rank-4,308
Python,https://github.com/codespell-project/codespell,2022-09-16,4255.0,rank-4,308
Python,https://github.com/codespell-project/codespell,2022-09-18,4256.0,rank-4,308
Python,https://github.com/codespell-project/codespell,2022-09-25,4257.0,rank-4,308
Python,https://github.com/codespell-project/codespell,2022-09-26,4261.0,rank-4,308
Python,https://github.com/codespell-project/codespell,2022-10-03,4264.0,rank-4,308
Python,https://github.com/codespell-project/codespell,2022-10-04,4267.0,rank-4,308
Python,https://github.com/codespell-project/codespell,2022-10-05,4277.0,rank-4,314
Python,https://github.com/codespell-project/codespell,2022-10-06,4280.0,rank-4,314
Python,https://github.com/codespell-project/codespell,2022-10-08,4281.0,rank-4,314
Python,https://github.com/codespell-project/codespell,2022-10-11,4286.0,rank-4,314
Python,https://github.com/codespell-project/codespell,2022-10-12,4288.0,rank-4,314
Python,https://github.com/codespell-project/codespell,2022-10-14,4295.0,rank-4,319
Python,https://github.com/codespell-project/codespell,2022-10-16,4296.0,rank-4,319
Python,https://github.com/codespell-project/codespell,2022-10-17,4305.0,rank-4,319
Python,https://github.com/codespell-project/codespell,2022-10-18,4309.0,rank-4,319
Python,https://github.com/codespell-project/codespell,2022-10-19,4317.0,rank-4,319
Python,https://github.com/codespell-project/codespell,2022-10-20,4320.0,rank-4,319
Python,https://github.com/codespell-project/codespell,2022-10-21,4321.0,rank-4,319
Python,https://github.com/codespell-project/codespell,2022-10-23,4329.0,rank-4,319
Python,https://github.com/codespell-project/codespell,2022-10-24,4331.0,rank-4,320
Python,https://github.com/codespell-project/codespell,2022-10-25,4332.0,rank-4,320
Python,https://github.com/codespell-project/codespell,2022-10-26,4333.0,rank-4,320
Python,https://github.com/codespell-project/codespell,2022-10-27,4334.0,rank-4,320
Python,https://github.com/codespell-project/codespell,2022-10-28,4335.0,rank-4,320
Python,https://github.com/codespell-project/codespell,2022-10-29,4338.0,rank-4,320
Python,https://github.com/codespell-project/codespell,2022-10-30,4343.0,rank-4,320
Python,https://github.com/codespell-project/codespell,2022-10-31,4358.0,rank-4,320
Python,https://github.com/codespell-project/codespell,2022-11-02,4366.0,rank-4,320
Python,https://github.com/codespell-project/codespell,2022-11-03,4367.0,rank-4,320
Python,https://github.com/codespell-project/codespell,2022-11-04,4368.0,rank-4,320
Python,https://github.com/codespell-project/codespell,2022-11-06,4372.0,rank-4,320
Python,https://github.com/codespell-project/codespell,2022-11-07,4377.0,rank-4,320
Python,https://github.com/codespell-project/codespell,2022-11-08,4378.0,rank-4,320
Python,https://github.com/codespell-project/codespell,2022-11-11,4379.0,rank-4,320
Python,https://github.com/codespell-project/codespell,2022-11-13,4380.0,rank-4,320
Python,https://github.com/codespell-project/codespell,2022-11-15,4381.0,rank-4,320
Python,https://github.com/codespell-project/codespell,2022-11-16,4382.0,rank-4,320
Python,https://github.com/codespell-project/codespell,2022-11-17,4388.0,rank-4,321
Python,https://github.com/codespell-project/codespell,2022-11-18,4390.0,rank-4,321
Python,https://github.com/codespell-project/codespell,2022-11-19,4398.0,rank-4,321
Python,https://github.com/codespell-project/codespell,2022-11-20,4401.0,rank-4,321
Python,https://github.com/codespell-project/codespell,2022-11-21,4402.0,rank-4,321
Python,https://github.com/codespell-project/codespell,2022-11-23,4403.0,rank-4,321
Python,https://github.com/codespell-project/codespell,2022-11-25,4405.0,rank-4,321
Python,https://github.com/codespell-project/codespell,2022-11-26,4406.0,rank-4,321
Python,https://github.com/codespell-project/codespell,2022-11-27,4407.0,rank-4,321
Python,https://github.com/codespell-project/codespell,2022-11-28,4410.0,rank-4,321
Python,https://github.com/codespell-project/codespell,2022-11-29,4412.0,rank-4,321
Python,https://github.com/codespell-project/codespell,2022-12-01,4413.0,rank-4,321
Python,https://github.com/codespell-project/codespell,2022-12-05,4414.0,rank-4,321
Python,https://github.com/codespell-project/codespell,2022-12-06,4419.0,rank-4,321
Python,https://github.com/codespell-project/codespell,2022-12-07,4421.0,rank-4,321
Python,https://github.com/codespell-project/codespell,2022-12-09,4425.0,rank-4,321
Python,https://github.com/codespell-project/codespell,2022-12-12,4428.0,rank-4,321
Python,https://github.com/codespell-project/codespell,2022-12-16,4432.0,rank-4,322
Python,https://github.com/codespell-project/codespell,2022-12-17,4434.0,rank-4,322
Python,https://github.com/codespell-project/codespell,2022-12-18,4435.0,rank-4,322
Python,https://github.com/codespell-project/codespell,2022-12-22,4436.0,rank-4,322
Python,https://github.com/codespell-project/codespell,2022-12-23,4440.0,rank-4,322
Python,https://github.com/codespell-project/codespell,2022-12-24,4441.0,rank-4,322
Python,https://github.com/codespell-project/codespell,2022-12-26,4465.0,rank-4,322
Python,https://github.com/codespell-project/codespell,2022-12-27,4470.0,rank-4,322
Python,https://github.com/codespell-project/codespell,2022-12-28,4483.0,rank-4,322
Python,https://github.com/codespell-project/codespell,2022-12-29,4494.0,rank-4,322
Python,https://github.com/codespell-project/codespell,2023-01-01,4495.0,rank-4,322
Python,https://github.com/codespell-project/codespell,2023-01-02,4500.0,rank-4,322
Python,https://github.com/codespell-project/codespell,2023-01-03,4507.0,rank-4,322
Python,https://github.com/codespell-project/codespell,2023-01-04,4511.0,rank-4,322
Python,https://github.com/codespell-project/codespell,2023-01-05,4513.0,rank-4,322
Python,https://github.com/codespell-project/codespell,2023-01-06,4514.0,rank-4,322
Python,https://github.com/codespell-project/codespell,2023-01-07,4515.0,rank-4,322
Python,https://github.com/codespell-project/codespell,2023-01-12,4518.0,rank-4,322
Python,https://github.com/codespell-project/codespell,2023-01-13,4521.0,rank-4,322
Python,https://github.com/codespell-project/codespell,2023-01-15,4522.0,rank-4,322
Python,https://github.com/codespell-project/codespell,2023-01-17,4523.0,rank-4,322
Python,https://github.com/codespell-project/codespell,2023-01-18,4525.0,rank-4,322
Python,https://github.com/codespell-project/codespell,2023-01-25,4527.0,rank-4,322
Python,https://github.com/codespell-project/codespell,2023-01-26,4528.0,rank-4,322
Python,https://github.com/codespell-project/codespell,2023-02-01,4531.0,rank-4,322
Python,https://github.com/codespell-project/codespell,2023-02-04,4532.0,rank-4,322
Python,https://github.com/codespell-project/codespell,2023-02-05,4533.0,rank-4,322
Python,https://github.com/codespell-project/codespell,2023-02-08,4535.0,rank-4,322
Python,https://github.com/codespell-project/codespell,2023-02-10,4537.0,rank-4,322
Python,https://github.com/codespell-project/codespell,2023-02-11,4542.0,rank-4,322
Python,https://github.com/codespell-project/codespell,2023-02-12,4543.0,rank-4,322
Python,https://github.com/codespell-project/codespell,2023-02-14,4547.0,rank-4,322
Python,https://github.com/codespell-project/codespell,2023-02-18,4552.0,rank-4,322
Python,https://github.com/codespell-project/codespell,2023-02-19,4554.0,rank-4,322
Python,https://github.com/codespell-project/codespell,2023-02-20,4557.0,rank-4,322
Python,https://github.com/codespell-project/codespell,2023-02-22,4558.0,rank-4,322
Python,https://github.com/codespell-project/codespell,2023-02-23,4559.0,rank-4,322
Python,https://github.com/codespell-project/codespell,2023-02-28,4560.0,rank-4,322
Python,https://github.com/codespell-project/codespell,2023-03-01,4563.0,rank-4,322
Python,https://github.com/codespell-project/codespell,2023-03-03,4564.0,rank-4,322
Python,https://github.com/codespell-project/codespell,2023-03-06,4565.0,rank-4,322
Python,https://github.com/codespell-project/codespell,2023-03-07,4567.0,rank-4,322
Python,https://github.com/codespell-project/codespell,2023-03-08,4569.0,rank-4,323
Python,https://github.com/codespell-project/codespell,2023-03-09,4571.0,rank-4,323
Python,https://github.com/codespell-project/codespell,2023-03-10,4576.0,rank-4,323
Python,https://github.com/codespell-project/codespell,2023-03-11,4577.0,rank-4,323
Python,https://github.com/codespell-project/codespell,2023-03-12,4579.0,rank-4,323
Python,https://github.com/codespell-project/codespell,2023-03-13,4580.0,rank-4,323
Python,https://github.com/codespell-project/codespell,2023-03-14,4584.0,rank-4,323
Python,https://github.com/codespell-project/codespell,2023-03-15,4586.0,rank-4,323
Python,https://github.com/codespell-project/codespell,2023-03-18,4588.0,rank-4,323
Python,https://github.com/codespell-project/codespell,2023-03-20,4590.0,rank-4,323
Python,https://github.com/codespell-project/codespell,2023-03-21,4591.0,rank-4,323
Python,https://github.com/codespell-project/codespell,2023-03-22,4592.0,rank-4,323
Python,https://github.com/codespell-project/codespell,2023-03-24,4593.0,rank-4,323
Python,https://github.com/codespell-project/codespell,2023-03-25,4594.0,rank-4,323
Python,https://github.com/codespell-project/codespell,2023-03-27,4595.0,rank-4,323
Python,https://github.com/codespell-project/codespell,2023-03-28,4597.0,rank-4,323
Python,https://github.com/codespell-project/codespell,2023-03-29,4600.0,rank-4,323
Python,https://github.com/codespell-project/codespell,2023-03-30,4605.0,rank-4,323
Python,https://github.com/codespell-project/codespell,2023-03-31,4606.0,rank-4,323
Python,https://github.com/codespell-project/codespell,2023-04-02,4607.0,rank-4,323
Python,https://github.com/codespell-project/codespell,2023-04-16,4608.0,rank-4,323
Python,https://github.com/codespell-project/codespell,2023-04-17,4610.0,rank-4,323
Python,https://github.com/codespell-project/codespell,2023-04-18,4611.0,rank-4,323
Python,https://github.com/codespell-project/codespell,2023-04-19,4612.0,rank-4,323
Python,https://github.com/codespell-project/codespell,2023-04-21,4616.0,rank-4,323
Python,https://github.com/codespell-project/codespell,2023-04-23,4617.0,rank-4,323
Python,https://github.com/codespell-project/codespell,2023-04-24,4618.0,rank-4,323
Python,https://github.com/codespell-project/codespell,2023-04-26,4620.0,rank-4,323
Python,https://github.com/codespell-project/codespell,2023-04-27,4628.0,rank-4,323
Python,https://github.com/codespell-project/codespell,2023-04-28,4629.0,rank-4,323
Python,https://github.com/codespell-project/codespell,2023-05-01,4630.0,rank-4,323
Python,https://github.com/codespell-project/codespell,2023-05-02,4631.0,rank-4,323
Python,https://github.com/codespell-project/codespell,2023-05-07,4632.0,rank-4,323
Python,https://github.com/codespell-project/codespell,2023-05-09,4635.0,rank-4,323
Python,https://github.com/codespell-project/codespell,2023-05-11,4638.0,rank-4,323
Python,https://github.com/codespell-project/codespell,2023-05-17,4641.0,rank-4,323
Python,https://github.com/codespell-project/codespell,2023-05-19,4642.0,rank-4,323
Python,https://github.com/codespell-project/codespell,2023-05-23,4643.0,rank-4,323
Python,https://github.com/codespell-project/codespell,2023-05-25,4644.0,rank-4,323
Python,https://github.com/codespell-project/codespell,2023-05-30,4645.0,rank-4,323
Python,https://github.com/codespell-project/codespell,2023-06-05,4647.0,rank-4,323
Python,https://github.com/codespell-project/codespell,2023-06-06,4648.0,rank-4,323
Python,https://github.com/codespell-project/codespell,2023-06-08,4649.0,rank-4,323
Python,https://github.com/codespell-project/codespell,2023-06-10,4650.0,rank-4,323
Python,https://github.com/codespell-project/codespell,2023-06-11,4652.0,rank-4,323
Python,https://github.com/codespell-project/codespell,2023-06-14,4655.0,rank-4,323
Python,https://github.com/codespell-project/codespell,2023-06-15,4656.0,rank-4,323
Python,https://github.com/codespell-project/codespell,2023-06-18,4660.0,rank-4,323
Python,https://github.com/codespell-project/codespell,2023-06-19,4663.0,rank-4,323
Python,https://github.com/codespell-project/codespell,2023-06-20,4667.0,rank-4,323
Python,https://github.com/codespell-project/codespell,2023-06-21,4668.0,rank-4,323
Python,https://github.com/codespell-project/codespell,2023-06-22,4672.0,rank-4,323
Python,https://github.com/codespell-project/codespell,2023-06-23,4673.0,rank-4,323
Python,https://github.com/codespell-project/codespell,2023-06-24,4674.0,rank-4,323
Python,https://github.com/codespell-project/codespell,2023-06-26,4678.0,rank-4,323
Python,https://github.com/codespell-project/codespell,2023-06-27,4680.0,rank-4,323
Python,https://github.com/codespell-project/codespell,2023-06-28,4683.0,rank-4,323
Python,https://github.com/codespell-project/codespell,2023-06-29,4684.0,rank-4,323
Python,https://github.com/codespell-project/codespell,2023-06-30,4686.0,rank-4,323
Python,https://github.com/codespell-project/codespell,2023-07-01,4691.0,rank-4,323
Python,https://github.com/codespell-project/codespell,2023-07-03,4692.0,rank-4,323
Python,https://github.com/codespell-project/codespell,2023-07-04,4695.0,rank-4,323
Python,https://github.com/codespell-project/codespell,2023-07-05,4697.0,rank-4,323
Python,https://github.com/codespell-project/codespell,2023-07-06,4698.0,rank-4,323
Python,https://github.com/codespell-project/codespell,2023-07-07,4701.0,rank-4,323
Python,https://github.com/codespell-project/codespell,2023-07-08,4708.0,rank-4,323
Python,https://github.com/codespell-project/codespell,2023-07-09,4717.0,rank-4,323
Python,https://github.com/codespell-project/codespell,2023-07-10,4720.0,rank-4,323
Python,https://github.com/codespell-project/codespell,2023-07-12,4722.0,rank-4,323
Python,https://github.com/codespell-project/codespell,2023-07-13,4723.0,rank-4,323
Python,https://github.com/codespell-project/codespell,2023-07-14,4725.0,rank-4,323
Python,https://github.com/codespell-project/codespell,2023-07-15,4727.0,rank-4,323
Python,https://github.com/codespell-project/codespell,2023-07-17,4730.0,rank-4,323
Python,https://github.com/codespell-project/codespell,2023-07-18,4733.0,rank-4,323
Python,https://github.com/codespell-project/codespell,2023-07-20,4735.0,rank-4,323
Python,https://github.com/codespell-project/codespell,2023-07-23,4738.0,rank-4,323
Python,https://github.com/codespell-project/codespell,2023-07-24,4741.0,rank-4,323
Python,https://github.com/codespell-project/codespell,2023-07-25,4744.0,rank-4,323
Python,https://github.com/codespell-project/codespell,2023-07-26,4746.0,rank-4,323
Python,https://github.com/codespell-project/codespell,2023-07-27,4749.0,rank-4,323
Python,https://github.com/codespell-project/codespell,2023-07-28,4752.0,rank-4,323
Python,https://github.com/codespell-project/codespell,2023-07-29,4754.0,rank-4,323
Python,https://github.com/codespell-project/codespell,2023-07-30,4757.0,rank-4,323
Python,https://github.com/codespell-project/codespell,2023-07-31,4760.0,rank-4,323
Python,https://github.com/codespell-project/codespell,2023-08-01,4765.0,rank-4,323
Python,https://github.com/codespell-project/codespell,2023-08-04,4767.0,rank-4,323
Python,https://github.com/codespell-project/codespell,2023-08-05,4769.0,rank-4,323
Python,https://github.com/codespell-project/codespell,2023-08-06,4775.0,rank-4,323
Python,https://github.com/codespell-project/codespell,2023-08-07,4779.0,rank-4,323
Python,https://github.com/codespell-project/codespell,2023-08-08,4782.0,rank-4,323
Python,https://github.com/codespell-project/codespell,2023-08-09,4792.0,rank-4,323
Python,https://github.com/codespell-project/codespell,2023-08-10,4793.0,rank-4,323
Python,https://github.com/codespell-project/codespell,2023-08-11,4797.0,rank-4,323
Python,https://github.com/codespell-project/codespell,2023-08-13,4799.0,rank-4,323
Python,https://github.com/codespell-project/codespell,2023-08-14,4800.0,rank-4,323
Python,https://github.com/codespell-project/codespell,2023-08-15,4802.0,rank-4,323
Python,https://github.com/codespell-project/codespell,2023-08-20,4803.0,rank-4,323
Python,https://github.com/codespell-project/codespell,2023-08-21,4806.0,rank-4,323
Python,https://github.com/codespell-project/codespell,2023-08-25,4807.0,rank-4,323
Python,https://github.com/codespell-project/codespell,2023-08-26,4808.0,rank-4,323
Python,https://github.com/codespell-project/codespell,2023-08-28,4813.0,rank-4,323
Python,https://github.com/codespell-project/codespell,2023-08-29,4814.0,rank-4,323
Python,https://github.com/codespell-project/codespell,2023-08-30,4816.0,rank-4,323
Python,https://github.com/codespell-project/codespell,2023-08-31,4819.0,rank-4,323
Python,https://github.com/codespell-project/codespell,2023-09-01,4821.0,rank-4,323
Python,https://github.com/codespell-project/codespell,2023-09-02,4822.0,rank-4,323
Python,https://github.com/codespell-project/codespell,2023-09-03,4824.0,rank-4,323
Python,https://github.com/codespell-project/codespell,2023-09-04,4828.0,rank-4,323
Python,https://github.com/codespell-project/codespell,2023-09-05,4830.0,rank-4,323
Python,https://github.com/codespell-project/codespell,2023-09-06,4832.0,rank-4,323
Python,https://github.com/codespell-project/codespell,2023-09-08,4834.0,rank-4,323
Python,https://github.com/codespell-project/codespell,2023-09-10,4835.0,rank-4,323
Python,https://github.com/codespell-project/codespell,2023-09-11,4836.0,rank-4,323
Python,https://github.com/codespell-project/codespell,2023-09-12,4838.0,rank-4,323
Python,https://github.com/codespell-project/codespell,2023-09-13,4840.0,rank-4,323
Python,https://github.com/codespell-project/codespell,2023-09-14,4842.0,rank-4,323
Python,https://github.com/codespell-project/codespell,2023-09-15,4844.0,rank-4,323
Python,https://github.com/codespell-project/codespell,2023-09-17,4847.0,rank-4,323
Python,https://github.com/codespell-project/codespell,2023-09-18,4849.0,rank-4,323
Python,https://github.com/codespell-project/codespell,2023-09-19,4850.0,rank-4,323
Python,https://github.com/codespell-project/codespell,2023-09-21,4851.0,rank-4,323
Python,https://github.com/codespell-project/codespell,2023-09-22,4853.0,rank-4,323
Python,https://github.com/codespell-project/codespell,2023-09-23,4854.0,rank-4,323
Python,https://github.com/codespell-project/codespell,2023-09-24,4855.0,rank-4,323
Python,https://github.com/codespell-project/codespell,2023-09-25,4856.0,rank-4,323
Python,https://github.com/codespell-project/codespell,2023-09-26,4857.0,rank-4,323
Python,https://github.com/codespell-project/codespell,2023-09-27,4859.0,rank-4,323
Python,https://github.com/codespell-project/codespell,2023-09-28,4861.0,rank-4,323
Python,https://github.com/codespell-project/codespell,2023-09-29,4862.0,rank-4,323
Python,https://github.com/codespell-project/codespell,2023-10-01,4863.0,rank-4,323
Python,https://github.com/codespell-project/codespell,2023-10-02,4864.0,rank-4,323
Python,https://github.com/codespell-project/codespell,2023-10-04,4866.0,rank-4,323
Python,https://github.com/codespell-project/codespell,2023-10-05,4868.0,rank-4,323
Python,https://github.com/codespell-project/codespell,2023-10-08,4871.0,rank-4,323
Python,https://github.com/codespell-project/codespell,2023-10-09,4872.0,rank-4,323
Python,https://github.com/codespell-project/codespell,2023-10-11,4873.0,rank-4,323
Python,https://github.com/codespell-project/codespell,2023-10-12,4874.0,rank-4,323
Python,https://github.com/codespell-project/codespell,2023-10-14,4875.0,rank-4,323
Python,https://github.com/codespell-project/codespell,2023-10-16,4876.0,rank-4,323
Python,https://github.com/codespell-project/codespell,2023-10-17,4878.0,rank-4,323
Python,https://github.com/codespell-project/codespell,2023-10-18,4880.0,rank-4,323
Python,https://github.com/codespell-project/codespell,2023-10-19,4881.0,rank-4,323
Python,https://github.com/codespell-project/codespell,2023-10-20,4882.0,rank-4,323
Python,https://github.com/codespell-project/codespell,2023-10-21,4883.0,rank-4,323
Python,https://github.com/codespell-project/codespell,2023-10-22,4885.0,rank-4,323
Python,https://github.com/codespell-project/codespell,2023-10-23,4887.0,rank-4,323
Python,https://github.com/codespell-project/codespell,2023-10-24,4891.0,rank-4,323
Python,https://github.com/codespell-project/codespell,2023-10-25,4892.0,rank-4,323
Python,https://github.com/codespell-project/codespell,2023-10-27,4896.0,rank-4,323
Python,https://github.com/codespell-project/codespell,2023-10-28,4897.0,rank-4,323
Python,https://github.com/codespell-project/codespell,2023-10-29,4898.0,rank-4,323
Python,https://github.com/codespell-project/codespell,2023-10-30,4900.0,rank-4,323
Python,https://github.com/codespell-project/codespell,2023-10-31,4902.0,rank-4,323
Python,https://github.com/codespell-project/codespell,2023-11-01,4903.0,rank-4,323
Python,https://github.com/codespell-project/codespell,2023-11-03,4904.0,rank-4,323
Python,https://github.com/codespell-project/codespell,2023-11-05,4905.0,rank-4,323
Python,https://github.com/codespell-project/codespell,2023-11-06,4907.0,rank-4,323
Python,https://github.com/codespell-project/codespell,2023-11-08,4909.0,rank-4,323
Python,https://github.com/codespell-project/codespell,2023-11-13,4911.0,rank-4,323
Python,https://github.com/codespell-project/codespell,2023-11-14,4913.0,rank-4,323
Python,https://github.com/codespell-project/codespell,2023-11-16,4914.0,rank-4,323
Python,https://github.com/codespell-project/codespell,2023-11-20,4916.0,rank-4,323
Python,https://github.com/codespell-project/codespell,2023-11-21,4917.0,rank-4,323
Python,https://github.com/codespell-project/codespell,2023-11-22,4918.0,rank-4,323
Python,https://github.com/codespell-project/codespell,2023-11-23,4919.0,rank-4,323
Python,https://github.com/codespell-project/codespell,2023-11-27,4921.0,rank-4,323
Python,https://github.com/codespell-project/codespell,2023-11-29,4922.0,rank-4,323
Python,https://github.com/codespell-project/codespell,2023-11-30,4923.0,rank-4,323
Python,https://github.com/codespell-project/codespell,2023-12-02,4924.0,rank-4,323
Python,https://github.com/codespell-project/codespell,2011-01-28,8.0,rank-other,8
Python,https://github.com/codespell-project/codespell,2011-01-29,17.0,rank-other,17
Python,https://github.com/codespell-project/codespell,2011-01-31,23.0,rank-other,23
Python,https://github.com/codespell-project/codespell,2011-02-01,27.0,rank-other,27
Python,https://github.com/codespell-project/codespell,2011-02-02,28.0,rank-other,28
Python,https://github.com/codespell-project/codespell,2011-02-03,34.0,rank-other,34
Python,https://github.com/codespell-project/codespell,2011-02-16,36.0,rank-other,36
Python,https://github.com/codespell-project/codespell,2011-02-17,37.0,rank-other,37
Python,https://github.com/codespell-project/codespell,2011-02-21,38.0,rank-other,38
Python,https://github.com/codespell-project/codespell,2011-03-22,40.0,rank-other,40
Python,https://github.com/codespell-project/codespell,2011-03-29,44.0,rank-other,44
Python,https://github.com/codespell-project/codespell,2011-03-30,46.0,rank-other,46
Python,https://github.com/codespell-project/codespell,2011-04-01,48.0,rank-other,48
Python,https://github.com/codespell-project/codespell,2011-04-14,53.0,rank-other,53
Python,https://github.com/codespell-project/codespell,2011-04-18,54.0,rank-other,54
Python,https://github.com/codespell-project/codespell,2011-04-27,56.0,rank-other,56
Python,https://github.com/codespell-project/codespell,2011-04-28,58.0,rank-other,58
Python,https://github.com/codespell-project/codespell,2011-05-02,59.0,rank-other,59
Python,https://github.com/codespell-project/codespell,2011-05-22,61.0,rank-other,61
Python,https://github.com/codespell-project/codespell,2011-05-24,62.0,rank-other,62
Python,https://github.com/codespell-project/codespell,2011-05-25,65.0,rank-other,65
Python,https://github.com/codespell-project/codespell,2011-05-26,67.0,rank-other,67
Python,https://github.com/codespell-project/codespell,2011-05-27,69.0,rank-other,69
Python,https://github.com/codespell-project/codespell,2011-05-28,72.0,rank-other,72
Python,https://github.com/codespell-project/codespell,2011-05-29,74.0,rank-other,74
Python,https://github.com/codespell-project/codespell,2011-05-30,76.0,rank-other,76
Python,https://github.com/codespell-project/codespell,2011-06-02,77.0,rank-other,77
Python,https://github.com/codespell-project/codespell,2011-06-11,79.0,rank-other,79
Python,https://github.com/codespell-project/codespell,2011-06-14,82.0,rank-other,82
Python,https://github.com/codespell-project/codespell,2011-06-16,83.0,rank-other,83
Python,https://github.com/codespell-project/codespell,2011-06-18,92.0,rank-other,92
Python,https://github.com/codespell-project/codespell,2011-06-28,95.0,rank-other,95
Python,https://github.com/codespell-project/codespell,2011-07-02,99.0,rank-other,99
Python,https://github.com/codespell-project/codespell,2011-07-12,100.0,rank-other,100
Python,https://github.com/codespell-project/codespell,2011-07-14,102.0,rank-other,102
Python,https://github.com/codespell-project/codespell,2011-07-25,105.0,rank-other,105
Python,https://github.com/codespell-project/codespell,2011-08-17,108.0,rank-other,108
Python,https://github.com/codespell-project/codespell,2011-08-20,109.0,rank-other,109
Python,https://github.com/codespell-project/codespell,2011-09-15,110.0,rank-other,110
Python,https://github.com/codespell-project/codespell,2011-09-21,111.0,rank-other,111
Python,https://github.com/codespell-project/codespell,2011-09-28,113.0,rank-other,113
Python,https://github.com/codespell-project/codespell,2011-09-29,115.0,rank-other,115
Python,https://github.com/codespell-project/codespell,2011-09-30,116.0,rank-other,116
Python,https://github.com/codespell-project/codespell,2011-10-14,117.0,rank-other,117
Python,https://github.com/codespell-project/codespell,2011-10-15,120.0,rank-other,120
Python,https://github.com/codespell-project/codespell,2011-10-19,124.0,rank-other,124
Python,https://github.com/codespell-project/codespell,2011-12-06,125.0,rank-other,125
Python,https://github.com/codespell-project/codespell,2011-12-09,130.0,rank-other,130
Python,https://github.com/codespell-project/codespell,2012-01-20,132.0,rank-other,132
Python,https://github.com/codespell-project/codespell,2012-02-28,137.0,rank-other,137
Python,https://github.com/codespell-project/codespell,2012-03-05,138.0,rank-other,138
Python,https://github.com/codespell-project/codespell,2012-03-06,139.0,rank-other,139
Python,https://github.com/codespell-project/codespell,2012-08-22,143.0,rank-other,143
Python,https://github.com/codespell-project/codespell,2013-02-12,144.0,rank-other,144
Python,https://github.com/codespell-project/codespell,2013-02-14,145.0,rank-other,145
Python,https://github.com/codespell-project/codespell,2013-04-10,152.0,rank-other,152
Python,https://github.com/codespell-project/codespell,2013-04-19,153.0,rank-other,153
Python,https://github.com/codespell-project/codespell,2013-05-06,154.0,rank-other,154
Python,https://github.com/codespell-project/codespell,2013-05-07,156.0,rank-other,156
Python,https://github.com/codespell-project/codespell,2013-05-16,158.0,rank-other,158
Python,https://github.com/codespell-project/codespell,2013-05-28,159.0,rank-other,159
Python,https://github.com/codespell-project/codespell,2013-07-12,160.0,rank-other,160
Python,https://github.com/codespell-project/codespell,2013-07-21,161.0,rank-other,161
Python,https://github.com/codespell-project/codespell,2013-07-24,162.0,rank-other,162
Python,https://github.com/codespell-project/codespell,2013-09-25,163.0,rank-other,163
Python,https://github.com/codespell-project/codespell,2013-10-21,164.0,rank-other,164
Python,https://github.com/codespell-project/codespell,2013-12-05,165.0,rank-other,165
Python,https://github.com/codespell-project/codespell,2013-12-26,169.0,rank-other,165
Python,https://github.com/codespell-project/codespell,2013-12-29,170.0,rank-other,165
Python,https://github.com/codespell-project/codespell,2014-01-07,172.0,rank-other,165
Python,https://github.com/codespell-project/codespell,2014-01-24,176.0,rank-other,169
Python,https://github.com/codespell-project/codespell,2014-01-27,177.0,rank-other,170
Python,https://github.com/codespell-project/codespell,2014-03-22,178.0,rank-other,170
Python,https://github.com/codespell-project/codespell,2014-03-29,179.0,rank-other,171
Python,https://github.com/codespell-project/codespell,2014-04-07,180.0,rank-other,172
Python,https://github.com/codespell-project/codespell,2014-04-08,181.0,rank-other,172
Python,https://github.com/codespell-project/codespell,2014-06-07,183.0,rank-other,174
Python,https://github.com/codespell-project/codespell,2014-06-12,184.0,rank-other,175
Python,https://github.com/codespell-project/codespell,2014-06-27,185.0,rank-other,176
Python,https://github.com/codespell-project/codespell,2014-09-02,191.0,rank-other,182
Python,https://github.com/codespell-project/codespell,2014-09-29,192.0,rank-other,182
Python,https://github.com/codespell-project/codespell,2014-10-17,193.0,rank-other,182
Python,https://github.com/codespell-project/codespell,2014-11-25,194.0,rank-other,183
Python,https://github.com/codespell-project/codespell,2015-01-03,198.0,rank-other,187
Python,https://github.com/codespell-project/codespell,2015-03-09,199.0,rank-other,188
Python,https://github.com/codespell-project/codespell,2015-03-12,201.0,rank-other,190
Python,https://github.com/codespell-project/codespell,2015-03-13,202.0,rank-other,191
Python,https://github.com/codespell-project/codespell,2015-03-31,203.0,rank-other,192
Python,https://github.com/codespell-project/codespell,2015-04-11,205.0,rank-other,194
Python,https://github.com/codespell-project/codespell,2015-04-18,207.0,rank-other,196
Python,https://github.com/codespell-project/codespell,2015-05-07,208.0,rank-other,197
Python,https://github.com/codespell-project/codespell,2015-05-18,209.0,rank-other,198
Python,https://github.com/codespell-project/codespell,2015-06-15,210.0,rank-other,199
Python,https://github.com/codespell-project/codespell,2015-06-18,214.0,rank-other,203
Python,https://github.com/codespell-project/codespell,2015-06-23,217.0,rank-other,206
Python,https://github.com/codespell-project/codespell,2015-06-30,218.0,rank-other,207
Python,https://github.com/codespell-project/codespell,2015-08-02,219.0,rank-other,208
Python,https://github.com/codespell-project/codespell,2015-08-11,220.0,rank-other,209
Python,https://github.com/codespell-project/codespell,2015-08-12,221.0,rank-other,210
Python,https://github.com/codespell-project/codespell,2015-08-18,225.0,rank-other,214
Python,https://github.com/codespell-project/codespell,2015-09-09,226.0,rank-other,215
Python,https://github.com/codespell-project/codespell,2015-09-10,227.0,rank-other,216
Python,https://github.com/codespell-project/codespell,2015-09-12,232.0,rank-other,221
Python,https://github.com/codespell-project/codespell,2015-09-13,233.0,rank-other,222
Python,https://github.com/codespell-project/codespell,2015-09-14,234.0,rank-other,223
Python,https://github.com/codespell-project/codespell,2015-09-21,235.0,rank-other,224
Python,https://github.com/codespell-project/codespell,2015-10-22,236.0,rank-other,225
Python,https://github.com/codespell-project/codespell,2015-10-27,237.0,rank-other,226
Python,https://github.com/codespell-project/codespell,2015-11-17,238.0,rank-other,227
Python,https://github.com/codespell-project/codespell,2015-12-08,239.0,rank-other,228
Python,https://github.com/codespell-project/codespell,2015-12-10,240.0,rank-other,229
Python,https://github.com/codespell-project/codespell,2015-12-12,241.0,rank-other,230
Python,https://github.com/codespell-project/codespell,2016-01-07,242.0,rank-other,231
Python,https://github.com/codespell-project/codespell,2016-01-12,244.0,rank-other,231
Python,https://github.com/codespell-project/codespell,2016-01-15,247.0,rank-other,234
Python,https://github.com/codespell-project/codespell,2016-02-26,249.0,rank-other,236
Python,https://github.com/codespell-project/codespell,2016-03-06,250.0,rank-other,237
Python,https://github.com/codespell-project/codespell,2016-03-11,252.0,rank-other,239
Python,https://github.com/codespell-project/codespell,2016-04-21,253.0,rank-other,240
Python,https://github.com/codespell-project/codespell,2016-04-26,255.0,rank-other,242
Python,https://github.com/codespell-project/codespell,2016-04-27,259.0,rank-other,242
Python,https://github.com/codespell-project/codespell,2016-05-12,260.0,rank-other,243
Python,https://github.com/codespell-project/codespell,2016-05-22,264.0,rank-other,247
Python,https://github.com/codespell-project/codespell,2016-06-03,265.0,rank-other,248
Python,https://github.com/codespell-project/codespell,2016-06-06,268.0,rank-other,251
Python,https://github.com/codespell-project/codespell,2016-06-09,275.0,rank-other,254
Python,https://github.com/codespell-project/codespell,2016-06-10,287.0,rank-other,259
Python,https://github.com/codespell-project/codespell,2016-06-11,288.0,rank-other,259
Python,https://github.com/codespell-project/codespell,2016-06-16,290.0,rank-other,259
Python,https://github.com/codespell-project/codespell,2016-06-17,294.0,rank-other,259
Python,https://github.com/codespell-project/codespell,2016-08-18,295.0,rank-other,259
Python,https://github.com/codespell-project/codespell,2016-08-31,297.0,rank-other,261
Python,https://github.com/codespell-project/codespell,2016-09-04,300.0,rank-other,261
Python,https://github.com/codespell-project/codespell,2016-09-08,301.0,rank-other,262
Python,https://github.com/codespell-project/codespell,2016-09-10,302.0,rank-other,263
Python,https://github.com/codespell-project/codespell,2016-10-10,303.0,rank-other,263
Python,https://github.com/codespell-project/codespell,2016-10-14,304.0,rank-other,263
Python,https://github.com/codespell-project/codespell,2016-10-17,306.0,rank-other,265
Python,https://github.com/codespell-project/codespell,2016-10-19,310.0,rank-other,269
Python,https://github.com/codespell-project/codespell,2016-11-09,313.0,rank-other,269
Python,https://github.com/codespell-project/codespell,2016-11-11,317.0,rank-other,269
Python,https://github.com/codespell-project/codespell,2016-11-12,323.0,rank-other,269
Python,https://github.com/codespell-project/codespell,2016-11-14,324.0,rank-other,269
Python,https://github.com/codespell-project/codespell,2016-11-15,325.0,rank-other,269
Python,https://github.com/codespell-project/codespell,2016-11-16,326.0,rank-other,269
Python,https://github.com/codespell-project/codespell,2016-11-19,328.0,rank-other,269
Python,https://github.com/codespell-project/codespell,2016-11-22,331.0,rank-other,269
Python,https://github.com/codespell-project/codespell,2016-11-27,332.0,rank-other,269
Python,https://github.com/codespell-project/codespell,2016-12-01,333.0,rank-other,269
Python,https://github.com/codespell-project/codespell,2016-12-02,334.0,rank-other,269
Python,https://github.com/codespell-project/codespell,2016-12-03,338.0,rank-other,269
Python,https://github.com/codespell-project/codespell,2016-12-05,339.0,rank-other,269
Python,https://github.com/codespell-project/codespell,2016-12-08,346.0,rank-other,269
Python,https://github.com/codespell-project/codespell,2016-12-10,348.0,rank-other,269
Python,https://github.com/codespell-project/codespell,2016-12-11,349.0,rank-other,269
Python,https://github.com/codespell-project/codespell,2016-12-13,350.0,rank-other,269
Python,https://github.com/codespell-project/codespell,2016-12-15,351.0,rank-other,269
Python,https://github.com/codespell-project/codespell,2016-12-16,355.0,rank-other,269
Python,https://github.com/codespell-project/codespell,2016-12-18,356.0,rank-other,269
Python,https://github.com/codespell-project/codespell,2016-12-19,357.0,rank-other,269
Python,https://github.com/codespell-project/codespell,2016-12-22,358.0,rank-other,269
Python,https://github.com/codespell-project/codespell,2016-12-25,360.0,rank-other,269
Python,https://github.com/codespell-project/codespell,2016-12-26,361.0,rank-other,269
Python,https://github.com/codespell-project/codespell,2016-12-30,365.0,rank-other,269
Python,https://github.com/codespell-project/codespell,2016-12-31,366.0,rank-other,269
Python,https://github.com/codespell-project/codespell,2017-01-02,372.0,rank-other,270
Python,https://github.com/codespell-project/codespell,2017-01-04,378.0,rank-other,274
Python,https://github.com/codespell-project/codespell,2017-01-05,379.0,rank-other,274
Python,https://github.com/codespell-project/codespell,2017-01-07,380.0,rank-other,274
Python,https://github.com/codespell-project/codespell,2017-01-08,381.0,rank-other,274
Python,https://github.com/codespell-project/codespell,2017-01-14,382.0,rank-other,274
Python,https://github.com/codespell-project/codespell,2017-01-15,383.0,rank-other,274
Python,https://github.com/codespell-project/codespell,2017-01-16,385.0,rank-other,274
Python,https://github.com/codespell-project/codespell,2017-01-17,388.0,rank-other,274
Python,https://github.com/codespell-project/codespell,2017-01-19,389.0,rank-other,274
Python,https://github.com/codespell-project/codespell,2017-01-20,390.0,rank-other,274
Python,https://github.com/codespell-project/codespell,2017-01-21,392.0,rank-other,274
Python,https://github.com/codespell-project/codespell,2017-01-23,397.0,rank-other,274
Python,https://github.com/codespell-project/codespell,2017-01-24,399.0,rank-other,274
Python,https://github.com/codespell-project/codespell,2017-01-25,400.0,rank-other,274
Python,https://github.com/codespell-project/codespell,2017-01-29,402.0,rank-other,274
Python,https://github.com/codespell-project/codespell,2017-01-30,403.0,rank-other,274
Python,https://github.com/codespell-project/codespell,2017-01-31,404.0,rank-other,274
Python,https://github.com/codespell-project/codespell,2017-02-01,406.0,rank-other,274
Python,https://github.com/codespell-project/codespell,2017-02-02,411.0,rank-other,275
Python,https://github.com/codespell-project/codespell,2017-02-03,412.0,rank-other,275
Python,https://github.com/codespell-project/codespell,2017-02-05,414.0,rank-other,275
Python,https://github.com/codespell-project/codespell,2017-02-06,416.0,rank-other,275
Python,https://github.com/codespell-project/codespell,2017-02-10,418.0,rank-other,275
Python,https://github.com/codespell-project/codespell,2017-02-12,420.0,rank-other,275
Python,https://github.com/codespell-project/codespell,2017-02-14,421.0,rank-other,275
Python,https://github.com/codespell-project/codespell,2017-02-20,423.0,rank-other,275
Python,https://github.com/codespell-project/codespell,2017-02-21,425.0,rank-other,276
Python,https://github.com/codespell-project/codespell,2017-02-23,426.0,rank-other,276
Python,https://github.com/codespell-project/codespell,2017-02-24,427.0,rank-other,276
Python,https://github.com/codespell-project/codespell,2017-02-26,429.0,rank-other,276
Python,https://github.com/codespell-project/codespell,2017-03-03,430.0,rank-other,276
Python,https://github.com/codespell-project/codespell,2017-03-06,432.0,rank-other,276
Python,https://github.com/codespell-project/codespell,2017-03-07,434.0,rank-other,277
Python,https://github.com/codespell-project/codespell,2017-03-09,446.0,rank-other,277
Python,https://github.com/codespell-project/codespell,2017-03-10,447.0,rank-other,277
Python,https://github.com/codespell-project/codespell,2017-03-11,448.0,rank-other,277
Python,https://github.com/codespell-project/codespell,2017-03-13,449.0,rank-other,277
Python,https://github.com/codespell-project/codespell,2017-03-14,452.0,rank-other,277
Python,https://github.com/codespell-project/codespell,2017-03-15,454.0,rank-other,277
Python,https://github.com/codespell-project/codespell,2017-03-16,457.0,rank-other,278
Python,https://github.com/codespell-project/codespell,2017-03-18,458.0,rank-other,278
Python,https://github.com/codespell-project/codespell,2017-03-19,459.0,rank-other,278
Python,https://github.com/codespell-project/codespell,2017-03-20,461.0,rank-other,278
Python,https://github.com/codespell-project/codespell,2017-03-21,462.0,rank-other,278
Python,https://github.com/codespell-project/codespell,2017-03-24,463.0,rank-other,278
Python,https://github.com/codespell-project/codespell,2017-03-25,464.0,rank-other,278
Python,https://github.com/codespell-project/codespell,2017-03-27,466.0,rank-other,278
Python,https://github.com/codespell-project/codespell,2017-03-28,468.0,rank-other,278
Python,https://github.com/codespell-project/codespell,2017-03-31,470.0,rank-other,279
Python,https://github.com/codespell-project/codespell,2017-04-01,472.0,rank-other,280
Python,https://github.com/codespell-project/codespell,2017-04-02,473.0,rank-other,280
Python,https://github.com/codespell-project/codespell,2017-04-03,475.0,rank-other,280
Python,https://github.com/codespell-project/codespell,2017-04-12,476.0,rank-other,280
Python,https://github.com/codespell-project/codespell,2017-04-13,477.0,rank-other,280
Python,https://github.com/codespell-project/codespell,2017-04-14,478.0,rank-other,280
Python,https://github.com/codespell-project/codespell,2017-04-16,479.0,rank-other,280
Python,https://github.com/codespell-project/codespell,2017-04-17,482.0,rank-other,280
Python,https://github.com/codespell-project/codespell,2017-04-18,485.0,rank-other,280
Python,https://github.com/codespell-project/codespell,2017-04-20,487.0,rank-other,280
Python,https://github.com/codespell-project/codespell,2017-04-22,490.0,rank-other,280
Python,https://github.com/codespell-project/codespell,2017-04-27,491.0,rank-other,280
Python,https://github.com/codespell-project/codespell,2017-04-28,492.0,rank-other,280
Python,https://github.com/codespell-project/codespell,2017-04-29,493.0,rank-other,280
Python,https://github.com/codespell-project/codespell,2017-05-03,495.0,rank-other,280
Python,https://github.com/codespell-project/codespell,2017-05-05,496.0,rank-other,280
Python,https://github.com/codespell-project/codespell,2017-05-07,501.0,rank-other,280
Python,https://github.com/codespell-project/codespell,2017-05-08,502.0,rank-other,280
Python,https://github.com/codespell-project/codespell,2017-05-09,503.0,rank-other,280
Python,https://github.com/codespell-project/codespell,2017-05-11,504.0,rank-other,280
Python,https://github.com/codespell-project/codespell,2017-05-12,505.0,rank-other,280
Python,https://github.com/codespell-project/codespell,2017-05-14,506.0,rank-other,280
Python,https://github.com/codespell-project/codespell,2017-05-15,507.0,rank-other,280
Python,https://github.com/codespell-project/codespell,2017-05-17,508.0,rank-other,280
Python,https://github.com/codespell-project/codespell,2017-05-20,514.0,rank-other,280
Python,https://github.com/codespell-project/codespell,2017-05-22,515.0,rank-other,280
Python,https://github.com/codespell-project/codespell,2017-05-23,516.0,rank-other,280
Python,https://github.com/codespell-project/codespell,2017-05-27,517.0,rank-other,280
Python,https://github.com/codespell-project/codespell,2017-05-29,519.0,rank-other,280
Python,https://github.com/codespell-project/codespell,2017-05-30,521.0,rank-other,280
Python,https://github.com/codespell-project/codespell,2017-06-08,522.0,rank-other,280
Python,https://github.com/codespell-project/codespell,2017-06-12,524.0,rank-other,280
Python,https://github.com/codespell-project/codespell,2017-06-14,525.0,rank-other,281
Python,https://github.com/codespell-project/codespell,2017-06-16,526.0,rank-other,281
Python,https://github.com/codespell-project/codespell,2017-06-17,527.0,rank-other,281
Python,https://github.com/codespell-project/codespell,2017-06-19,529.0,rank-other,281
Python,https://github.com/codespell-project/codespell,2017-06-22,530.0,rank-other,281
Python,https://github.com/codespell-project/codespell,2017-06-26,531.0,rank-other,281
Python,https://github.com/codespell-project/codespell,2017-06-29,533.0,rank-other,281
Python,https://github.com/codespell-project/codespell,2017-07-03,534.0,rank-other,281
Python,https://github.com/codespell-project/codespell,2017-07-04,535.0,rank-other,281
Python,https://github.com/codespell-project/codespell,2017-07-10,537.0,rank-other,281
Python,https://github.com/codespell-project/codespell,2017-07-14,538.0,rank-other,281
Python,https://github.com/codespell-project/codespell,2017-07-17,541.0,rank-other,281
Python,https://github.com/codespell-project/codespell,2017-07-18,542.0,rank-other,281
Python,https://github.com/codespell-project/codespell,2017-07-21,544.0,rank-other,282
Python,https://github.com/codespell-project/codespell,2017-07-22,546.0,rank-other,283
Python,https://github.com/codespell-project/codespell,2017-07-23,547.0,rank-other,283
Python,https://github.com/codespell-project/codespell,2017-07-24,550.0,rank-other,283
Python,https://github.com/codespell-project/codespell,2017-07-25,552.0,rank-other,284
Python,https://github.com/codespell-project/codespell,2017-07-29,553.0,rank-other,285
Python,https://github.com/codespell-project/codespell,2017-08-03,554.0,rank-other,285
Python,https://github.com/codespell-project/codespell,2017-08-05,555.0,rank-other,285
Python,https://github.com/codespell-project/codespell,2017-08-10,556.0,rank-other,286
Python,https://github.com/codespell-project/codespell,2017-08-13,559.0,rank-other,289
Python,https://github.com/codespell-project/codespell,2017-08-15,566.0,rank-other,293
Python,https://github.com/codespell-project/codespell,2017-08-17,571.0,rank-other,298
Python,https://github.com/codespell-project/codespell,2017-08-22,573.0,rank-other,298
Python,https://github.com/codespell-project/codespell,2017-08-23,574.0,rank-other,299
Python,https://github.com/codespell-project/codespell,2017-08-27,577.0,rank-other,302
Python,https://github.com/codespell-project/codespell,2017-08-28,583.0,rank-other,302
Python,https://github.com/codespell-project/codespell,2017-08-31,585.0,rank-other,302
Python,https://github.com/codespell-project/codespell,2017-09-01,587.0,rank-other,303
Python,https://github.com/codespell-project/codespell,2017-09-02,589.0,rank-other,304
Python,https://github.com/codespell-project/codespell,2017-09-04,590.0,rank-other,304
Python,https://github.com/codespell-project/codespell,2017-09-06,591.0,rank-other,304
Python,https://github.com/codespell-project/codespell,2017-09-13,593.0,rank-other,304
Python,https://github.com/codespell-project/codespell,2017-09-14,594.0,rank-other,304
Python,https://github.com/codespell-project/codespell,2017-09-15,601.0,rank-other,308
Python,https://github.com/codespell-project/codespell,2017-09-16,602.0,rank-other,308
Python,https://github.com/codespell-project/codespell,2017-09-17,604.0,rank-other,309
Python,https://github.com/codespell-project/codespell,2017-09-18,606.0,rank-other,309
Python,https://github.com/codespell-project/codespell,2017-09-19,609.0,rank-other,309
Python,https://github.com/codespell-project/codespell,2017-09-20,612.0,rank-other,309
Python,https://github.com/codespell-project/codespell,2017-09-26,617.0,rank-other,309
Python,https://github.com/codespell-project/codespell,2017-09-29,621.0,rank-other,311
Python,https://github.com/codespell-project/codespell,2017-10-01,625.0,rank-other,313
Python,https://github.com/codespell-project/codespell,2017-10-03,627.0,rank-other,313
Python,https://github.com/codespell-project/codespell,2017-10-05,628.0,rank-other,314
Python,https://github.com/codespell-project/codespell,2017-10-06,632.0,rank-other,316
Python,https://github.com/codespell-project/codespell,2017-10-08,640.0,rank-other,320
Python,https://github.com/codespell-project/codespell,2017-10-09,647.0,rank-other,322
Python,https://github.com/codespell-project/codespell,2017-10-10,651.0,rank-other,324
Python,https://github.com/codespell-project/codespell,2017-10-11,656.0,rank-other,326
Python,https://github.com/codespell-project/codespell,2017-10-12,660.0,rank-other,327
Python,https://github.com/codespell-project/codespell,2017-10-13,664.0,rank-other,328
Python,https://github.com/codespell-project/codespell,2017-10-14,666.0,rank-other,329
Python,https://github.com/codespell-project/codespell,2017-10-15,670.0,rank-other,331
Python,https://github.com/codespell-project/codespell,2017-10-16,676.0,rank-other,333
Python,https://github.com/codespell-project/codespell,2017-10-17,681.0,rank-other,335
Python,https://github.com/codespell-project/codespell,2017-10-19,682.0,rank-other,336
Python,https://github.com/codespell-project/codespell,2017-10-20,684.0,rank-other,337
Python,https://github.com/codespell-project/codespell,2017-10-23,686.0,rank-other,339
Python,https://github.com/codespell-project/codespell,2017-10-24,693.0,rank-other,341
Python,https://github.com/codespell-project/codespell,2017-10-25,694.0,rank-other,341
Python,https://github.com/codespell-project/codespell,2017-10-26,696.0,rank-other,341
Python,https://github.com/codespell-project/codespell,2017-10-28,698.0,rank-other,341
Python,https://github.com/codespell-project/codespell,2017-10-29,702.0,rank-other,343
Python,https://github.com/codespell-project/codespell,2017-10-30,709.0,rank-other,346
Python,https://github.com/codespell-project/codespell,2017-10-31,711.0,rank-other,346
Python,https://github.com/codespell-project/codespell,2017-11-01,712.0,rank-other,346
Python,https://github.com/codespell-project/codespell,2017-11-03,716.0,rank-other,348
Python,https://github.com/codespell-project/codespell,2017-11-04,717.0,rank-other,348
Python,https://github.com/codespell-project/codespell,2017-11-05,719.0,rank-other,350
Python,https://github.com/codespell-project/codespell,2017-11-06,721.0,rank-other,350
Python,https://github.com/codespell-project/codespell,2017-11-07,729.0,rank-other,354
Python,https://github.com/codespell-project/codespell,2017-11-08,732.0,rank-other,356
Python,https://github.com/codespell-project/codespell,2017-11-09,745.0,rank-other,362
Python,https://github.com/codespell-project/codespell,2017-11-10,749.0,rank-other,363
Python,https://github.com/codespell-project/codespell,2017-11-12,751.0,rank-other,364
Python,https://github.com/codespell-project/codespell,2017-11-13,753.0,rank-other,364
Python,https://github.com/codespell-project/codespell,2017-11-14,765.0,rank-other,365
Python,https://github.com/codespell-project/codespell,2017-11-15,774.0,rank-other,365
Python,https://github.com/codespell-project/codespell,2017-11-16,788.0,rank-other,365
Python,https://github.com/codespell-project/codespell,2017-11-17,790.0,rank-other,365
Python,https://github.com/codespell-project/codespell,2017-11-18,792.0,rank-other,365
Python,https://github.com/codespell-project/codespell,2017-11-19,794.0,rank-other,367
Python,https://github.com/codespell-project/codespell,2017-11-22,796.0,rank-other,368
Python,https://github.com/codespell-project/codespell,2017-11-23,797.0,rank-other,369
Python,https://github.com/codespell-project/codespell,2017-11-24,799.0,rank-other,369
Python,https://github.com/codespell-project/codespell,2017-11-26,802.0,rank-other,369
Python,https://github.com/codespell-project/codespell,2017-11-27,815.0,rank-other,369
Python,https://github.com/codespell-project/codespell,2017-11-28,817.0,rank-other,369
Python,https://github.com/codespell-project/codespell,2017-11-29,825.0,rank-other,370
Python,https://github.com/codespell-project/codespell,2017-11-30,826.0,rank-other,370
Python,https://github.com/codespell-project/codespell,2017-12-01,828.0,rank-other,370
Python,https://github.com/codespell-project/codespell,2017-12-03,829.0,rank-other,371
Python,https://github.com/codespell-project/codespell,2017-12-04,839.0,rank-other,375
Python,https://github.com/codespell-project/codespell,2017-12-05,842.0,rank-other,377
Python,https://github.com/codespell-project/codespell,2017-12-06,848.0,rank-other,381
Python,https://github.com/codespell-project/codespell,2017-12-07,850.0,rank-other,381
Python,https://github.com/codespell-project/codespell,2017-12-09,851.0,rank-other,382
Python,https://github.com/codespell-project/codespell,2017-12-11,853.0,rank-other,382
Python,https://github.com/codespell-project/codespell,2017-12-12,854.0,rank-other,383
Python,https://github.com/codespell-project/codespell,2017-12-13,857.0,rank-other,384
Python,https://github.com/codespell-project/codespell,2017-12-14,858.0,rank-other,384
Python,https://github.com/codespell-project/codespell,2017-12-15,863.0,rank-other,386
Python,https://github.com/codespell-project/codespell,2017-12-18,864.0,rank-other,387
Python,https://github.com/codespell-project/codespell,2017-12-19,867.0,rank-other,388
Python,https://github.com/codespell-project/codespell,2017-12-20,869.0,rank-other,390
Python,https://github.com/codespell-project/codespell,2017-12-23,873.0,rank-other,392
Python,https://github.com/codespell-project/codespell,2017-12-24,874.0,rank-other,393
Python,https://github.com/codespell-project/codespell,2017-12-27,875.0,rank-other,393
Python,https://github.com/codespell-project/codespell,2017-12-28,876.0,rank-other,393
Python,https://github.com/codespell-project/codespell,2017-12-31,880.0,rank-other,395
Python,https://github.com/codespell-project/codespell,2018-01-01,881.0,rank-other,395
Python,https://github.com/codespell-project/codespell,2018-01-02,884.0,rank-other,395
Python,https://github.com/codespell-project/codespell,2018-01-03,889.0,rank-other,395
Python,https://github.com/codespell-project/codespell,2018-01-04,890.0,rank-other,395
Python,https://github.com/codespell-project/codespell,2018-01-05,895.0,rank-other,395
Python,https://github.com/codespell-project/codespell,2018-01-07,896.0,rank-other,395
Python,https://github.com/codespell-project/codespell,2018-01-08,899.0,rank-other,396
Python,https://github.com/codespell-project/codespell,2018-01-09,933.0,rank-other,396
Python,https://github.com/codespell-project/codespell,2018-01-10,935.0,rank-other,396
Python,https://github.com/codespell-project/codespell,2018-01-11,937.0,rank-other,396
Python,https://github.com/codespell-project/codespell,2018-01-12,945.0,rank-other,397
Python,https://github.com/codespell-project/codespell,2018-01-13,949.0,rank-other,397
Python,https://github.com/codespell-project/codespell,2018-01-14,950.0,rank-other,398
Python,https://github.com/codespell-project/codespell,2018-01-15,955.0,rank-other,398
Python,https://github.com/codespell-project/codespell,2018-01-16,957.0,rank-other,398
Python,https://github.com/codespell-project/codespell,2018-01-17,959.0,rank-other,398
Python,https://github.com/codespell-project/codespell,2018-01-18,968.0,rank-other,398
Python,https://github.com/codespell-project/codespell,2018-01-19,973.0,rank-other,398
Python,https://github.com/codespell-project/codespell,2018-01-20,975.0,rank-other,398
Python,https://github.com/codespell-project/codespell,2018-01-21,976.0,rank-other,398
Python,https://github.com/codespell-project/codespell,2018-01-22,977.0,rank-other,398
Python,https://github.com/codespell-project/codespell,2018-01-23,980.0,rank-other,398
Python,https://github.com/codespell-project/codespell,2018-01-24,982.0,rank-other,398
Python,https://github.com/codespell-project/codespell,2018-01-25,987.0,rank-other,398
Python,https://github.com/codespell-project/codespell,2018-01-26,988.0,rank-other,398
Python,https://github.com/codespell-project/codespell,2018-01-27,992.0,rank-other,400
Python,https://github.com/codespell-project/codespell,2018-01-28,993.0,rank-other,401
Python,https://github.com/codespell-project/codespell,2018-01-29,1003.0,rank-other,402
Python,https://github.com/codespell-project/codespell,2018-02-02,1004.0,rank-other,402
Python,https://github.com/codespell-project/codespell,2018-02-03,1007.0,rank-other,402
Python,https://github.com/codespell-project/codespell,2018-02-04,1008.0,rank-other,402
Python,https://github.com/codespell-project/codespell,2018-02-05,1016.0,rank-other,402
Python,https://github.com/codespell-project/codespell,2018-02-06,1018.0,rank-other,402
Python,https://github.com/codespell-project/codespell,2018-02-07,1025.0,rank-other,402
Python,https://github.com/codespell-project/codespell,2018-02-08,1029.0,rank-other,402
Python,https://github.com/codespell-project/codespell,2018-02-09,1034.0,rank-other,402
Python,https://github.com/codespell-project/codespell,2018-02-10,1035.0,rank-other,402
Python,https://github.com/codespell-project/codespell,2018-02-12,1038.0,rank-other,402
Python,https://github.com/codespell-project/codespell,2018-02-13,1040.0,rank-other,402
Python,https://github.com/codespell-project/codespell,2018-02-14,1050.0,rank-other,402
Python,https://github.com/codespell-project/codespell,2018-02-15,1062.0,rank-other,403
Python,https://github.com/codespell-project/codespell,2018-02-16,1068.0,rank-other,403
Python,https://github.com/codespell-project/codespell,2018-02-17,1073.0,rank-other,403
Python,https://github.com/codespell-project/codespell,2018-02-18,1075.0,rank-other,403
Python,https://github.com/codespell-project/codespell,2018-02-19,1078.0,rank-other,403
Python,https://github.com/codespell-project/codespell,2018-02-21,1080.0,rank-other,403
Python,https://github.com/codespell-project/codespell,2018-02-22,1084.0,rank-other,405
Python,https://github.com/codespell-project/codespell,2018-02-23,1085.0,rank-other,405
Python,https://github.com/codespell-project/codespell,2018-02-24,1087.0,rank-other,405
Python,https://github.com/codespell-project/codespell,2018-02-25,1092.0,rank-other,405
Python,https://github.com/codespell-project/codespell,2018-02-26,1094.0,rank-other,405
Python,https://github.com/codespell-project/codespell,2018-02-27,1096.0,rank-other,405
Python,https://github.com/codespell-project/codespell,2018-02-28,1100.0,rank-other,405
Python,https://github.com/codespell-project/codespell,2018-03-01,1101.0,rank-other,405
Python,https://github.com/codespell-project/codespell,2018-03-02,1103.0,rank-other,405
Python,https://github.com/codespell-project/codespell,2018-03-03,1108.0,rank-other,405
Python,https://github.com/codespell-project/codespell,2018-03-04,1109.0,rank-other,405
Python,https://github.com/codespell-project/codespell,2018-03-05,1114.0,rank-other,406
Python,https://github.com/codespell-project/codespell,2018-03-06,1116.0,rank-other,407
Python,https://github.com/codespell-project/codespell,2018-03-08,1120.0,rank-other,408
Python,https://github.com/codespell-project/codespell,2018-03-09,1122.0,rank-other,408
Python,https://github.com/codespell-project/codespell,2018-03-11,1123.0,rank-other,408
Python,https://github.com/codespell-project/codespell,2018-03-12,1131.0,rank-other,409
Python,https://github.com/codespell-project/codespell,2018-03-14,1132.0,rank-other,409
Python,https://github.com/codespell-project/codespell,2018-03-16,1133.0,rank-other,409
Python,https://github.com/codespell-project/codespell,2018-03-17,1135.0,rank-other,409
Python,https://github.com/codespell-project/codespell,2018-03-19,1137.0,rank-other,409
Python,https://github.com/codespell-project/codespell,2018-03-20,1138.0,rank-other,409
Python,https://github.com/codespell-project/codespell,2018-03-22,1140.0,rank-other,409
Python,https://github.com/codespell-project/codespell,2018-03-23,1142.0,rank-other,409
Python,https://github.com/codespell-project/codespell,2018-03-24,1145.0,rank-other,409
Python,https://github.com/codespell-project/codespell,2018-03-25,1149.0,rank-other,409
Python,https://github.com/codespell-project/codespell,2018-03-26,1151.0,rank-other,411
Python,https://github.com/codespell-project/codespell,2018-03-27,1156.0,rank-other,412
Python,https://github.com/codespell-project/codespell,2018-03-28,1157.0,rank-other,412
Python,https://github.com/codespell-project/codespell,2018-03-29,1158.0,rank-other,413
Python,https://github.com/codespell-project/codespell,2018-03-30,1159.0,rank-other,413
Python,https://github.com/codespell-project/codespell,2018-03-31,1166.0,rank-other,414
Python,https://github.com/codespell-project/codespell,2018-04-01,1167.0,rank-other,414
Python,https://github.com/codespell-project/codespell,2018-04-02,1169.0,rank-other,414
Python,https://github.com/codespell-project/codespell,2018-04-03,1171.0,rank-other,416
Python,https://github.com/codespell-project/codespell,2018-04-04,1173.0,rank-other,416
Python,https://github.com/codespell-project/codespell,2018-04-05,1176.0,rank-other,416
Python,https://github.com/codespell-project/codespell,2018-04-06,1178.0,rank-other,416
Python,https://github.com/codespell-project/codespell,2018-04-07,1180.0,rank-other,416
Python,https://github.com/codespell-project/codespell,2018-04-09,1181.0,rank-other,416
Python,https://github.com/codespell-project/codespell,2018-04-12,1182.0,rank-other,416
Python,https://github.com/codespell-project/codespell,2018-04-13,1183.0,rank-other,416
Python,https://github.com/codespell-project/codespell,2018-04-15,1184.0,rank-other,416
Python,https://github.com/codespell-project/codespell,2018-04-16,1191.0,rank-other,420
Python,https://github.com/codespell-project/codespell,2018-04-17,1193.0,rank-other,420
Python,https://github.com/codespell-project/codespell,2018-04-18,1194.0,rank-other,420
Python,https://github.com/codespell-project/codespell,2018-04-20,1197.0,rank-other,420
Python,https://github.com/codespell-project/codespell,2018-04-23,1198.0,rank-other,420
Python,https://github.com/codespell-project/codespell,2018-04-24,1201.0,rank-other,421
Python,https://github.com/codespell-project/codespell,2018-04-26,1209.0,rank-other,426
Python,https://github.com/codespell-project/codespell,2018-04-27,1213.0,rank-other,428
Python,https://github.com/codespell-project/codespell,2018-04-28,1215.0,rank-other,428
Python,https://github.com/codespell-project/codespell,2018-04-29,1216.0,rank-other,428
Python,https://github.com/codespell-project/codespell,2018-04-30,1218.0,rank-other,429
Python,https://github.com/codespell-project/codespell,2018-05-01,1219.0,rank-other,430
Python,https://github.com/codespell-project/codespell,2018-05-02,1221.0,rank-other,430
Python,https://github.com/codespell-project/codespell,2018-05-04,1228.0,rank-other,431
Python,https://github.com/codespell-project/codespell,2018-05-05,1230.0,rank-other,431
Python,https://github.com/codespell-project/codespell,2018-05-07,1241.0,rank-other,431
Python,https://github.com/codespell-project/codespell,2018-05-08,1244.0,rank-other,432
Python,https://github.com/codespell-project/codespell,2018-05-09,1246.0,rank-other,434
Python,https://github.com/codespell-project/codespell,2018-05-10,1254.0,rank-other,435
Python,https://github.com/codespell-project/codespell,2018-05-11,1255.0,rank-other,435
Python,https://github.com/codespell-project/codespell,2018-05-14,1257.0,rank-other,435
Python,https://github.com/codespell-project/codespell,2018-05-16,1260.0,rank-other,435
Python,https://github.com/codespell-project/codespell,2018-05-17,1264.0,rank-other,435
Python,https://github.com/codespell-project/codespell,2018-05-18,1265.0,rank-other,435
Python,https://github.com/codespell-project/codespell,2018-05-19,1267.0,rank-other,437
Python,https://github.com/codespell-project/codespell,2018-05-20,1268.0,rank-other,438
Python,https://github.com/codespell-project/codespell,2018-05-21,1270.0,rank-other,440
Python,https://github.com/codespell-project/codespell,2018-05-22,1273.0,rank-other,440
Python,https://github.com/codespell-project/codespell,2018-05-23,1274.0,rank-other,440
Python,https://github.com/codespell-project/codespell,2018-05-24,1275.0,rank-other,440
Python,https://github.com/codespell-project/codespell,2018-05-25,1277.0,rank-other,440
Python,https://github.com/codespell-project/codespell,2018-05-26,1278.0,rank-other,440
Python,https://github.com/codespell-project/codespell,2018-05-29,1280.0,rank-other,440
Python,https://github.com/codespell-project/codespell,2018-05-31,1282.0,rank-other,440
Python,https://github.com/codespell-project/codespell,2018-06-02,1283.0,rank-other,440
Python,https://github.com/codespell-project/codespell,2018-06-03,1284.0,rank-other,440
Python,https://github.com/codespell-project/codespell,2018-06-04,1287.0,rank-other,442
Python,https://github.com/codespell-project/codespell,2018-06-05,1288.0,rank-other,443
Python,https://github.com/codespell-project/codespell,2018-06-07,1290.0,rank-other,443
Python,https://github.com/codespell-project/codespell,2018-06-08,1292.0,rank-other,443
Python,https://github.com/codespell-project/codespell,2018-06-09,1293.0,rank-other,443
Python,https://github.com/codespell-project/codespell,2018-06-10,1296.0,rank-other,443
Python,https://github.com/codespell-project/codespell,2018-06-11,1298.0,rank-other,443
Python,https://github.com/codespell-project/codespell,2018-06-12,1299.0,rank-other,443
Python,https://github.com/codespell-project/codespell,2018-06-15,1301.0,rank-other,443
Python,https://github.com/codespell-project/codespell,2018-06-16,1302.0,rank-other,443
Python,https://github.com/codespell-project/codespell,2018-06-18,1305.0,rank-other,444
Python,https://github.com/codespell-project/codespell,2018-06-19,1307.0,rank-other,445
Python,https://github.com/codespell-project/codespell,2018-06-20,1310.0,rank-other,446
Python,https://github.com/codespell-project/codespell,2018-06-22,1311.0,rank-other,446
Python,https://github.com/codespell-project/codespell,2018-06-24,1312.0,rank-other,446
Python,https://github.com/codespell-project/codespell,2018-06-26,1313.0,rank-other,446
Python,https://github.com/codespell-project/codespell,2018-06-27,1315.0,rank-other,446
Python,https://github.com/codespell-project/codespell,2018-07-02,1316.0,rank-other,446
Python,https://github.com/codespell-project/codespell,2018-07-03,1318.0,rank-other,446
Python,https://github.com/codespell-project/codespell,2018-07-05,1320.0,rank-other,446
Python,https://github.com/codespell-project/codespell,2018-07-06,1321.0,rank-other,447
Python,https://github.com/codespell-project/codespell,2018-07-07,1322.0,rank-other,447
Python,https://github.com/codespell-project/codespell,2018-07-08,1323.0,rank-other,447
Python,https://github.com/codespell-project/codespell,2018-07-09,1324.0,rank-other,448
Python,https://github.com/codespell-project/codespell,2018-07-10,1325.0,rank-other,449
Python,https://github.com/codespell-project/codespell,2018-07-11,1327.0,rank-other,449
Python,https://github.com/codespell-project/codespell,2018-07-12,1329.0,rank-other,450
Python,https://github.com/codespell-project/codespell,2018-07-13,1330.0,rank-other,450
Python,https://github.com/codespell-project/codespell,2018-07-14,1332.0,rank-other,451
Python,https://github.com/codespell-project/codespell,2018-07-16,1334.0,rank-other,451
Python,https://github.com/codespell-project/codespell,2018-07-18,1335.0,rank-other,451
Python,https://github.com/codespell-project/codespell,2018-07-22,1337.0,rank-other,451
Python,https://github.com/codespell-project/codespell,2018-07-23,1340.0,rank-other,451
Python,https://github.com/codespell-project/codespell,2018-07-25,1342.0,rank-other,452
Python,https://github.com/codespell-project/codespell,2018-07-26,1344.0,rank-other,453
Python,https://github.com/codespell-project/codespell,2018-07-28,1345.0,rank-other,453
Python,https://github.com/codespell-project/codespell,2018-07-29,1352.0,rank-other,454
Python,https://github.com/codespell-project/codespell,2018-07-30,1353.0,rank-other,454
Python,https://github.com/codespell-project/codespell,2018-07-31,1355.0,rank-other,454
Python,https://github.com/codespell-project/codespell,2018-08-03,1356.0,rank-other,454
Python,https://github.com/codespell-project/codespell,2018-08-04,1357.0,rank-other,454
Python,https://github.com/codespell-project/codespell,2018-08-05,1359.0,rank-other,454
Python,https://github.com/codespell-project/codespell,2018-08-06,1367.0,rank-other,454
Python,https://github.com/codespell-project/codespell,2018-08-07,1370.0,rank-other,455
Python,https://github.com/codespell-project/codespell,2018-08-09,1375.0,rank-other,455
Python,https://github.com/codespell-project/codespell,2018-08-12,1378.0,rank-other,455
Python,https://github.com/codespell-project/codespell,2018-08-13,1387.0,rank-other,455
Python,https://github.com/codespell-project/codespell,2018-08-14,1390.0,rank-other,455
Python,https://github.com/codespell-project/codespell,2018-08-15,1391.0,rank-other,455
Python,https://github.com/codespell-project/codespell,2018-08-16,1392.0,rank-other,455
Python,https://github.com/codespell-project/codespell,2018-08-17,1394.0,rank-other,455
Python,https://github.com/codespell-project/codespell,2018-08-21,1395.0,rank-other,455
Python,https://github.com/codespell-project/codespell,2018-08-23,1396.0,rank-other,455
Python,https://github.com/codespell-project/codespell,2018-08-26,1397.0,rank-other,455
Python,https://github.com/codespell-project/codespell,2018-08-27,1400.0,rank-other,456
Python,https://github.com/codespell-project/codespell,2018-08-28,1401.0,rank-other,456
Python,https://github.com/codespell-project/codespell,2018-08-30,1405.0,rank-other,456
Python,https://github.com/codespell-project/codespell,2018-09-01,1408.0,rank-other,456
Python,https://github.com/codespell-project/codespell,2018-09-02,1410.0,rank-other,456
Python,https://github.com/codespell-project/codespell,2018-09-03,1412.0,rank-other,456
Python,https://github.com/codespell-project/codespell,2018-09-04,1415.0,rank-other,456
Python,https://github.com/codespell-project/codespell,2018-09-06,1416.0,rank-other,456
Python,https://github.com/codespell-project/codespell,2018-09-09,1417.0,rank-other,457
Python,https://github.com/codespell-project/codespell,2018-09-10,1421.0,rank-other,459
Python,https://github.com/codespell-project/codespell,2018-09-11,1422.0,rank-other,459
Python,https://github.com/codespell-project/codespell,2018-09-13,1423.0,rank-other,459
Python,https://github.com/codespell-project/codespell,2018-09-14,1426.0,rank-other,460
Python,https://github.com/codespell-project/codespell,2018-09-16,1428.0,rank-other,460
Python,https://github.com/codespell-project/codespell,2018-09-19,1431.0,rank-other,460
Python,https://github.com/codespell-project/codespell,2018-09-20,1432.0,rank-other,460
Python,https://github.com/codespell-project/codespell,2018-09-21,1435.0,rank-other,460
Python,https://github.com/codespell-project/codespell,2018-09-22,1436.0,rank-other,460
Python,https://github.com/codespell-project/codespell,2018-09-23,1438.0,rank-other,461
Python,https://github.com/codespell-project/codespell,2018-09-26,1439.0,rank-other,461
Python,https://github.com/codespell-project/codespell,2018-09-27,1440.0,rank-other,461
Python,https://github.com/codespell-project/codespell,2018-09-28,1448.0,rank-other,461
Python,https://github.com/codespell-project/codespell,2018-09-29,1450.0,rank-other,461
Python,https://github.com/codespell-project/codespell,2018-10-01,1451.0,rank-other,461
Python,https://github.com/codespell-project/codespell,2018-10-02,1452.0,rank-other,461
Python,https://github.com/codespell-project/codespell,2018-10-03,1458.0,rank-other,462
Python,https://github.com/codespell-project/codespell,2018-10-04,1460.0,rank-other,462
Python,https://github.com/codespell-project/codespell,2018-10-05,1464.0,rank-other,462
Python,https://github.com/codespell-project/codespell,2018-10-06,1465.0,rank-other,462
Python,https://github.com/codespell-project/codespell,2018-10-08,1468.0,rank-other,464
Python,https://github.com/codespell-project/codespell,2018-10-09,1469.0,rank-other,464
Python,https://github.com/codespell-project/codespell,2018-10-11,1471.0,rank-other,465
Python,https://github.com/codespell-project/codespell,2018-10-12,1475.0,rank-other,467
Python,https://github.com/codespell-project/codespell,2018-10-13,1476.0,rank-other,467
Python,https://github.com/codespell-project/codespell,2018-10-14,1477.0,rank-other,467
Python,https://github.com/codespell-project/codespell,2018-10-15,1479.0,rank-other,467
Python,https://github.com/codespell-project/codespell,2018-10-16,1482.0,rank-other,469
Python,https://github.com/codespell-project/codespell,2018-10-17,1486.0,rank-other,469
Python,https://github.com/codespell-project/codespell,2018-10-21,1487.0,rank-other,469
Python,https://github.com/codespell-project/codespell,2018-10-22,1494.0,rank-other,469
Python,https://github.com/codespell-project/codespell,2018-10-23,1495.0,rank-other,469
Python,https://github.com/codespell-project/codespell,2018-10-24,1499.0,rank-other,470
Python,https://github.com/codespell-project/codespell,2018-10-25,1500.0,rank-other,470
Python,https://github.com/codespell-project/codespell,2018-10-26,1502.0,rank-other,470
Python,https://github.com/codespell-project/codespell,2018-10-27,1504.0,rank-other,470
Python,https://github.com/codespell-project/codespell,2018-10-28,1505.0,rank-other,470
Python,https://github.com/codespell-project/codespell,2018-10-29,1512.0,rank-other,476
Python,https://github.com/codespell-project/codespell,2018-10-30,1516.0,rank-other,478
Python,https://github.com/codespell-project/codespell,2018-10-31,1519.0,rank-other,478
Python,https://github.com/codespell-project/codespell,2018-11-02,1520.0,rank-other,478
Python,https://github.com/codespell-project/codespell,2018-11-03,1521.0,rank-other,478
Python,https://github.com/codespell-project/codespell,2018-11-04,1522.0,rank-other,478
Python,https://github.com/codespell-project/codespell,2018-11-05,1529.0,rank-other,480
Python,https://github.com/codespell-project/codespell,2018-11-06,1531.0,rank-other,482
Python,https://github.com/codespell-project/codespell,2018-11-07,1535.0,rank-other,483
Python,https://github.com/codespell-project/codespell,2018-11-08,1536.0,rank-other,483
Python,https://github.com/codespell-project/codespell,2018-11-10,1537.0,rank-other,483
Python,https://github.com/codespell-project/codespell,2018-11-12,1539.0,rank-other,483
Python,https://github.com/codespell-project/codespell,2018-11-13,1542.0,rank-other,486
Python,https://github.com/codespell-project/codespell,2018-11-17,1543.0,rank-other,486
Python,https://github.com/codespell-project/codespell,2018-11-19,1544.0,rank-other,486
Python,https://github.com/codespell-project/codespell,2018-11-20,1547.0,rank-other,487
Python,https://github.com/codespell-project/codespell,2018-11-24,1548.0,rank-other,487
Python,https://github.com/codespell-project/codespell,2018-11-26,1551.0,rank-other,487
Python,https://github.com/codespell-project/codespell,2018-11-29,1553.0,rank-other,488
Python,https://github.com/codespell-project/codespell,2018-12-01,1554.0,rank-other,489
Python,https://github.com/codespell-project/codespell,2018-12-02,1555.0,rank-other,489
Python,https://github.com/codespell-project/codespell,2018-12-06,1556.0,rank-other,490
Python,https://github.com/codespell-project/codespell,2018-12-07,1557.0,rank-other,490
Python,https://github.com/codespell-project/codespell,2018-12-08,1561.0,rank-other,490
Python,https://github.com/codespell-project/codespell,2018-12-10,1562.0,rank-other,490
Python,https://github.com/codespell-project/codespell,2018-12-11,1564.0,rank-other,492
Python,https://github.com/codespell-project/codespell,2018-12-12,1565.0,rank-other,493
Python,https://github.com/codespell-project/codespell,2018-12-13,1566.0,rank-other,493
Python,https://github.com/codespell-project/codespell,2018-12-14,1567.0,rank-other,493
Python,https://github.com/codespell-project/codespell,2018-12-19,1568.0,rank-other,493
Python,https://github.com/codespell-project/codespell,2018-12-23,1569.0,rank-other,493
Python,https://github.com/codespell-project/codespell,2018-12-26,1570.0,rank-other,493
Python,https://github.com/codespell-project/codespell,2018-12-27,1571.0,rank-other,494
Python,https://github.com/codespell-project/codespell,2018-12-28,1572.0,rank-other,494
Python,https://github.com/codespell-project/codespell,2018-12-30,1573.0,rank-other,494
Python,https://github.com/codespell-project/codespell,2019-01-07,1581.0,rank-other,498
Python,https://github.com/codespell-project/codespell,2019-01-09,1582.0,rank-other,498
Python,https://github.com/codespell-project/codespell,2019-01-10,1584.0,rank-other,500
Python,https://github.com/codespell-project/codespell,2019-01-11,1586.0,rank-other,501
Python,https://github.com/codespell-project/codespell,2019-01-12,1587.0,rank-other,501
Python,https://github.com/codespell-project/codespell,2019-01-13,1588.0,rank-other,501
Python,https://github.com/codespell-project/codespell,2019-01-14,1590.0,rank-other,501
Python,https://github.com/codespell-project/codespell,2019-01-15,1591.0,rank-other,502
Python,https://github.com/codespell-project/codespell,2019-01-16,1595.0,rank-other,504
Python,https://github.com/codespell-project/codespell,2019-01-17,1598.0,rank-other,505
Python,https://github.com/codespell-project/codespell,2019-01-18,1601.0,rank-other,506
Python,https://github.com/codespell-project/codespell,2019-01-19,1603.0,rank-other,506
Python,https://github.com/codespell-project/codespell,2019-01-20,1604.0,rank-other,506
Python,https://github.com/codespell-project/codespell,2019-01-22,1607.0,rank-other,507
Python,https://github.com/codespell-project/codespell,2019-01-24,1609.0,rank-other,509
Python,https://github.com/codespell-project/codespell,2019-01-25,1611.0,rank-other,510
Python,https://github.com/codespell-project/codespell,2019-01-27,1612.0,rank-other,510
Python,https://github.com/codespell-project/codespell,2019-01-29,1614.0,rank-other,511
Python,https://github.com/codespell-project/codespell,2019-01-30,1615.0,rank-other,511
Python,https://github.com/codespell-project/codespell,2019-01-31,1616.0,rank-other,511
Python,https://github.com/codespell-project/codespell,2019-02-04,1617.0,rank-other,511
Python,https://github.com/codespell-project/codespell,2019-02-05,1619.0,rank-other,513
Python,https://github.com/codespell-project/codespell,2019-02-06,1620.0,rank-other,514
Python,https://github.com/codespell-project/codespell,2019-02-10,1624.0,rank-other,514
Python,https://github.com/codespell-project/codespell,2019-02-13,1627.0,rank-other,515
Python,https://github.com/codespell-project/codespell,2019-02-14,1628.0,rank-other,515
Python,https://github.com/codespell-project/codespell,2019-02-20,1630.0,rank-other,517
Python,https://github.com/codespell-project/codespell,2019-02-21,1631.0,rank-other,517
Python,https://github.com/codespell-project/codespell,2019-02-24,1633.0,rank-other,517
Python,https://github.com/codespell-project/codespell,2019-02-25,1635.0,rank-other,518
Python,https://github.com/codespell-project/codespell,2019-02-26,1636.0,rank-other,518
Python,https://github.com/codespell-project/codespell,2019-02-27,1637.0,rank-other,518
Python,https://github.com/codespell-project/codespell,2019-02-28,1638.0,rank-other,518
Python,https://github.com/codespell-project/codespell,2019-03-01,1639.0,rank-other,519
Python,https://github.com/codespell-project/codespell,2019-03-04,1641.0,rank-other,519
Python,https://github.com/codespell-project/codespell,2019-03-05,1642.0,rank-other,520
Python,https://github.com/codespell-project/codespell,2019-03-06,1645.0,rank-other,520
Python,https://github.com/codespell-project/codespell,2019-03-07,1646.0,rank-other,521
Python,https://github.com/codespell-project/codespell,2019-03-08,1647.0,rank-other,521
Python,https://github.com/codespell-project/codespell,2019-03-10,1652.0,rank-other,521
Python,https://github.com/codespell-project/codespell,2019-03-11,1654.0,rank-other,522
Python,https://github.com/codespell-project/codespell,2019-03-12,1657.0,rank-other,525
Python,https://github.com/codespell-project/codespell,2019-03-13,1661.0,rank-other,527
Python,https://github.com/codespell-project/codespell,2019-03-15,1664.0,rank-other,528
Python,https://github.com/codespell-project/codespell,2019-03-16,1735.0,rank-other,529
Python,https://github.com/codespell-project/codespell,2019-03-17,1740.0,rank-other,529
Python,https://github.com/codespell-project/codespell,2019-03-18,1746.0,rank-other,529
Python,https://github.com/codespell-project/codespell,2019-03-19,2022.0,rank-other,529
Python,https://github.com/codespell-project/codespell,2019-03-20,2028.0,rank-other,529
Python,https://github.com/codespell-project/codespell,2019-03-21,2029.0,rank-other,529
Python,https://github.com/codespell-project/codespell,2019-03-23,2030.0,rank-other,529
Python,https://github.com/codespell-project/codespell,2019-03-26,2036.0,rank-other,531
Python,https://github.com/codespell-project/codespell,2019-03-27,2037.0,rank-other,532
Python,https://github.com/codespell-project/codespell,2019-03-28,2040.0,rank-other,532
Python,https://github.com/codespell-project/codespell,2019-03-29,2044.0,rank-other,533
Python,https://github.com/codespell-project/codespell,2019-04-01,2045.0,rank-other,533
Python,https://github.com/codespell-project/codespell,2019-04-02,2046.0,rank-other,533
Python,https://github.com/codespell-project/codespell,2019-04-04,2060.0,rank-other,533
Python,https://github.com/codespell-project/codespell,2019-04-08,2069.0,rank-other,535
Python,https://github.com/codespell-project/codespell,2019-04-10,2071.0,rank-other,535
Python,https://github.com/codespell-project/codespell,2019-04-19,2072.0,rank-other,536
Python,https://github.com/codespell-project/codespell,2019-04-29,2085.0,rank-other,540
Python,https://github.com/codespell-project/codespell,2019-04-30,2094.0,rank-other,542
Python,https://github.com/codespell-project/codespell,2019-05-03,2095.0,rank-other,543
Python,https://github.com/codespell-project/codespell,2019-05-06,2099.0,rank-other,544
Python,https://github.com/codespell-project/codespell,2019-05-07,2102.0,rank-other,544
Python,https://github.com/codespell-project/codespell,2019-05-08,2105.0,rank-other,546
Python,https://github.com/codespell-project/codespell,2019-05-09,2108.0,rank-other,548
Python,https://github.com/codespell-project/codespell,2019-05-13,2109.0,rank-other,548
Python,https://github.com/codespell-project/codespell,2019-05-16,2110.0,rank-other,549
Python,https://github.com/codespell-project/codespell,2019-05-17,2114.0,rank-other,549
Python,https://github.com/codespell-project/codespell,2019-05-18,2115.0,rank-other,549
Python,https://github.com/codespell-project/codespell,2019-05-20,2118.0,rank-other,549
Python,https://github.com/codespell-project/codespell,2019-05-21,2119.0,rank-other,550
Python,https://github.com/codespell-project/codespell,2019-05-23,2124.0,rank-other,551
Python,https://github.com/codespell-project/codespell,2019-05-24,2132.0,rank-other,554
Python,https://github.com/codespell-project/codespell,2019-05-25,2135.0,rank-other,554
Python,https://github.com/codespell-project/codespell,2019-05-26,2152.0,rank-other,554
Python,https://github.com/codespell-project/codespell,2019-05-27,2170.0,rank-other,554
Python,https://github.com/codespell-project/codespell,2019-05-28,2220.0,rank-other,554
Python,https://github.com/codespell-project/codespell,2019-05-29,2237.0,rank-other,554
Python,https://github.com/codespell-project/codespell,2019-05-30,2238.0,rank-other,554
Python,https://github.com/codespell-project/codespell,2019-06-01,2241.0,rank-other,554
Python,https://github.com/codespell-project/codespell,2019-06-02,2244.0,rank-other,554
Python,https://github.com/codespell-project/codespell,2019-06-03,2245.0,rank-other,554
Python,https://github.com/codespell-project/codespell,2019-06-06,2250.0,rank-other,554
Python,https://github.com/codespell-project/codespell,2019-06-08,2252.0,rank-other,556
Python,https://github.com/codespell-project/codespell,2019-06-09,2260.0,rank-other,556
Python,https://github.com/codespell-project/codespell,2019-06-10,2264.0,rank-other,556
Python,https://github.com/codespell-project/codespell,2019-06-11,2267.0,rank-other,556
Python,https://github.com/codespell-project/codespell,2019-06-12,2273.0,rank-other,556
Python,https://github.com/codespell-project/codespell,2019-06-13,2277.0,rank-other,557
Python,https://github.com/codespell-project/codespell,2019-06-15,2278.0,rank-other,557
Python,https://github.com/codespell-project/codespell,2019-06-16,2281.0,rank-other,557
Python,https://github.com/codespell-project/codespell,2019-06-17,2286.0,rank-other,558
Python,https://github.com/codespell-project/codespell,2019-06-18,2296.0,rank-other,559
Python,https://github.com/codespell-project/codespell,2019-06-19,2298.0,rank-other,559
Python,https://github.com/codespell-project/codespell,2019-06-20,2300.0,rank-other,559
Python,https://github.com/codespell-project/codespell,2019-06-21,2301.0,rank-other,559
Python,https://github.com/codespell-project/codespell,2019-06-22,2302.0,rank-other,559
Python,https://github.com/codespell-project/codespell,2019-06-24,2303.0,rank-other,559
Python,https://github.com/codespell-project/codespell,2019-06-25,2305.0,rank-other,559
Python,https://github.com/codespell-project/codespell,2019-06-27,2306.0,rank-other,559
Python,https://github.com/codespell-project/codespell,2019-06-28,2309.0,rank-other,559
Python,https://github.com/codespell-project/codespell,2019-06-29,2310.0,rank-other,559
Python,https://github.com/codespell-project/codespell,2019-07-02,2312.0,rank-other,561
Python,https://github.com/codespell-project/codespell,2019-07-05,2321.0,rank-other,561
Python,https://github.com/codespell-project/codespell,2019-07-06,2325.0,rank-other,561
Python,https://github.com/codespell-project/codespell,2019-07-07,2326.0,rank-other,561
Python,https://github.com/codespell-project/codespell,2019-07-08,2328.0,rank-other,561
Python,https://github.com/codespell-project/codespell,2019-07-11,2329.0,rank-other,561
Python,https://github.com/codespell-project/codespell,2019-07-17,2340.0,rank-other,562
Python,https://github.com/codespell-project/codespell,2019-07-18,2341.0,rank-other,562
Python,https://github.com/codespell-project/codespell,2019-07-23,2342.0,rank-other,563
Python,https://github.com/codespell-project/codespell,2019-07-29,2351.0,rank-other,564
Python,https://github.com/codespell-project/codespell,2019-07-31,2352.0,rank-other,564
Python,https://github.com/codespell-project/codespell,2019-08-06,2357.0,rank-other,564
Python,https://github.com/codespell-project/codespell,2019-08-07,2363.0,rank-other,564
Python,https://github.com/codespell-project/codespell,2019-08-10,2364.0,rank-other,564
Python,https://github.com/codespell-project/codespell,2019-08-12,2365.0,rank-other,564
Python,https://github.com/codespell-project/codespell,2019-08-13,2366.0,rank-other,564
Python,https://github.com/codespell-project/codespell,2019-08-14,2367.0,rank-other,564
Python,https://github.com/codespell-project/codespell,2019-08-16,2372.0,rank-other,566
Python,https://github.com/codespell-project/codespell,2019-08-20,2374.0,rank-other,566
Python,https://github.com/codespell-project/codespell,2019-08-27,2375.0,rank-other,567
Python,https://github.com/codespell-project/codespell,2019-08-29,2382.0,rank-other,569
Python,https://github.com/codespell-project/codespell,2019-08-30,2383.0,rank-other,569
Python,https://github.com/codespell-project/codespell,2019-09-03,2384.0,rank-other,570
Python,https://github.com/codespell-project/codespell,2019-09-09,2387.0,rank-other,571
Python,https://github.com/codespell-project/codespell,2019-09-11,2388.0,rank-other,571
Python,https://github.com/codespell-project/codespell,2019-09-12,2392.0,rank-other,571
Python,https://github.com/codespell-project/codespell,2019-09-13,2395.0,rank-other,571
Python,https://github.com/codespell-project/codespell,2019-09-15,2398.0,rank-other,571
Python,https://github.com/codespell-project/codespell,2019-09-16,2401.0,rank-other,571
Python,https://github.com/codespell-project/codespell,2019-09-18,2403.0,rank-other,571
Python,https://github.com/codespell-project/codespell,2019-09-19,2406.0,rank-other,571
Python,https://github.com/codespell-project/codespell,2019-09-21,2407.0,rank-other,572
Python,https://github.com/codespell-project/codespell,2019-09-23,2408.0,rank-other,573
Python,https://github.com/codespell-project/codespell,2019-09-26,2418.0,rank-other,578
Python,https://github.com/codespell-project/codespell,2019-09-27,2419.0,rank-other,579
Python,https://github.com/codespell-project/codespell,2019-10-03,2420.0,rank-other,579
Python,https://github.com/codespell-project/codespell,2019-10-07,2422.0,rank-other,580
Python,https://github.com/codespell-project/codespell,2019-10-08,2425.0,rank-other,581
Python,https://github.com/codespell-project/codespell,2019-10-09,2427.0,rank-other,581
Python,https://github.com/codespell-project/codespell,2019-10-10,2437.0,rank-other,584
Python,https://github.com/codespell-project/codespell,2019-10-11,2439.0,rank-other,585
Python,https://github.com/codespell-project/codespell,2019-10-12,2446.0,rank-other,585
Python,https://github.com/codespell-project/codespell,2019-10-13,2447.0,rank-other,585
Python,https://github.com/codespell-project/codespell,2019-10-14,2448.0,rank-other,586
Python,https://github.com/codespell-project/codespell,2019-10-15,2453.0,rank-other,588
Python,https://github.com/codespell-project/codespell,2019-10-16,2455.0,rank-other,588
Python,https://github.com/codespell-project/codespell,2019-10-17,2470.0,rank-other,589
Python,https://github.com/codespell-project/codespell,2019-10-18,2471.0,rank-other,589
Python,https://github.com/codespell-project/codespell,2019-10-21,2480.0,rank-other,592
Python,https://github.com/codespell-project/codespell,2019-10-22,2483.0,rank-other,593
Python,https://github.com/codespell-project/codespell,2019-10-23,2485.0,rank-other,593
Python,https://github.com/codespell-project/codespell,2019-10-25,2488.0,rank-other,593
Python,https://github.com/codespell-project/codespell,2019-10-26,2489.0,rank-other,593
Python,https://github.com/codespell-project/codespell,2019-10-27,2490.0,rank-other,593
Python,https://github.com/codespell-project/codespell,2019-11-04,2492.0,rank-other,594
Python,https://github.com/codespell-project/codespell,2019-11-05,2493.0,rank-other,594
Python,https://github.com/codespell-project/codespell,2019-11-06,2494.0,rank-other,595
Python,https://github.com/codespell-project/codespell,2019-11-07,2498.0,rank-other,599
Python,https://github.com/codespell-project/codespell,2019-11-13,2504.0,rank-other,600
Python,https://github.com/codespell-project/codespell,2019-11-15,2505.0,rank-other,601
Python,https://github.com/codespell-project/codespell,2019-11-19,2506.0,rank-other,601
Python,https://github.com/codespell-project/codespell,2019-11-20,2507.0,rank-other,601
Python,https://github.com/codespell-project/codespell,2019-11-21,2508.0,rank-other,601
Python,https://github.com/codespell-project/codespell,2019-11-22,2509.0,rank-other,602
Python,https://github.com/codespell-project/codespell,2019-11-26,2519.0,rank-other,604
Python,https://github.com/codespell-project/codespell,2019-11-27,2521.0,rank-other,604
Python,https://github.com/codespell-project/codespell,2019-11-29,2522.0,rank-other,605
Python,https://github.com/codespell-project/codespell,2019-12-01,2523.0,rank-other,606
Python,https://github.com/codespell-project/codespell,2019-12-02,2525.0,rank-other,606
Python,https://github.com/codespell-project/codespell,2019-12-03,2529.0,rank-other,608
Python,https://github.com/codespell-project/codespell,2019-12-04,2530.0,rank-other,608
Python,https://github.com/codespell-project/codespell,2019-12-05,2533.0,rank-other,609
Python,https://github.com/codespell-project/codespell,2019-12-06,2535.0,rank-other,610
Python,https://github.com/codespell-project/codespell,2019-12-08,2537.0,rank-other,610
Python,https://github.com/codespell-project/codespell,2019-12-10,2540.0,rank-other,610
Python,https://github.com/codespell-project/codespell,2019-12-11,2541.0,rank-other,610
Python,https://github.com/codespell-project/codespell,2019-12-12,2544.0,rank-other,610
Python,https://github.com/codespell-project/codespell,2019-12-13,2545.0,rank-other,610
Python,https://github.com/codespell-project/codespell,2019-12-16,2547.0,rank-other,610
Python,https://github.com/codespell-project/codespell,2019-12-17,2548.0,rank-other,610
Python,https://github.com/codespell-project/codespell,2019-12-18,2565.0,rank-other,612
Python,https://github.com/codespell-project/codespell,2019-12-19,2601.0,rank-other,612
Python,https://github.com/codespell-project/codespell,2019-12-20,2602.0,rank-other,612
Python,https://github.com/codespell-project/codespell,2019-12-21,2603.0,rank-other,612
Python,https://github.com/codespell-project/codespell,2019-12-22,2608.0,rank-other,612
Python,https://github.com/codespell-project/codespell,2019-12-23,2611.0,rank-other,612
Python,https://github.com/codespell-project/codespell,2019-12-25,2612.0,rank-other,612
Python,https://github.com/codespell-project/codespell,2019-12-26,2616.0,rank-other,612
Python,https://github.com/codespell-project/codespell,2019-12-28,2618.0,rank-other,612
Python,https://github.com/codespell-project/codespell,2019-12-29,2619.0,rank-other,612
Python,https://github.com/codespell-project/codespell,2020-01-02,2620.0,rank-other,613
Python,https://github.com/codespell-project/codespell,2020-01-06,2623.0,rank-other,614
Python,https://github.com/codespell-project/codespell,2020-01-08,2624.0,rank-other,614
Python,https://github.com/codespell-project/codespell,2020-01-09,2628.0,rank-other,615
Python,https://github.com/codespell-project/codespell,2020-01-13,2629.0,rank-other,615
Python,https://github.com/codespell-project/codespell,2020-01-14,2632.0,rank-other,615
Python,https://github.com/codespell-project/codespell,2020-01-15,2635.0,rank-other,617
Python,https://github.com/codespell-project/codespell,2020-01-17,2636.0,rank-other,618
Python,https://github.com/codespell-project/codespell,2020-01-18,2637.0,rank-other,618
Python,https://github.com/codespell-project/codespell,2020-01-23,2640.0,rank-other,619
Python,https://github.com/codespell-project/codespell,2020-02-03,2641.0,rank-other,619
Python,https://github.com/codespell-project/codespell,2020-02-05,2643.0,rank-other,621
Python,https://github.com/codespell-project/codespell,2020-02-17,2645.0,rank-other,622
Python,https://github.com/codespell-project/codespell,2020-02-25,2646.0,rank-other,623
Python,https://github.com/codespell-project/codespell,2020-02-28,2647.0,rank-other,624
Python,https://github.com/codespell-project/codespell,2020-03-02,2648.0,rank-other,624
Python,https://github.com/codespell-project/codespell,2020-03-03,2653.0,rank-other,626
Python,https://github.com/codespell-project/codespell,2020-03-04,2655.0,rank-other,628
Python,https://github.com/codespell-project/codespell,2020-03-05,2656.0,rank-other,628
Python,https://github.com/codespell-project/codespell,2020-03-06,2657.0,rank-other,628
Python,https://github.com/codespell-project/codespell,2020-03-07,2658.0,rank-other,628
Python,https://github.com/codespell-project/codespell,2020-03-10,2660.0,rank-other,628
Python,https://github.com/codespell-project/codespell,2020-03-11,2661.0,rank-other,629
Python,https://github.com/codespell-project/codespell,2020-03-12,2662.0,rank-other,629
Python,https://github.com/codespell-project/codespell,2020-03-13,2667.0,rank-other,629
Python,https://github.com/codespell-project/codespell,2020-03-14,2670.0,rank-other,629
Python,https://github.com/codespell-project/codespell,2020-03-15,2673.0,rank-other,629
Python,https://github.com/codespell-project/codespell,2020-03-16,2675.0,rank-other,629
Python,https://github.com/codespell-project/codespell,2020-03-17,2676.0,rank-other,629
Python,https://github.com/codespell-project/codespell,2020-03-19,2677.0,rank-other,630
Python,https://github.com/codespell-project/codespell,2020-03-21,2678.0,rank-other,631
Python,https://github.com/codespell-project/codespell,2020-03-25,2679.0,rank-other,632
Python,https://github.com/codespell-project/codespell,2020-03-26,2684.0,rank-other,633
Python,https://github.com/codespell-project/codespell,2020-03-27,2686.0,rank-other,634
Python,https://github.com/codespell-project/codespell,2020-03-28,2687.0,rank-other,634
Python,https://github.com/codespell-project/codespell,2020-03-29,2689.0,rank-other,634
Python,https://github.com/codespell-project/codespell,2020-03-30,2691.0,rank-other,634
Python,https://github.com/codespell-project/codespell,2020-03-31,2694.0,rank-other,634
Python,https://github.com/codespell-project/codespell,2020-04-01,2696.0,rank-other,634
Python,https://github.com/codespell-project/codespell,2020-04-02,2697.0,rank-other,634
Python,https://github.com/codespell-project/codespell,2020-04-03,2698.0,rank-other,635
Python,https://github.com/codespell-project/codespell,2020-04-04,2702.0,rank-other,635
Python,https://github.com/codespell-project/codespell,2020-04-05,2706.0,rank-other,635
Python,https://github.com/codespell-project/codespell,2020-04-06,2708.0,rank-other,635
Python,https://github.com/codespell-project/codespell,2020-04-07,2711.0,rank-other,636
Python,https://github.com/codespell-project/codespell,2020-04-10,2712.0,rank-other,637
Python,https://github.com/codespell-project/codespell,2020-04-13,2713.0,rank-other,637
Python,https://github.com/codespell-project/codespell,2020-04-15,2714.0,rank-other,637
Python,https://github.com/codespell-project/codespell,2020-04-17,2715.0,rank-other,637
Python,https://github.com/codespell-project/codespell,2020-04-18,2716.0,rank-other,637
Python,https://github.com/codespell-project/codespell,2020-04-19,2717.0,rank-other,637
Python,https://github.com/codespell-project/codespell,2020-04-21,2719.0,rank-other,639
Python,https://github.com/codespell-project/codespell,2020-04-23,2720.0,rank-other,639
Python,https://github.com/codespell-project/codespell,2020-04-24,2726.0,rank-other,639
Python,https://github.com/codespell-project/codespell,2020-04-25,2727.0,rank-other,639
Python,https://github.com/codespell-project/codespell,2020-04-27,2729.0,rank-other,640
Python,https://github.com/codespell-project/codespell,2020-04-29,2731.0,rank-other,640
Python,https://github.com/codespell-project/codespell,2020-04-30,2735.0,rank-other,643
Python,https://github.com/codespell-project/codespell,2020-05-02,2736.0,rank-other,644
Python,https://github.com/codespell-project/codespell,2020-05-06,2737.0,rank-other,645
Python,https://github.com/codespell-project/codespell,2020-05-07,2740.0,rank-other,648
Python,https://github.com/codespell-project/codespell,2020-05-10,2741.0,rank-other,648
Python,https://github.com/codespell-project/codespell,2020-05-11,2745.0,rank-other,651
Python,https://github.com/codespell-project/codespell,2020-05-12,2746.0,rank-other,652
Python,https://github.com/codespell-project/codespell,2020-05-13,2748.0,rank-other,652
Python,https://github.com/codespell-project/codespell,2020-05-14,2749.0,rank-other,652
Python,https://github.com/codespell-project/codespell,2020-05-16,2752.0,rank-other,653
Python,https://github.com/codespell-project/codespell,2020-05-18,2756.0,rank-other,654
Python,https://github.com/codespell-project/codespell,2020-05-19,2757.0,rank-other,654
Python,https://github.com/codespell-project/codespell,2020-05-20,2764.0,rank-other,654
Python,https://github.com/codespell-project/codespell,2020-05-21,2769.0,rank-other,655
Python,https://github.com/codespell-project/codespell,2020-05-22,2777.0,rank-other,655
Python,https://github.com/codespell-project/codespell,2020-05-24,2780.0,rank-other,657
Python,https://github.com/codespell-project/codespell,2020-05-25,2781.0,rank-other,658
Python,https://github.com/codespell-project/codespell,2020-05-26,2783.0,rank-other,658
Python,https://github.com/codespell-project/codespell,2020-05-27,2788.0,rank-other,660
Python,https://github.com/codespell-project/codespell,2020-05-28,2789.0,rank-other,661
Python,https://github.com/codespell-project/codespell,2020-05-29,2790.0,rank-other,661
Python,https://github.com/codespell-project/codespell,2020-05-30,2793.0,rank-other,662
Python,https://github.com/codespell-project/codespell,2020-05-31,2796.0,rank-other,664
Python,https://github.com/codespell-project/codespell,2020-06-01,2797.0,rank-other,664
Python,https://github.com/codespell-project/codespell,2020-06-03,2800.0,rank-other,665
Python,https://github.com/codespell-project/codespell,2020-06-04,2801.0,rank-other,665
Python,https://github.com/codespell-project/codespell,2020-06-05,2804.0,rank-other,667
Python,https://github.com/codespell-project/codespell,2020-06-06,2811.0,rank-other,671
Python,https://github.com/codespell-project/codespell,2020-06-07,2812.0,rank-other,671
Python,https://github.com/codespell-project/codespell,2020-06-08,2816.0,rank-other,671
Python,https://github.com/codespell-project/codespell,2020-06-09,2819.0,rank-other,671
Python,https://github.com/codespell-project/codespell,2020-06-10,2825.0,rank-other,673
Python,https://github.com/codespell-project/codespell,2020-06-11,2829.0,rank-other,676
Python,https://github.com/codespell-project/codespell,2020-06-12,2831.0,rank-other,676
Python,https://github.com/codespell-project/codespell,2020-06-13,2832.0,rank-other,677
Python,https://github.com/codespell-project/codespell,2020-06-14,2835.0,rank-other,677
Python,https://github.com/codespell-project/codespell,2020-06-15,2840.0,rank-other,677
Python,https://github.com/codespell-project/codespell,2020-06-16,2842.0,rank-other,678
Python,https://github.com/codespell-project/codespell,2020-06-17,2848.0,rank-other,681
Python,https://github.com/codespell-project/codespell,2020-06-18,2849.0,rank-other,681
Python,https://github.com/codespell-project/codespell,2020-06-19,2850.0,rank-other,682
Python,https://github.com/codespell-project/codespell,2020-06-20,2856.0,rank-other,686
Python,https://github.com/codespell-project/codespell,2020-06-21,2857.0,rank-other,687
Python,https://github.com/codespell-project/codespell,2020-06-22,2858.0,rank-other,688
Python,https://github.com/codespell-project/codespell,2020-06-24,2859.0,rank-other,688
Python,https://github.com/codespell-project/codespell,2020-06-30,2861.0,rank-other,690
Python,https://github.com/codespell-project/codespell,2020-07-01,2863.0,rank-other,691
Python,https://github.com/codespell-project/codespell,2020-07-02,2864.0,rank-other,692
Python,https://github.com/codespell-project/codespell,2020-07-03,2865.0,rank-other,693
Python,https://github.com/codespell-project/codespell,2020-07-06,2870.0,rank-other,694
Python,https://github.com/codespell-project/codespell,2020-07-07,2876.0,rank-other,697
Python,https://github.com/codespell-project/codespell,2020-07-08,2877.0,rank-other,698
Python,https://github.com/codespell-project/codespell,2020-07-09,2878.0,rank-other,698
Python,https://github.com/codespell-project/codespell,2020-07-10,2879.0,rank-other,699
Python,https://github.com/codespell-project/codespell,2020-07-13,2880.0,rank-other,700
Python,https://github.com/codespell-project/codespell,2020-07-15,2881.0,rank-other,701
Python,https://github.com/codespell-project/codespell,2020-07-16,2883.0,rank-other,702
Python,https://github.com/codespell-project/codespell,2020-07-18,2884.0,rank-other,703
Python,https://github.com/codespell-project/codespell,2020-07-20,2885.0,rank-other,703
Python,https://github.com/codespell-project/codespell,2020-07-21,2888.0,rank-other,706
Python,https://github.com/codespell-project/codespell,2020-07-22,2890.0,rank-other,707
Python,https://github.com/codespell-project/codespell,2020-07-23,2894.0,rank-other,709
Python,https://github.com/codespell-project/codespell,2020-07-24,2895.0,rank-other,710
Python,https://github.com/codespell-project/codespell,2020-07-27,2899.0,rank-other,714
Python,https://github.com/codespell-project/codespell,2020-07-28,2905.0,rank-other,719
Python,https://github.com/codespell-project/codespell,2020-07-29,2906.0,rank-other,719
Python,https://github.com/codespell-project/codespell,2020-07-30,2907.0,rank-other,720
Python,https://github.com/codespell-project/codespell,2020-07-31,2911.0,rank-other,724
Python,https://github.com/codespell-project/codespell,2020-08-01,2912.0,rank-other,725
Python,https://github.com/codespell-project/codespell,2020-08-03,2917.0,rank-other,729
Python,https://github.com/codespell-project/codespell,2020-08-04,2919.0,rank-other,730
Python,https://github.com/codespell-project/codespell,2020-08-05,2921.0,rank-other,731
Python,https://github.com/codespell-project/codespell,2020-08-06,2926.0,rank-other,735
Python,https://github.com/codespell-project/codespell,2020-08-07,2929.0,rank-other,736
Python,https://github.com/codespell-project/codespell,2020-08-08,2930.0,rank-other,737
Python,https://github.com/codespell-project/codespell,2020-08-10,2934.0,rank-other,739
Python,https://github.com/codespell-project/codespell,2020-08-11,2951.0,rank-other,753
Python,https://github.com/codespell-project/codespell,2020-08-12,2958.0,rank-other,756
Python,https://github.com/codespell-project/codespell,2020-08-13,2969.0,rank-other,766
Python,https://github.com/codespell-project/codespell,2020-08-14,2980.0,rank-other,772
Python,https://github.com/codespell-project/codespell,2020-08-15,2981.0,rank-other,773
Python,https://github.com/codespell-project/codespell,2020-08-16,2982.0,rank-other,773
Python,https://github.com/codespell-project/codespell,2020-08-17,2989.0,rank-other,776
Python,https://github.com/codespell-project/codespell,2020-08-18,3012.0,rank-other,796
Python,https://github.com/codespell-project/codespell,2020-08-19,3015.0,rank-other,797
Python,https://github.com/codespell-project/codespell,2020-08-21,3016.0,rank-other,798
Python,https://github.com/codespell-project/codespell,2020-08-24,3019.0,rank-other,801
Python,https://github.com/codespell-project/codespell,2020-08-26,3020.0,rank-other,802
Python,https://github.com/codespell-project/codespell,2020-08-27,3023.0,rank-other,804
Python,https://github.com/codespell-project/codespell,2020-08-28,3036.0,rank-other,815
Python,https://github.com/codespell-project/codespell,2020-08-29,3037.0,rank-other,815
Python,https://github.com/codespell-project/codespell,2020-08-30,3053.0,rank-other,827
Python,https://github.com/codespell-project/codespell,2020-08-31,3066.0,rank-other,836
Python,https://github.com/codespell-project/codespell,2020-09-01,3071.0,rank-other,839
Python,https://github.com/codespell-project/codespell,2020-09-02,3090.0,rank-other,853
Python,https://github.com/codespell-project/codespell,2020-09-03,3102.0,rank-other,863
Python,https://github.com/codespell-project/codespell,2020-09-04,3105.0,rank-other,865
Python,https://github.com/codespell-project/codespell,2020-09-05,3109.0,rank-other,868
Python,https://github.com/codespell-project/codespell,2020-09-08,3110.0,rank-other,869
Python,https://github.com/codespell-project/codespell,2020-09-13,3111.0,rank-other,869
Python,https://github.com/codespell-project/codespell,2020-09-14,3119.0,rank-other,876
Python,https://github.com/codespell-project/codespell,2020-09-21,3133.0,rank-other,887
Python,https://github.com/codespell-project/codespell,2020-09-22,3153.0,rank-other,902
Python,https://github.com/codespell-project/codespell,2020-09-23,3179.0,rank-other,926
Python,https://github.com/codespell-project/codespell,2020-09-24,3183.0,rank-other,929
Python,https://github.com/codespell-project/codespell,2020-09-26,3185.0,rank-other,931
Python,https://github.com/codespell-project/codespell,2020-09-27,3186.0,rank-other,932
Python,https://github.com/codespell-project/codespell,2020-09-28,3190.0,rank-other,933
Python,https://github.com/codespell-project/codespell,2020-10-01,3193.0,rank-other,936
Python,https://github.com/codespell-project/codespell,2020-10-02,3209.0,rank-other,952
Python,https://github.com/codespell-project/codespell,2020-10-03,3210.0,rank-other,953
Python,https://github.com/codespell-project/codespell,2020-10-07,3212.0,rank-other,955
Python,https://github.com/codespell-project/codespell,2020-10-12,3214.0,rank-other,957
Python,https://github.com/codespell-project/codespell,2020-10-13,3215.0,rank-other,957
Python,https://github.com/codespell-project/codespell,2020-10-14,3218.0,rank-other,957
Python,https://github.com/codespell-project/codespell,2020-10-17,3221.0,rank-other,960
Python,https://github.com/codespell-project/codespell,2020-10-20,3222.0,rank-other,960
Python,https://github.com/codespell-project/codespell,2020-10-21,3225.0,rank-other,960
Python,https://github.com/codespell-project/codespell,2020-10-22,3232.0,rank-other,961
Python,https://github.com/codespell-project/codespell,2020-10-23,3236.0,rank-other,962
Python,https://github.com/codespell-project/codespell,2020-10-24,3240.0,rank-other,965
Python,https://github.com/codespell-project/codespell,2020-10-27,3246.0,rank-other,971
Python,https://github.com/codespell-project/codespell,2020-10-28,3249.0,rank-other,972
Python,https://github.com/codespell-project/codespell,2020-10-29,3254.0,rank-other,972
Python,https://github.com/codespell-project/codespell,2020-11-03,3275.0,rank-other,983
Python,https://github.com/codespell-project/codespell,2020-11-04,3276.0,rank-other,984
Python,https://github.com/codespell-project/codespell,2020-11-05,3279.0,rank-other,985
Python,https://github.com/codespell-project/codespell,2020-11-06,3281.0,rank-other,987
Python,https://github.com/codespell-project/codespell,2020-11-09,3285.0,rank-other,988
Python,https://github.com/codespell-project/codespell,2020-11-18,3308.0,rank-other,1000
Python,https://github.com/codespell-project/codespell,2020-11-19,3313.0,rank-other,1002
Python,https://github.com/codespell-project/codespell,2020-11-20,3316.0,rank-other,1004
Python,https://github.com/codespell-project/codespell,2020-11-23,3325.0,rank-other,1005
Python,https://github.com/codespell-project/codespell,2020-11-24,3326.0,rank-other,1005
Python,https://github.com/codespell-project/codespell,2020-11-30,3329.0,rank-other,1006
Python,https://github.com/codespell-project/codespell,2020-12-01,3338.0,rank-other,1010
Python,https://github.com/codespell-project/codespell,2020-12-02,3341.0,rank-other,1012
Python,https://github.com/codespell-project/codespell,2020-12-04,3345.0,rank-other,1012
Python,https://github.com/codespell-project/codespell,2020-12-08,3359.0,rank-other,1019
Python,https://github.com/codespell-project/codespell,2020-12-09,3372.0,rank-other,1031
Python,https://github.com/codespell-project/codespell,2020-12-10,3375.0,rank-other,1034
Python,https://github.com/codespell-project/codespell,2020-12-11,3381.0,rank-other,1040
Python,https://github.com/codespell-project/codespell,2020-12-14,3387.0,rank-other,1044
Python,https://github.com/codespell-project/codespell,2020-12-15,3390.0,rank-other,1044
Python,https://github.com/codespell-project/codespell,2020-12-18,3391.0,rank-other,1045
Python,https://github.com/codespell-project/codespell,2020-12-19,3392.0,rank-other,1046
Python,https://github.com/codespell-project/codespell,2020-12-21,3396.0,rank-other,1048
Python,https://github.com/codespell-project/codespell,2020-12-23,3399.0,rank-other,1051
Python,https://github.com/codespell-project/codespell,2020-12-26,3400.0,rank-other,1051
Python,https://github.com/codespell-project/codespell,2020-12-28,3406.0,rank-other,1055
Python,https://github.com/codespell-project/codespell,2020-12-29,3410.0,rank-other,1056
Python,https://github.com/codespell-project/codespell,2020-12-30,3411.0,rank-other,1057
Python,https://github.com/codespell-project/codespell,2020-12-31,3412.0,rank-other,1057
Python,https://github.com/codespell-project/codespell,2021-01-01,3414.0,rank-other,1059
Python,https://github.com/codespell-project/codespell,2021-01-02,3415.0,rank-other,1059
Python,https://github.com/codespell-project/codespell,2021-01-03,3416.0,rank-other,1060
Python,https://github.com/codespell-project/codespell,2021-01-04,3418.0,rank-other,1062
Python,https://github.com/codespell-project/codespell,2021-01-06,3424.0,rank-other,1062
Python,https://github.com/codespell-project/codespell,2021-01-09,3430.0,rank-other,1062
Python,https://github.com/codespell-project/codespell,2021-01-10,3433.0,rank-other,1064
Python,https://github.com/codespell-project/codespell,2021-01-11,3437.0,rank-other,1065
Python,https://github.com/codespell-project/codespell,2021-01-14,3446.0,rank-other,1069
Python,https://github.com/codespell-project/codespell,2021-01-15,3447.0,rank-other,1070
Python,https://github.com/codespell-project/codespell,2021-01-18,3449.0,rank-other,1072
Python,https://github.com/codespell-project/codespell,2021-01-19,3452.0,rank-other,1075
Python,https://github.com/codespell-project/codespell,2021-01-20,3454.0,rank-other,1075
Python,https://github.com/codespell-project/codespell,2021-01-21,3455.0,rank-other,1076
Python,https://github.com/codespell-project/codespell,2021-01-22,3458.0,rank-other,1076
Python,https://github.com/codespell-project/codespell,2021-01-23,3461.0,rank-other,1076
Python,https://github.com/codespell-project/codespell,2021-01-24,3464.0,rank-other,1076
Python,https://github.com/codespell-project/codespell,2021-01-29,3465.0,rank-other,1076
Python,https://github.com/codespell-project/codespell,2021-01-30,3467.0,rank-other,1076
Python,https://github.com/codespell-project/codespell,2021-02-02,3469.0,rank-other,1076
Python,https://github.com/codespell-project/codespell,2021-02-04,3470.0,rank-other,1076
Python,https://github.com/codespell-project/codespell,2021-02-05,3471.0,rank-other,1076
Python,https://github.com/codespell-project/codespell,2021-02-06,3472.0,rank-other,1076
Python,https://github.com/codespell-project/codespell,2021-02-08,3474.0,rank-other,1078
Python,https://github.com/codespell-project/codespell,2021-02-11,3478.0,rank-other,1078
Python,https://github.com/codespell-project/codespell,2021-02-12,3479.0,rank-other,1078
Python,https://github.com/codespell-project/codespell,2021-02-19,3501.0,rank-other,1079
Python,https://github.com/codespell-project/codespell,2021-02-20,3509.0,rank-other,1079
Python,https://github.com/codespell-project/codespell,2021-02-23,3510.0,rank-other,1080
Python,https://github.com/codespell-project/codespell,2021-02-24,3512.0,rank-other,1082
Python,https://github.com/codespell-project/codespell,2021-02-25,3513.0,rank-other,1083
Python,https://github.com/codespell-project/codespell,2021-02-27,3515.0,rank-other,1083
Python,https://github.com/codespell-project/codespell,2021-02-28,3516.0,rank-other,1083
Python,https://github.com/codespell-project/codespell,2021-03-01,3519.0,rank-other,1084
Python,https://github.com/codespell-project/codespell,2021-03-06,3520.0,rank-other,1084
Python,https://github.com/codespell-project/codespell,2021-03-15,3521.0,rank-other,1085
Python,https://github.com/codespell-project/codespell,2021-03-22,3523.0,rank-other,1087
Python,https://github.com/codespell-project/codespell,2021-03-24,3524.0,rank-other,1088
Python,https://github.com/codespell-project/codespell,2021-03-25,3525.0,rank-other,1088
Python,https://github.com/codespell-project/codespell,2021-03-26,3526.0,rank-other,1088
Python,https://github.com/codespell-project/codespell,2021-03-31,3528.0,rank-other,1090
Python,https://github.com/codespell-project/codespell,2021-04-05,3530.0,rank-other,1090
Python,https://github.com/codespell-project/codespell,2021-04-06,3532.0,rank-other,1092
Python,https://github.com/codespell-project/codespell,2021-04-07,3533.0,rank-other,1093
Python,https://github.com/codespell-project/codespell,2021-04-11,3535.0,rank-other,1093
Python,https://github.com/codespell-project/codespell,2021-04-14,3540.0,rank-other,1098
Python,https://github.com/codespell-project/codespell,2021-04-15,3542.0,rank-other,1100
Python,https://github.com/codespell-project/codespell,2021-04-16,3545.0,rank-other,1101
Python,https://github.com/codespell-project/codespell,2021-04-20,3546.0,rank-other,1102
Python,https://github.com/codespell-project/codespell,2021-04-26,3547.0,rank-other,1103
Python,https://github.com/codespell-project/codespell,2021-05-04,3548.0,rank-other,1104
Python,https://github.com/codespell-project/codespell,2021-05-07,3549.0,rank-other,1104
Python,https://github.com/codespell-project/codespell,2021-05-08,3553.0,rank-other,1104
Python,https://github.com/codespell-project/codespell,2021-05-20,3554.0,rank-other,1104
Python,https://github.com/codespell-project/codespell,2021-05-28,3555.0,rank-other,1104
Python,https://github.com/codespell-project/codespell,2021-06-01,3561.0,rank-other,1110
Python,https://github.com/codespell-project/codespell,2021-06-02,3563.0,rank-other,1110
Python,https://github.com/codespell-project/codespell,2021-06-10,3566.0,rank-other,1110
Python,https://github.com/codespell-project/codespell,2021-06-11,3582.0,rank-other,1114
Python,https://github.com/codespell-project/codespell,2021-06-12,3592.0,rank-other,1117
Python,https://github.com/codespell-project/codespell,2021-06-13,3609.0,rank-other,1127
Python,https://github.com/codespell-project/codespell,2021-06-14,3637.0,rank-other,1155
Python,https://github.com/codespell-project/codespell,2021-06-15,3640.0,rank-other,1157
Python,https://github.com/codespell-project/codespell,2021-06-16,3642.0,rank-other,1158
Python,https://github.com/codespell-project/codespell,2021-06-17,3643.0,rank-other,1159
Python,https://github.com/codespell-project/codespell,2021-06-18,3645.0,rank-other,1161
Python,https://github.com/codespell-project/codespell,2021-06-20,3647.0,rank-other,1161
Python,https://github.com/codespell-project/codespell,2021-06-22,3650.0,rank-other,1161
Python,https://github.com/codespell-project/codespell,2021-06-24,3651.0,rank-other,1161
Python,https://github.com/codespell-project/codespell,2021-06-29,3653.0,rank-other,1161
Python,https://github.com/codespell-project/codespell,2021-07-02,3654.0,rank-other,1161
Python,https://github.com/codespell-project/codespell,2021-07-05,3660.0,rank-other,1162
Python,https://github.com/codespell-project/codespell,2021-07-08,3661.0,rank-other,1162
Python,https://github.com/codespell-project/codespell,2021-07-14,3663.0,rank-other,1162
Python,https://github.com/codespell-project/codespell,2021-07-15,3664.0,rank-other,1162
Python,https://github.com/codespell-project/codespell,2021-07-16,3665.0,rank-other,1162
Python,https://github.com/codespell-project/codespell,2021-07-17,3669.0,rank-other,1162
Python,https://github.com/codespell-project/codespell,2021-07-18,3670.0,rank-other,1163
Python,https://github.com/codespell-project/codespell,2021-07-20,3672.0,rank-other,1164
Python,https://github.com/codespell-project/codespell,2021-07-21,3675.0,rank-other,1165
Python,https://github.com/codespell-project/codespell,2021-07-23,3677.0,rank-other,1166
Python,https://github.com/codespell-project/codespell,2021-07-26,3678.0,rank-other,1166
Python,https://github.com/codespell-project/codespell,2021-07-27,3681.0,rank-other,1166
Python,https://github.com/codespell-project/codespell,2021-07-29,3682.0,rank-other,1166
Python,https://github.com/codespell-project/codespell,2021-08-01,3684.0,rank-other,1166
Python,https://github.com/codespell-project/codespell,2021-08-02,3685.0,rank-other,1167
Python,https://github.com/codespell-project/codespell,2021-08-03,3687.0,rank-other,1168
Python,https://github.com/codespell-project/codespell,2021-08-04,3688.0,rank-other,1169
Python,https://github.com/codespell-project/codespell,2021-08-08,3689.0,rank-other,1170
Python,https://github.com/codespell-project/codespell,2021-08-09,3690.0,rank-other,1171
Python,https://github.com/codespell-project/codespell,2021-08-12,3691.0,rank-other,1172
Python,https://github.com/codespell-project/codespell,2021-08-20,3692.0,rank-other,1172
Python,https://github.com/codespell-project/codespell,2021-08-22,3700.0,rank-other,1172
Python,https://github.com/codespell-project/codespell,2021-08-25,3703.0,rank-other,1172
Python,https://github.com/codespell-project/codespell,2021-08-27,3707.0,rank-other,1172
Python,https://github.com/codespell-project/codespell,2021-08-28,3708.0,rank-other,1172
Python,https://github.com/codespell-project/codespell,2021-08-30,3711.0,rank-other,1173
Python,https://github.com/codespell-project/codespell,2021-08-31,3712.0,rank-other,1174
Python,https://github.com/codespell-project/codespell,2021-09-01,3713.0,rank-other,1175
Python,https://github.com/codespell-project/codespell,2021-09-03,3715.0,rank-other,1175
Python,https://github.com/codespell-project/codespell,2021-09-07,3716.0,rank-other,1175
Python,https://github.com/codespell-project/codespell,2021-09-09,3718.0,rank-other,1177
Python,https://github.com/codespell-project/codespell,2021-09-10,3719.0,rank-other,1178
Python,https://github.com/codespell-project/codespell,2021-09-13,3721.0,rank-other,1179
Python,https://github.com/codespell-project/codespell,2021-09-14,3722.0,rank-other,1179
Python,https://github.com/codespell-project/codespell,2021-09-15,3723.0,rank-other,1180
Python,https://github.com/codespell-project/codespell,2021-09-16,3725.0,rank-other,1182
Python,https://github.com/codespell-project/codespell,2021-09-21,3728.0,rank-other,1184
Python,https://github.com/codespell-project/codespell,2021-09-22,3732.0,rank-other,1187
Python,https://github.com/codespell-project/codespell,2021-09-23,3738.0,rank-other,1188
Python,https://github.com/codespell-project/codespell,2021-09-29,3740.0,rank-other,1189
Python,https://github.com/codespell-project/codespell,2021-09-30,3741.0,rank-other,1190
Python,https://github.com/codespell-project/codespell,2021-10-04,3742.0,rank-other,1191
Python,https://github.com/codespell-project/codespell,2021-10-05,3744.0,rank-other,1193
Python,https://github.com/codespell-project/codespell,2021-10-06,3745.0,rank-other,1193
Python,https://github.com/codespell-project/codespell,2021-10-07,3747.0,rank-other,1194
Python,https://github.com/codespell-project/codespell,2021-10-10,3752.0,rank-other,1194
Python,https://github.com/codespell-project/codespell,2021-10-11,3756.0,rank-other,1195
Python,https://github.com/codespell-project/codespell,2021-10-12,3758.0,rank-other,1197
Python,https://github.com/codespell-project/codespell,2021-10-15,3761.0,rank-other,1200
Python,https://github.com/codespell-project/codespell,2021-10-16,3762.0,rank-other,1200
Python,https://github.com/codespell-project/codespell,2021-10-18,3763.0,rank-other,1200
Python,https://github.com/codespell-project/codespell,2021-10-21,3771.0,rank-other,1206
Python,https://github.com/codespell-project/codespell,2021-10-22,3773.0,rank-other,1208
Python,https://github.com/codespell-project/codespell,2021-10-23,3774.0,rank-other,1208
Python,https://github.com/codespell-project/codespell,2021-10-24,3775.0,rank-other,1208
Python,https://github.com/codespell-project/codespell,2021-10-25,3781.0,rank-other,1211
Python,https://github.com/codespell-project/codespell,2021-10-26,3783.0,rank-other,1212
Python,https://github.com/codespell-project/codespell,2021-10-27,3786.0,rank-other,1214
Python,https://github.com/codespell-project/codespell,2021-10-29,3787.0,rank-other,1214
Python,https://github.com/codespell-project/codespell,2021-10-30,3790.0,rank-other,1214
Python,https://github.com/codespell-project/codespell,2021-10-31,3791.0,rank-other,1214
Python,https://github.com/codespell-project/codespell,2021-11-01,3795.0,rank-other,1214
Python,https://github.com/codespell-project/codespell,2021-11-02,3797.0,rank-other,1215
Python,https://github.com/codespell-project/codespell,2021-11-03,3799.0,rank-other,1216
Python,https://github.com/codespell-project/codespell,2021-11-04,3800.0,rank-other,1216
Python,https://github.com/codespell-project/codespell,2021-11-10,3806.0,rank-other,1218
Python,https://github.com/codespell-project/codespell,2021-11-11,3816.0,rank-other,1224
Python,https://github.com/codespell-project/codespell,2021-11-12,3820.0,rank-other,1227
Python,https://github.com/codespell-project/codespell,2021-11-13,3827.0,rank-other,1229
Python,https://github.com/codespell-project/codespell,2021-11-16,3837.0,rank-other,1238
Python,https://github.com/codespell-project/codespell,2021-11-17,3838.0,rank-other,1239
Python,https://github.com/codespell-project/codespell,2021-11-18,3842.0,rank-other,1241
Python,https://github.com/codespell-project/codespell,2021-11-22,3844.0,rank-other,1243
Python,https://github.com/codespell-project/codespell,2021-11-23,3845.0,rank-other,1244
Python,https://github.com/codespell-project/codespell,2021-11-24,3848.0,rank-other,1247
Python,https://github.com/codespell-project/codespell,2021-11-27,3858.0,rank-other,1253
Python,https://github.com/codespell-project/codespell,2021-11-29,3859.0,rank-other,1254
Python,https://github.com/codespell-project/codespell,2021-11-30,3860.0,rank-other,1255
Python,https://github.com/codespell-project/codespell,2021-12-01,3861.0,rank-other,1256
Python,https://github.com/codespell-project/codespell,2021-12-02,3868.0,rank-other,1259
Python,https://github.com/codespell-project/codespell,2021-12-03,3873.0,rank-other,1259
Python,https://github.com/codespell-project/codespell,2021-12-04,3882.0,rank-other,1260
Python,https://github.com/codespell-project/codespell,2021-12-05,3884.0,rank-other,1261
Python,https://github.com/codespell-project/codespell,2021-12-06,3886.0,rank-other,1261
Python,https://github.com/codespell-project/codespell,2021-12-10,3890.0,rank-other,1263
Python,https://github.com/codespell-project/codespell,2021-12-16,3891.0,rank-other,1263
Python,https://github.com/codespell-project/codespell,2021-12-17,3892.0,rank-other,1264
Python,https://github.com/codespell-project/codespell,2021-12-20,3893.0,rank-other,1265
Python,https://github.com/codespell-project/codespell,2021-12-21,3895.0,rank-other,1267
Python,https://github.com/codespell-project/codespell,2021-12-22,3898.0,rank-other,1270
Python,https://github.com/codespell-project/codespell,2021-12-23,3899.0,rank-other,1270
Python,https://github.com/codespell-project/codespell,2021-12-24,3904.0,rank-other,1270
Python,https://github.com/codespell-project/codespell,2021-12-26,3907.0,rank-other,1271
Python,https://github.com/codespell-project/codespell,2021-12-27,3908.0,rank-other,1272
Python,https://github.com/codespell-project/codespell,2021-12-29,3915.0,rank-other,1272
Python,https://github.com/codespell-project/codespell,2021-12-30,3917.0,rank-other,1273
Python,https://github.com/codespell-project/codespell,2022-01-01,3919.0,rank-other,1273
Python,https://github.com/codespell-project/codespell,2022-01-02,3923.0,rank-other,1273
Python,https://github.com/codespell-project/codespell,2022-01-03,3928.0,rank-other,1275
Python,https://github.com/codespell-project/codespell,2022-01-07,3929.0,rank-other,1276
Python,https://github.com/codespell-project/codespell,2022-01-08,3930.0,rank-other,1276
Python,https://github.com/codespell-project/codespell,2022-01-10,3932.0,rank-other,1277
Python,https://github.com/codespell-project/codespell,2022-01-12,3934.0,rank-other,1279
Python,https://github.com/codespell-project/codespell,2022-01-13,3936.0,rank-other,1281
Python,https://github.com/codespell-project/codespell,2022-01-14,3938.0,rank-other,1283
Python,https://github.com/codespell-project/codespell,2022-01-15,3940.0,rank-other,1285
Python,https://github.com/codespell-project/codespell,2022-01-16,3941.0,rank-other,1286
Python,https://github.com/codespell-project/codespell,2022-01-17,3942.0,rank-other,1287
Python,https://github.com/codespell-project/codespell,2022-01-18,3943.0,rank-other,1288
Python,https://github.com/codespell-project/codespell,2022-01-19,3947.0,rank-other,1289
Python,https://github.com/codespell-project/codespell,2022-01-20,3950.0,rank-other,1292
Python,https://github.com/codespell-project/codespell,2022-01-21,3952.0,rank-other,1292
Python,https://github.com/codespell-project/codespell,2022-01-24,3954.0,rank-other,1293
Python,https://github.com/codespell-project/codespell,2022-01-25,3955.0,rank-other,1293
Python,https://github.com/codespell-project/codespell,2022-01-26,3959.0,rank-other,1293
Python,https://github.com/codespell-project/codespell,2022-01-27,3965.0,rank-other,1298
Python,https://github.com/codespell-project/codespell,2022-01-28,3966.0,rank-other,1298
Python,https://github.com/codespell-project/codespell,2022-01-29,3967.0,rank-other,1298
Python,https://github.com/codespell-project/codespell,2022-01-30,3968.0,rank-other,1298
Python,https://github.com/codespell-project/codespell,2022-02-01,3972.0,rank-other,1299
Python,https://github.com/codespell-project/codespell,2022-02-02,3975.0,rank-other,1300
Python,https://github.com/codespell-project/codespell,2022-02-03,3977.0,rank-other,1300
Python,https://github.com/codespell-project/codespell,2022-02-04,3978.0,rank-other,1300
Python,https://github.com/codespell-project/codespell,2022-02-05,3985.0,rank-other,1300
Python,https://github.com/codespell-project/codespell,2022-02-06,3987.0,rank-other,1300
Python,https://github.com/codespell-project/codespell,2022-02-07,3991.0,rank-other,1300
Python,https://github.com/codespell-project/codespell,2022-02-08,3992.0,rank-other,1301
Python,https://github.com/codespell-project/codespell,2022-02-09,3994.0,rank-other,1301
Python,https://github.com/codespell-project/codespell,2022-02-10,3995.0,rank-other,1302
Python,https://github.com/codespell-project/codespell,2022-02-13,3996.0,rank-other,1303
Python,https://github.com/codespell-project/codespell,2022-02-14,4002.0,rank-other,1307
Python,https://github.com/codespell-project/codespell,2022-02-15,4003.0,rank-other,1307
Python,https://github.com/codespell-project/codespell,2022-02-16,4008.0,rank-other,1309
Python,https://github.com/codespell-project/codespell,2022-02-17,4009.0,rank-other,1310
Python,https://github.com/codespell-project/codespell,2022-02-18,4011.0,rank-other,1312
Python,https://github.com/codespell-project/codespell,2022-02-21,4014.0,rank-other,1313
Python,https://github.com/codespell-project/codespell,2022-02-23,4019.0,rank-other,1316
Python,https://github.com/codespell-project/codespell,2022-02-24,4021.0,rank-other,1316
Python,https://github.com/codespell-project/codespell,2022-02-25,4025.0,rank-other,1318
Python,https://github.com/codespell-project/codespell,2022-02-26,4026.0,rank-other,1318
Python,https://github.com/codespell-project/codespell,2022-02-27,4028.0,rank-other,1319
Python,https://github.com/codespell-project/codespell,2022-02-28,4029.0,rank-other,1320
Python,https://github.com/codespell-project/codespell,2022-03-01,4031.0,rank-other,1321
Python,https://github.com/codespell-project/codespell,2022-03-02,4035.0,rank-other,1322
Python,https://github.com/codespell-project/codespell,2022-03-03,4037.0,rank-other,1324
Python,https://github.com/codespell-project/codespell,2022-03-04,4039.0,rank-other,1324
Python,https://github.com/codespell-project/codespell,2022-03-07,4040.0,rank-other,1324
Python,https://github.com/codespell-project/codespell,2022-03-10,4041.0,rank-other,1324
Python,https://github.com/codespell-project/codespell,2022-03-14,4043.0,rank-other,1324
Python,https://github.com/codespell-project/codespell,2022-03-15,4044.0,rank-other,1325
Python,https://github.com/codespell-project/codespell,2022-03-16,4046.0,rank-other,1325
Python,https://github.com/codespell-project/codespell,2022-03-17,4047.0,rank-other,1325
Python,https://github.com/codespell-project/codespell,2022-03-18,4048.0,rank-other,1325
Python,https://github.com/codespell-project/codespell,2022-03-20,4051.0,rank-other,1326
Python,https://github.com/codespell-project/codespell,2022-03-21,4058.0,rank-other,1326
Python,https://github.com/codespell-project/codespell,2022-03-23,4059.0,rank-other,1327
Python,https://github.com/codespell-project/codespell,2022-03-25,4060.0,rank-other,1328
Python,https://github.com/codespell-project/codespell,2022-03-26,4063.0,rank-other,1328
Python,https://github.com/codespell-project/codespell,2022-03-28,4064.0,rank-other,1329
Python,https://github.com/codespell-project/codespell,2022-03-30,4065.0,rank-other,1329
Python,https://github.com/codespell-project/codespell,2022-04-02,4067.0,rank-other,1331
Python,https://github.com/codespell-project/codespell,2022-04-04,4069.0,rank-other,1333
Python,https://github.com/codespell-project/codespell,2022-04-05,4070.0,rank-other,1334
Python,https://github.com/codespell-project/codespell,2022-04-08,4071.0,rank-other,1335
Python,https://github.com/codespell-project/codespell,2022-04-12,4072.0,rank-other,1336
Python,https://github.com/codespell-project/codespell,2022-04-14,4074.0,rank-other,1338
Python,https://github.com/codespell-project/codespell,2022-04-18,4076.0,rank-other,1338
Python,https://github.com/codespell-project/codespell,2022-04-24,4084.0,rank-other,1338
Python,https://github.com/codespell-project/codespell,2022-04-26,4085.0,rank-other,1339
Python,https://github.com/codespell-project/codespell,2022-04-29,4089.0,rank-other,1342
Python,https://github.com/codespell-project/codespell,2022-04-30,4091.0,rank-other,1343
Python,https://github.com/codespell-project/codespell,2022-05-04,4092.0,rank-other,1344
Python,https://github.com/codespell-project/codespell,2022-05-05,4093.0,rank-other,1344
Python,https://github.com/codespell-project/codespell,2022-05-06,4096.0,rank-other,1346
Python,https://github.com/codespell-project/codespell,2022-05-08,4099.0,rank-other,1347
Python,https://github.com/codespell-project/codespell,2022-05-10,4101.0,rank-other,1348
Python,https://github.com/codespell-project/codespell,2022-05-24,4102.0,rank-other,1349
Python,https://github.com/codespell-project/codespell,2022-05-26,4103.0,rank-other,1349
Python,https://github.com/codespell-project/codespell,2022-06-03,4104.0,rank-other,1349
Python,https://github.com/codespell-project/codespell,2022-06-06,4108.0,rank-other,1351
Python,https://github.com/codespell-project/codespell,2022-06-09,4118.0,rank-other,1354
Python,https://github.com/codespell-project/codespell,2022-06-10,4119.0,rank-other,1354
Python,https://github.com/codespell-project/codespell,2022-06-12,4121.0,rank-other,1356
Python,https://github.com/codespell-project/codespell,2022-06-13,4124.0,rank-other,1357
Python,https://github.com/codespell-project/codespell,2022-06-14,4126.0,rank-other,1358
Python,https://github.com/codespell-project/codespell,2022-06-16,4127.0,rank-other,1358
Python,https://github.com/codespell-project/codespell,2022-06-17,4128.0,rank-other,1359
Python,https://github.com/codespell-project/codespell,2022-06-22,4130.0,rank-other,1360
Python,https://github.com/codespell-project/codespell,2022-06-23,4135.0,rank-other,1361
Python,https://github.com/codespell-project/codespell,2022-06-25,4138.0,rank-other,1362
Python,https://github.com/codespell-project/codespell,2022-06-26,4140.0,rank-other,1362
Python,https://github.com/codespell-project/codespell,2022-06-27,4142.0,rank-other,1363
Python,https://github.com/codespell-project/codespell,2022-07-01,4143.0,rank-other,1363
Python,https://github.com/codespell-project/codespell,2022-07-04,4146.0,rank-other,1366
Python,https://github.com/codespell-project/codespell,2022-07-05,4148.0,rank-other,1368
Python,https://github.com/codespell-project/codespell,2022-07-07,4149.0,rank-other,1369
Python,https://github.com/codespell-project/codespell,2022-07-09,4154.0,rank-other,1369
Python,https://github.com/codespell-project/codespell,2022-07-10,4156.0,rank-other,1369
Python,https://github.com/codespell-project/codespell,2022-07-12,4158.0,rank-other,1369
Python,https://github.com/codespell-project/codespell,2022-07-13,4159.0,rank-other,1369
Python,https://github.com/codespell-project/codespell,2022-07-14,4161.0,rank-other,1370
Python,https://github.com/codespell-project/codespell,2022-07-17,4163.0,rank-other,1371
Python,https://github.com/codespell-project/codespell,2022-07-19,4167.0,rank-other,1373
Python,https://github.com/codespell-project/codespell,2022-07-20,4170.0,rank-other,1374
Python,https://github.com/codespell-project/codespell,2022-07-21,4171.0,rank-other,1375
Python,https://github.com/codespell-project/codespell,2022-07-23,4172.0,rank-other,1375
Python,https://github.com/codespell-project/codespell,2022-07-28,4174.0,rank-other,1376
Python,https://github.com/codespell-project/codespell,2022-07-29,4175.0,rank-other,1376
Python,https://github.com/codespell-project/codespell,2022-07-30,4176.0,rank-other,1376
Python,https://github.com/codespell-project/codespell,2022-07-31,4177.0,rank-other,1376
Python,https://github.com/codespell-project/codespell,2022-08-01,4180.0,rank-other,1378
Python,https://github.com/codespell-project/codespell,2022-08-02,4182.0,rank-other,1378
Python,https://github.com/codespell-project/codespell,2022-08-03,4188.0,rank-other,1380
Python,https://github.com/codespell-project/codespell,2022-08-04,4194.0,rank-other,1380
Python,https://github.com/codespell-project/codespell,2022-08-09,4198.0,rank-other,1380
Python,https://github.com/codespell-project/codespell,2022-08-10,4203.0,rank-other,1381
Python,https://github.com/codespell-project/codespell,2022-08-13,4204.0,rank-other,1382
Python,https://github.com/codespell-project/codespell,2022-08-16,4205.0,rank-other,1382
Python,https://github.com/codespell-project/codespell,2022-08-17,4209.0,rank-other,1383
Python,https://github.com/codespell-project/codespell,2022-08-18,4214.0,rank-other,1385
Python,https://github.com/codespell-project/codespell,2022-08-19,4220.0,rank-other,1391
Python,https://github.com/codespell-project/codespell,2022-08-20,4222.0,rank-other,1392
Python,https://github.com/codespell-project/codespell,2022-08-21,4223.0,rank-other,1393
Python,https://github.com/codespell-project/codespell,2022-08-23,4225.0,rank-other,1394
Python,https://github.com/codespell-project/codespell,2022-08-24,4228.0,rank-other,1397
Python,https://github.com/codespell-project/codespell,2022-08-25,4229.0,rank-other,1398
Python,https://github.com/codespell-project/codespell,2022-08-26,4230.0,rank-other,1399
Python,https://github.com/codespell-project/codespell,2022-08-27,4233.0,rank-other,1400
Python,https://github.com/codespell-project/codespell,2022-08-29,4236.0,rank-other,1400
Python,https://github.com/codespell-project/codespell,2022-08-30,4237.0,rank-other,1400
Python,https://github.com/codespell-project/codespell,2022-08-31,4239.0,rank-other,1401
Python,https://github.com/codespell-project/codespell,2022-09-01,4241.0,rank-other,1402
Python,https://github.com/codespell-project/codespell,2022-09-04,4242.0,rank-other,1402
Python,https://github.com/codespell-project/codespell,2022-09-06,4243.0,rank-other,1403
Python,https://github.com/codespell-project/codespell,2022-09-07,4245.0,rank-other,1405
Python,https://github.com/codespell-project/codespell,2022-09-08,4246.0,rank-other,1406
Python,https://github.com/codespell-project/codespell,2022-09-10,4247.0,rank-other,1407
Python,https://github.com/codespell-project/codespell,2022-09-11,4252.0,rank-other,1409
Python,https://github.com/codespell-project/codespell,2022-09-12,4253.0,rank-other,1409
Python,https://github.com/codespell-project/codespell,2022-09-14,4254.0,rank-other,1410
Python,https://github.com/codespell-project/codespell,2022-09-16,4255.0,rank-other,1411
Python,https://github.com/codespell-project/codespell,2022-09-18,4256.0,rank-other,1412
Python,https://github.com/codespell-project/codespell,2022-09-25,4257.0,rank-other,1413
Python,https://github.com/codespell-project/codespell,2022-09-26,4261.0,rank-other,1416
Python,https://github.com/codespell-project/codespell,2022-10-03,4264.0,rank-other,1419
Python,https://github.com/codespell-project/codespell,2022-10-04,4267.0,rank-other,1422
Python,https://github.com/codespell-project/codespell,2022-10-05,4277.0,rank-other,1425
Python,https://github.com/codespell-project/codespell,2022-10-06,4280.0,rank-other,1425
Python,https://github.com/codespell-project/codespell,2022-10-08,4281.0,rank-other,1426
Python,https://github.com/codespell-project/codespell,2022-10-11,4286.0,rank-other,1428
Python,https://github.com/codespell-project/codespell,2022-10-12,4288.0,rank-other,1430
Python,https://github.com/codespell-project/codespell,2022-10-14,4295.0,rank-other,1432
Python,https://github.com/codespell-project/codespell,2022-10-16,4296.0,rank-other,1433
Python,https://github.com/codespell-project/codespell,2022-10-17,4305.0,rank-other,1437
Python,https://github.com/codespell-project/codespell,2022-10-18,4309.0,rank-other,1440
Python,https://github.com/codespell-project/codespell,2022-10-19,4317.0,rank-other,1441
Python,https://github.com/codespell-project/codespell,2022-10-20,4320.0,rank-other,1444
Python,https://github.com/codespell-project/codespell,2022-10-21,4321.0,rank-other,1445
Python,https://github.com/codespell-project/codespell,2022-10-23,4329.0,rank-other,1448
Python,https://github.com/codespell-project/codespell,2022-10-24,4331.0,rank-other,1449
Python,https://github.com/codespell-project/codespell,2022-10-25,4332.0,rank-other,1450
Python,https://github.com/codespell-project/codespell,2022-10-26,4333.0,rank-other,1451
Python,https://github.com/codespell-project/codespell,2022-10-27,4334.0,rank-other,1452
Python,https://github.com/codespell-project/codespell,2022-10-28,4335.0,rank-other,1453
Python,https://github.com/codespell-project/codespell,2022-10-29,4338.0,rank-other,1456
Python,https://github.com/codespell-project/codespell,2022-10-30,4343.0,rank-other,1458
Python,https://github.com/codespell-project/codespell,2022-10-31,4358.0,rank-other,1469
Python,https://github.com/codespell-project/codespell,2022-11-02,4366.0,rank-other,1474
Python,https://github.com/codespell-project/codespell,2022-11-03,4367.0,rank-other,1475
Python,https://github.com/codespell-project/codespell,2022-11-04,4368.0,rank-other,1476
Python,https://github.com/codespell-project/codespell,2022-11-06,4372.0,rank-other,1480
Python,https://github.com/codespell-project/codespell,2022-11-07,4377.0,rank-other,1484
Python,https://github.com/codespell-project/codespell,2022-11-08,4378.0,rank-other,1485
Python,https://github.com/codespell-project/codespell,2022-11-11,4379.0,rank-other,1486
Python,https://github.com/codespell-project/codespell,2022-11-13,4380.0,rank-other,1487
Python,https://github.com/codespell-project/codespell,2022-11-15,4381.0,rank-other,1488
Python,https://github.com/codespell-project/codespell,2022-11-16,4382.0,rank-other,1489
Python,https://github.com/codespell-project/codespell,2022-11-17,4388.0,rank-other,1493
Python,https://github.com/codespell-project/codespell,2022-11-18,4390.0,rank-other,1494
Python,https://github.com/codespell-project/codespell,2022-11-19,4398.0,rank-other,1501
Python,https://github.com/codespell-project/codespell,2022-11-20,4401.0,rank-other,1502
Python,https://github.com/codespell-project/codespell,2022-11-21,4402.0,rank-other,1503
Python,https://github.com/codespell-project/codespell,2022-11-23,4403.0,rank-other,1504
Python,https://github.com/codespell-project/codespell,2022-11-25,4405.0,rank-other,1506
Python,https://github.com/codespell-project/codespell,2022-11-26,4406.0,rank-other,1507
Python,https://github.com/codespell-project/codespell,2022-11-27,4407.0,rank-other,1508
Python,https://github.com/codespell-project/codespell,2022-11-28,4410.0,rank-other,1511
Python,https://github.com/codespell-project/codespell,2022-11-29,4412.0,rank-other,1513
Python,https://github.com/codespell-project/codespell,2022-12-01,4413.0,rank-other,1514
Python,https://github.com/codespell-project/codespell,2022-12-05,4414.0,rank-other,1515
Python,https://github.com/codespell-project/codespell,2022-12-06,4419.0,rank-other,1520
Python,https://github.com/codespell-project/codespell,2022-12-07,4421.0,rank-other,1522
Python,https://github.com/codespell-project/codespell,2022-12-09,4425.0,rank-other,1526
Python,https://github.com/codespell-project/codespell,2022-12-12,4428.0,rank-other,1529
Python,https://github.com/codespell-project/codespell,2022-12-16,4432.0,rank-other,1532
Python,https://github.com/codespell-project/codespell,2022-12-17,4434.0,rank-other,1534
Python,https://github.com/codespell-project/codespell,2022-12-18,4435.0,rank-other,1535
Python,https://github.com/codespell-project/codespell,2022-12-22,4436.0,rank-other,1536
Python,https://github.com/codespell-project/codespell,2022-12-23,4440.0,rank-other,1540
Python,https://github.com/codespell-project/codespell,2022-12-24,4441.0,rank-other,1541
Python,https://github.com/codespell-project/codespell,2022-12-26,4465.0,rank-other,1565
Python,https://github.com/codespell-project/codespell,2022-12-27,4470.0,rank-other,1570
Python,https://github.com/codespell-project/codespell,2022-12-28,4483.0,rank-other,1583
Python,https://github.com/codespell-project/codespell,2022-12-29,4494.0,rank-other,1594
Python,https://github.com/codespell-project/codespell,2023-01-01,4495.0,rank-other,1595
Python,https://github.com/codespell-project/codespell,2023-01-02,4500.0,rank-other,1600
Python,https://github.com/codespell-project/codespell,2023-01-03,4507.0,rank-other,1607
Python,https://github.com/codespell-project/codespell,2023-01-04,4511.0,rank-other,1611
Python,https://github.com/codespell-project/codespell,2023-01-05,4513.0,rank-other,1613
Python,https://github.com/codespell-project/codespell,2023-01-06,4514.0,rank-other,1614
Python,https://github.com/codespell-project/codespell,2023-01-07,4515.0,rank-other,1615
Python,https://github.com/codespell-project/codespell,2023-01-12,4518.0,rank-other,1618
Python,https://github.com/codespell-project/codespell,2023-01-13,4521.0,rank-other,1621
Python,https://github.com/codespell-project/codespell,2023-01-15,4522.0,rank-other,1622
Python,https://github.com/codespell-project/codespell,2023-01-17,4523.0,rank-other,1623
Python,https://github.com/codespell-project/codespell,2023-01-18,4525.0,rank-other,1625
Python,https://github.com/codespell-project/codespell,2023-01-25,4527.0,rank-other,1627
Python,https://github.com/codespell-project/codespell,2023-01-26,4528.0,rank-other,1628
Python,https://github.com/codespell-project/codespell,2023-02-01,4531.0,rank-other,1631
Python,https://github.com/codespell-project/codespell,2023-02-04,4532.0,rank-other,1631
Python,https://github.com/codespell-project/codespell,2023-02-05,4533.0,rank-other,1631
Python,https://github.com/codespell-project/codespell,2023-02-08,4535.0,rank-other,1633
Python,https://github.com/codespell-project/codespell,2023-02-10,4537.0,rank-other,1635
Python,https://github.com/codespell-project/codespell,2023-02-11,4542.0,rank-other,1637
Python,https://github.com/codespell-project/codespell,2023-02-12,4543.0,rank-other,1638
Python,https://github.com/codespell-project/codespell,2023-02-14,4547.0,rank-other,1642
Python,https://github.com/codespell-project/codespell,2023-02-18,4552.0,rank-other,1647
Python,https://github.com/codespell-project/codespell,2023-02-19,4554.0,rank-other,1649
Python,https://github.com/codespell-project/codespell,2023-02-20,4557.0,rank-other,1652
Python,https://github.com/codespell-project/codespell,2023-02-22,4558.0,rank-other,1653
Python,https://github.com/codespell-project/codespell,2023-02-23,4559.0,rank-other,1654
Python,https://github.com/codespell-project/codespell,2023-02-28,4560.0,rank-other,1655
Python,https://github.com/codespell-project/codespell,2023-03-01,4563.0,rank-other,1658
Python,https://github.com/codespell-project/codespell,2023-03-03,4564.0,rank-other,1659
Python,https://github.com/codespell-project/codespell,2023-03-06,4565.0,rank-other,1660
Python,https://github.com/codespell-project/codespell,2023-03-07,4567.0,rank-other,1662
Python,https://github.com/codespell-project/codespell,2023-03-08,4569.0,rank-other,1663
Python,https://github.com/codespell-project/codespell,2023-03-09,4571.0,rank-other,1665
Python,https://github.com/codespell-project/codespell,2023-03-10,4576.0,rank-other,1670
Python,https://github.com/codespell-project/codespell,2023-03-11,4577.0,rank-other,1671
Python,https://github.com/codespell-project/codespell,2023-03-12,4579.0,rank-other,1673
Python,https://github.com/codespell-project/codespell,2023-03-13,4580.0,rank-other,1674
Python,https://github.com/codespell-project/codespell,2023-03-14,4584.0,rank-other,1677
Python,https://github.com/codespell-project/codespell,2023-03-15,4586.0,rank-other,1679
Python,https://github.com/codespell-project/codespell,2023-03-18,4588.0,rank-other,1681
Python,https://github.com/codespell-project/codespell,2023-03-20,4590.0,rank-other,1683
Python,https://github.com/codespell-project/codespell,2023-03-21,4591.0,rank-other,1684
Python,https://github.com/codespell-project/codespell,2023-03-22,4592.0,rank-other,1685
Python,https://github.com/codespell-project/codespell,2023-03-24,4593.0,rank-other,1686
Python,https://github.com/codespell-project/codespell,2023-03-25,4594.0,rank-other,1686
Python,https://github.com/codespell-project/codespell,2023-03-27,4595.0,rank-other,1687
Python,https://github.com/codespell-project/codespell,2023-03-28,4597.0,rank-other,1688
Python,https://github.com/codespell-project/codespell,2023-03-29,4600.0,rank-other,1688
Python,https://github.com/codespell-project/codespell,2023-03-30,4605.0,rank-other,1688
Python,https://github.com/codespell-project/codespell,2023-03-31,4606.0,rank-other,1688
Python,https://github.com/codespell-project/codespell,2023-04-02,4607.0,rank-other,1688
Python,https://github.com/codespell-project/codespell,2023-04-16,4608.0,rank-other,1688
Python,https://github.com/codespell-project/codespell,2023-04-17,4610.0,rank-other,1690
Python,https://github.com/codespell-project/codespell,2023-04-18,4611.0,rank-other,1690
Python,https://github.com/codespell-project/codespell,2023-04-19,4612.0,rank-other,1691
Python,https://github.com/codespell-project/codespell,2023-04-21,4616.0,rank-other,1695
Python,https://github.com/codespell-project/codespell,2023-04-23,4617.0,rank-other,1695
Python,https://github.com/codespell-project/codespell,2023-04-24,4618.0,rank-other,1696
Python,https://github.com/codespell-project/codespell,2023-04-26,4620.0,rank-other,1698
Python,https://github.com/codespell-project/codespell,2023-04-27,4628.0,rank-other,1703
Python,https://github.com/codespell-project/codespell,2023-04-28,4629.0,rank-other,1704
Python,https://github.com/codespell-project/codespell,2023-05-01,4630.0,rank-other,1704
Python,https://github.com/codespell-project/codespell,2023-05-02,4631.0,rank-other,1705
Python,https://github.com/codespell-project/codespell,2023-05-07,4632.0,rank-other,1705
Python,https://github.com/codespell-project/codespell,2023-05-09,4635.0,rank-other,1708
Python,https://github.com/codespell-project/codespell,2023-05-11,4638.0,rank-other,1709
Python,https://github.com/codespell-project/codespell,2023-05-17,4641.0,rank-other,1712
Python,https://github.com/codespell-project/codespell,2023-05-19,4642.0,rank-other,1713
Python,https://github.com/codespell-project/codespell,2023-05-23,4643.0,rank-other,1714
Python,https://github.com/codespell-project/codespell,2023-05-25,4644.0,rank-other,1715
Python,https://github.com/codespell-project/codespell,2023-05-30,4645.0,rank-other,1716
Python,https://github.com/codespell-project/codespell,2023-06-05,4647.0,rank-other,1718
Python,https://github.com/codespell-project/codespell,2023-06-06,4648.0,rank-other,1719
Python,https://github.com/codespell-project/codespell,2023-06-08,4649.0,rank-other,1720
Python,https://github.com/codespell-project/codespell,2023-06-10,4650.0,rank-other,1721
Python,https://github.com/codespell-project/codespell,2023-06-11,4652.0,rank-other,1721
Python,https://github.com/codespell-project/codespell,2023-06-14,4655.0,rank-other,1724
Python,https://github.com/codespell-project/codespell,2023-06-15,4656.0,rank-other,1724
Python,https://github.com/codespell-project/codespell,2023-06-18,4660.0,rank-other,1728
Python,https://github.com/codespell-project/codespell,2023-06-19,4663.0,rank-other,1731
Python,https://github.com/codespell-project/codespell,2023-06-20,4667.0,rank-other,1735
Python,https://github.com/codespell-project/codespell,2023-06-21,4668.0,rank-other,1736
Python,https://github.com/codespell-project/codespell,2023-06-22,4672.0,rank-other,1737
Python,https://github.com/codespell-project/codespell,2023-06-23,4673.0,rank-other,1738
Python,https://github.com/codespell-project/codespell,2023-06-24,4674.0,rank-other,1739
Python,https://github.com/codespell-project/codespell,2023-06-26,4678.0,rank-other,1742
Python,https://github.com/codespell-project/codespell,2023-06-27,4680.0,rank-other,1743
Python,https://github.com/codespell-project/codespell,2023-06-28,4683.0,rank-other,1746
Python,https://github.com/codespell-project/codespell,2023-06-29,4684.0,rank-other,1746
Python,https://github.com/codespell-project/codespell,2023-06-30,4686.0,rank-other,1748
Python,https://github.com/codespell-project/codespell,2023-07-01,4691.0,rank-other,1752
Python,https://github.com/codespell-project/codespell,2023-07-03,4692.0,rank-other,1753
Python,https://github.com/codespell-project/codespell,2023-07-04,4695.0,rank-other,1756
Python,https://github.com/codespell-project/codespell,2023-07-05,4697.0,rank-other,1758
Python,https://github.com/codespell-project/codespell,2023-07-06,4698.0,rank-other,1759
Python,https://github.com/codespell-project/codespell,2023-07-07,4701.0,rank-other,1762
Python,https://github.com/codespell-project/codespell,2023-07-08,4708.0,rank-other,1767
Python,https://github.com/codespell-project/codespell,2023-07-09,4717.0,rank-other,1775
Python,https://github.com/codespell-project/codespell,2023-07-10,4720.0,rank-other,1778
Python,https://github.com/codespell-project/codespell,2023-07-12,4722.0,rank-other,1780
Python,https://github.com/codespell-project/codespell,2023-07-13,4723.0,rank-other,1781
Python,https://github.com/codespell-project/codespell,2023-07-14,4725.0,rank-other,1783
Python,https://github.com/codespell-project/codespell,2023-07-15,4727.0,rank-other,1785
Python,https://github.com/codespell-project/codespell,2023-07-17,4730.0,rank-other,1788
Python,https://github.com/codespell-project/codespell,2023-07-18,4733.0,rank-other,1791
Python,https://github.com/codespell-project/codespell,2023-07-20,4735.0,rank-other,1793
Python,https://github.com/codespell-project/codespell,2023-07-23,4738.0,rank-other,1796
Python,https://github.com/codespell-project/codespell,2023-07-24,4741.0,rank-other,1799
Python,https://github.com/codespell-project/codespell,2023-07-25,4744.0,rank-other,1802
Python,https://github.com/codespell-project/codespell,2023-07-26,4746.0,rank-other,1804
Python,https://github.com/codespell-project/codespell,2023-07-27,4749.0,rank-other,1807
Python,https://github.com/codespell-project/codespell,2023-07-28,4752.0,rank-other,1809
Python,https://github.com/codespell-project/codespell,2023-07-29,4754.0,rank-other,1811
Python,https://github.com/codespell-project/codespell,2023-07-30,4757.0,rank-other,1814
Python,https://github.com/codespell-project/codespell,2023-07-31,4760.0,rank-other,1817
Python,https://github.com/codespell-project/codespell,2023-08-01,4765.0,rank-other,1822
Python,https://github.com/codespell-project/codespell,2023-08-04,4767.0,rank-other,1824
Python,https://github.com/codespell-project/codespell,2023-08-05,4769.0,rank-other,1826
Python,https://github.com/codespell-project/codespell,2023-08-06,4775.0,rank-other,1829
Python,https://github.com/codespell-project/codespell,2023-08-07,4779.0,rank-other,1833
Python,https://github.com/codespell-project/codespell,2023-08-08,4782.0,rank-other,1836
Python,https://github.com/codespell-project/codespell,2023-08-09,4792.0,rank-other,1840
Python,https://github.com/codespell-project/codespell,2023-08-10,4793.0,rank-other,1841
Python,https://github.com/codespell-project/codespell,2023-08-11,4797.0,rank-other,1845
Python,https://github.com/codespell-project/codespell,2023-08-13,4799.0,rank-other,1847
Python,https://github.com/codespell-project/codespell,2023-08-14,4800.0,rank-other,1848
Python,https://github.com/codespell-project/codespell,2023-08-15,4802.0,rank-other,1850
Python,https://github.com/codespell-project/codespell,2023-08-20,4803.0,rank-other,1851
Python,https://github.com/codespell-project/codespell,2023-08-21,4806.0,rank-other,1854
Python,https://github.com/codespell-project/codespell,2023-08-25,4807.0,rank-other,1855
Python,https://github.com/codespell-project/codespell,2023-08-26,4808.0,rank-other,1856
Python,https://github.com/codespell-project/codespell,2023-08-28,4813.0,rank-other,1861
Python,https://github.com/codespell-project/codespell,2023-08-29,4814.0,rank-other,1862
Python,https://github.com/codespell-project/codespell,2023-08-30,4816.0,rank-other,1864
Python,https://github.com/codespell-project/codespell,2023-08-31,4819.0,rank-other,1867
Python,https://github.com/codespell-project/codespell,2023-09-01,4821.0,rank-other,1869
Python,https://github.com/codespell-project/codespell,2023-09-02,4822.0,rank-other,1870
Python,https://github.com/codespell-project/codespell,2023-09-03,4824.0,rank-other,1871
Python,https://github.com/codespell-project/codespell,2023-09-04,4828.0,rank-other,1875
Python,https://github.com/codespell-project/codespell,2023-09-05,4830.0,rank-other,1877
Python,https://github.com/codespell-project/codespell,2023-09-06,4832.0,rank-other,1879
Python,https://github.com/codespell-project/codespell,2023-09-08,4834.0,rank-other,1881
Python,https://github.com/codespell-project/codespell,2023-09-10,4835.0,rank-other,1882
Python,https://github.com/codespell-project/codespell,2023-09-11,4836.0,rank-other,1883
Python,https://github.com/codespell-project/codespell,2023-09-12,4838.0,rank-other,1885
Python,https://github.com/codespell-project/codespell,2023-09-13,4840.0,rank-other,1887
Python,https://github.com/codespell-project/codespell,2023-09-14,4842.0,rank-other,1889
Python,https://github.com/codespell-project/codespell,2023-09-15,4844.0,rank-other,1891
Python,https://github.com/codespell-project/codespell,2023-09-17,4847.0,rank-other,1893
Python,https://github.com/codespell-project/codespell,2023-09-18,4849.0,rank-other,1895
Python,https://github.com/codespell-project/codespell,2023-09-19,4850.0,rank-other,1896
Python,https://github.com/codespell-project/codespell,2023-09-21,4851.0,rank-other,1897
Python,https://github.com/codespell-project/codespell,2023-09-22,4853.0,rank-other,1899
Python,https://github.com/codespell-project/codespell,2023-09-23,4854.0,rank-other,1900
Python,https://github.com/codespell-project/codespell,2023-09-24,4855.0,rank-other,1901
Python,https://github.com/codespell-project/codespell,2023-09-25,4856.0,rank-other,1902
Python,https://github.com/codespell-project/codespell,2023-09-26,4857.0,rank-other,1903
Python,https://github.com/codespell-project/codespell,2023-09-27,4859.0,rank-other,1905
Python,https://github.com/codespell-project/codespell,2023-09-28,4861.0,rank-other,1907
Python,https://github.com/codespell-project/codespell,2023-09-29,4862.0,rank-other,1908
Python,https://github.com/codespell-project/codespell,2023-10-01,4863.0,rank-other,1909
Python,https://github.com/codespell-project/codespell,2023-10-02,4864.0,rank-other,1910
Python,https://github.com/codespell-project/codespell,2023-10-04,4866.0,rank-other,1912
Python,https://github.com/codespell-project/codespell,2023-10-05,4868.0,rank-other,1914
Python,https://github.com/codespell-project/codespell,2023-10-08,4871.0,rank-other,1917
Python,https://github.com/codespell-project/codespell,2023-10-09,4872.0,rank-other,1918
Python,https://github.com/codespell-project/codespell,2023-10-11,4873.0,rank-other,1919
Python,https://github.com/codespell-project/codespell,2023-10-12,4874.0,rank-other,1920
Python,https://github.com/codespell-project/codespell,2023-10-14,4875.0,rank-other,1921
Python,https://github.com/codespell-project/codespell,2023-10-16,4876.0,rank-other,1922
Python,https://github.com/codespell-project/codespell,2023-10-17,4878.0,rank-other,1924
Python,https://github.com/codespell-project/codespell,2023-10-18,4880.0,rank-other,1926
Python,https://github.com/codespell-project/codespell,2023-10-19,4881.0,rank-other,1927
Python,https://github.com/codespell-project/codespell,2023-10-20,4882.0,rank-other,1928
Python,https://github.com/codespell-project/codespell,2023-10-21,4883.0,rank-other,1928
Python,https://github.com/codespell-project/codespell,2023-10-22,4885.0,rank-other,1930
Python,https://github.com/codespell-project/codespell,2023-10-23,4887.0,rank-other,1932
Python,https://github.com/codespell-project/codespell,2023-10-24,4891.0,rank-other,1936
Python,https://github.com/codespell-project/codespell,2023-10-25,4892.0,rank-other,1937
Python,https://github.com/codespell-project/codespell,2023-10-27,4896.0,rank-other,1941
Python,https://github.com/codespell-project/codespell,2023-10-28,4897.0,rank-other,1942
Python,https://github.com/codespell-project/codespell,2023-10-29,4898.0,rank-other,1943
Python,https://github.com/codespell-project/codespell,2023-10-30,4900.0,rank-other,1945
Python,https://github.com/codespell-project/codespell,2023-10-31,4902.0,rank-other,1947
Python,https://github.com/codespell-project/codespell,2023-11-01,4903.0,rank-other,1948
Python,https://github.com/codespell-project/codespell,2023-11-03,4904.0,rank-other,1949
Python,https://github.com/codespell-project/codespell,2023-11-05,4905.0,rank-other,1950
Python,https://github.com/codespell-project/codespell,2023-11-06,4907.0,rank-other,1952
Python,https://github.com/codespell-project/codespell,2023-11-08,4909.0,rank-other,1954
Python,https://github.com/codespell-project/codespell,2023-11-13,4911.0,rank-other,1956
Python,https://github.com/codespell-project/codespell,2023-11-14,4913.0,rank-other,1958
Python,https://github.com/codespell-project/codespell,2023-11-16,4914.0,rank-other,1959
Python,https://github.com/codespell-project/codespell,2023-11-20,4916.0,rank-other,1961
Python,https://github.com/codespell-project/codespell,2023-11-21,4917.0,rank-other,1962
Python,https://github.com/codespell-project/codespell,2023-11-22,4918.0,rank-other,1963
Python,https://github.com/codespell-project/codespell,2023-11-23,4919.0,rank-other,1964
Python,https://github.com/codespell-project/codespell,2023-11-27,4921.0,rank-other,1966
Python,https://github.com/codespell-project/codespell,2023-11-29,4922.0,rank-other,1966
Python,https://github.com/codespell-project/codespell,2023-11-30,4923.0,rank-other,1967
Python,https://github.com/codespell-project/codespell,2023-12-02,4924.0,rank-other,1968
